-1.633340120315551758e-01 -1.903897672891616821e-01 3.330677151679992676e-01
-1.331800520420074463e-01 -9.840263426303863525e-02 3.417424857616424561e-01
-1.809600740671157837e-01 -2.910626530647277832e-01 3.153173923492431641e-01
-2.065557092428207397e-01 -2.453555166721343994e-01 3.252535760402679443e-01
-1.824004501104354858e-01 -2.803192734718322754e-01 3.421848714351654053e-01
-1.926922947168350220e-01 -2.775309383869171143e-01 3.401478826999664307e-01
-1.926850825548171997e-01 -2.736232578754425049e-01 3.368401527404785156e-01
-1.796635240316390991e-01 -1.896307170391082764e-01 3.230803608894348145e-01
-1.864105463027954102e-01 -2.698647379875183105e-01 3.621546030044555664e-01
-1.827815175056457520e-01 -2.927205860614776611e-01 3.203563392162322998e-01
-1.894135028123855591e-01 -2.825622558593750000e-01 3.584406077861785889e-01
-1.570365875959396362e-01 -1.558268964290618896e-01 3.309635519981384277e-01
-1.944254636764526367e-01 -2.702594101428985596e-01 3.215095996856689453e-01
-1.730678677558898926e-01 -2.053523659706115723e-01 3.338559567928314209e-01
-1.797886043787002563e-01 -2.697452008724212646e-01 3.736223280429840088e-01
-1.671393364667892456e-01 -2.660429179668426514e-01 3.206435143947601318e-01
-1.839367598295211792e-01 -2.809268534183502197e-01 3.838814198970794678e-01
-1.739378273487091064e-01 -1.828727126121520996e-01 3.263167738914489746e-01
-1.899800300598144531e-01 -2.763886153697967529e-01 3.593311011791229248e-01
-1.688860505819320679e-01 -1.997644901275634766e-01 3.295582532882690430e-01
-1.872807592153549194e-01 -2.799975574016571045e-01 3.447368144989013672e-01
-1.590395271778106689e-01 -1.733777374029159546e-01 3.364414870738983154e-01
-1.687117367982864380e-01 -2.862157523632049561e-01 3.382048010826110840e-01
-1.395281255245208740e-01 -9.048161655664443970e-02 3.391538858413696289e-01
-1.830767393112182617e-01 -2.438386827707290649e-01 3.277036845684051514e-01
-1.566665619611740112e-01 -1.703028976917266846e-01 3.300303220748901367e-01
-1.978150755167007446e-01 -2.530262768268585205e-01 3.202135562896728516e-01
-1.975501477718353271e-01 -2.704302668571472168e-01 3.202568590641021729e-01
-2.372290045022964478e-01 -1.673620641231536865e-01 2.992814183235168457e-01
-1.717060208320617676e-01 -2.763680815696716309e-01 3.320090472698211670e-01
-2.394381463527679443e-01 -1.770349889993667603e-01 3.054424524307250977e-01
-1.882348954677581787e-01 -2.740799188613891602e-01 3.638686835765838623e-01
-1.667498648166656494e-01 -2.763259708881378174e-01 3.418664038181304932e-01
-1.919425278902053833e-01 -2.480273395776748657e-01 3.213860094547271729e-01
-1.928854882717132568e-01 -2.804836928844451904e-01 3.125084042549133301e-01
-1.387826055288314819e-01 -1.093488931655883789e-01 3.423081040382385254e-01
-1.912954300642013550e-01 -2.776785492897033691e-01 3.142564296722412109e-01
-1.894560754299163818e-01 -2.773666381835937500e-01 3.115736246109008789e-01
-1.682598739862442017e-01 -1.933149695396423340e-01 3.262791633605957031e-01
-1.961470544338226318e-01 -2.808646857738494873e-01 3.225446045398712158e-01
-1.940527409315109253e-01 -2.729204595088958740e-01 3.513781428337097168e-01
-1.997570246458053589e-01 -2.893854081630706787e-01 3.220308125019073486e-01
-1.822235137224197388e-01 -2.825645208358764648e-01 3.204086124897003174e-01
-1.857263594865798950e-01 -2.748188078403472900e-01 3.204044103622436523e-01
-1.448577493429183960e-01 -8.320104330778121948e-02 3.436483740806579590e-01
-1.568258106708526611e-01 -9.262904524803161621e-02 3.282272517681121826e-01
-1.982000917196273804e-01 -2.532484531402587891e-01 3.222303688526153564e-01
-2.400080859661102295e-01 -1.625520139932632446e-01 3.018381297588348389e-01
-1.697903126478195190e-01 -2.663260400295257568e-01 3.633157014846801758e-01
-1.996387243270874023e-01 -1.677247285842895508e-01 3.122881650924682617e-01
-2.070040106773376465e-01 -2.613541781902313232e-01 3.218649029731750488e-01
-1.845048666000366211e-01 -2.751019895076751709e-01 3.599885702133178711e-01
-1.726975440979003906e-01 -2.760554850101470947e-01 3.401884138584136963e-01
-1.544438898563385010e-01 -2.731046676635742188e-01 3.348864912986755371e-01
-1.956220865249633789e-01 -2.548571527004241943e-01 3.275844454765319824e-01
-1.986769884824752808e-01 -2.741066813468933105e-01 3.463470935821533203e-01
-1.731513738632202148e-01 -2.750555574893951416e-01 3.498211503028869629e-01
-1.861908137798309326e-01 -2.643469870090484619e-01 3.069075942039489746e-01
-1.947282850742340088e-01 -2.512733638286590576e-01 3.096827268600463867e-01
-1.904771625995635986e-01 -2.392160743474960327e-01 3.263858556747436523e-01
-1.823254227638244629e-01 -2.620387077331542969e-01 3.580188453197479248e-01
-1.494910120964050293e-01 -9.322413057088851929e-02 3.293592929840087891e-01
-9.491143375635147095e-02 -1.229014173150062561e-01 4.544200897216796875e-01
-1.848550885915756226e-01 -2.692925035953521729e-01 3.659719526767730713e-01
-1.703560203313827515e-01 -2.841969132423400879e-01 3.637470901012420654e-01
-1.682741791009902954e-01 -2.683205306529998779e-01 3.388466835021972656e-01
-1.842216700315475464e-01 -2.450353354215621948e-01 3.311367034912109375e-01
-2.009587734937667847e-01 -2.425841689109802246e-01 3.192105889320373535e-01
-1.793957650661468506e-01 -2.760500907897949219e-01 3.669428527355194092e-01
-1.551045626401901245e-01 -2.707557976245880127e-01 3.344399929046630859e-01
-1.420303434133529663e-01 -9.237194061279296875e-02 3.411342799663543701e-01
-1.863039433956146240e-01 -2.887149751186370850e-01 3.480279147624969482e-01
-2.012064754962921143e-01 -2.656083405017852783e-01 3.145038187503814697e-01
-1.652130782604217529e-01 -2.808786332607269287e-01 3.410592675209045410e-01
-1.819827109575271606e-01 -2.773112356662750244e-01 3.856681883335113525e-01
-1.654539704322814941e-01 -2.660500407218933105e-01 3.300303816795349121e-01
-1.919898092746734619e-01 -2.393836081027984619e-01 3.246943354606628418e-01
-1.731362342834472656e-01 -2.705135643482208252e-01 3.344967365264892578e-01
-1.737070977687835693e-01 -2.764821648597717285e-01 3.314702510833740234e-01
-1.681608259677886963e-01 -2.753259241580963135e-01 3.486269116401672363e-01
-1.585118174552917480e-01 -2.814553081989288330e-01 3.319948017597198486e-01
-1.963355988264083862e-01 -2.587976753711700439e-01 3.202032744884490967e-01
-1.877345740795135498e-01 -2.552410662174224854e-01 3.206409811973571777e-01
-1.958352178335189819e-01 -2.808736264705657959e-01 3.264279961585998535e-01
-1.870922297239303589e-01 -2.864249050617218018e-01 3.525895178318023682e-01
-1.817485988140106201e-01 -1.958081126213073730e-01 3.332901597023010254e-01
-1.633314788341522217e-01 -2.669970691204071045e-01 3.323870301246643066e-01
-1.981037855148315430e-01 -2.597485184669494629e-01 3.156717419624328613e-01
-1.761020272970199585e-01 -2.774933278560638428e-01 3.222592771053314209e-01
-1.786868274211883545e-01 -2.840910553932189941e-01 3.415745198726654053e-01
-1.875059902667999268e-01 -2.757102549076080322e-01 3.294424414634704590e-01
-1.380812078714370728e-01 -9.537293761968612671e-02 3.357127606868743896e-01
-1.908401846885681152e-01 -2.814728915691375732e-01 3.178907632827758789e-01
-1.742850989103317261e-01 -2.813841104507446289e-01 3.570733070373535156e-01
-2.388315945863723755e-01 -1.758888959884643555e-01 2.976210713386535645e-01
-1.770913600921630859e-01 -2.768234312534332275e-01 3.927742838859558105e-01
-2.005755305290222168e-01 -2.425897568464279175e-01 3.286073505878448486e-01
-1.844472587108612061e-01 -2.850124239921569824e-01 3.558765053749084473e-01
-1.799843162298202515e-01 -2.679057419300079346e-01 3.607093989849090576e-01
-1.897329688072204590e-01 -2.781578004360198975e-01 3.528958857059478760e-01
-1.768900454044342041e-01 -2.658328413963317871e-01 3.426948785781860352e-01
-1.753066182136535645e-01 -2.893767058849334717e-01 3.329519629478454590e-01
-1.426730751991271973e-01 -1.109547019004821777e-01 3.426267504692077637e-01
-1.781810969114303589e-01 -2.815752625465393066e-01 3.309727907180786133e-01
-1.738621890544891357e-01 -2.902358472347259521e-01 3.680229485034942627e-01
-1.806196868419647217e-01 -2.932191789150238037e-01 3.609299063682556152e-01
-1.880655288696289062e-01 -2.536910772323608398e-01 3.043128550052642822e-01
-1.944792568683624268e-01 -2.808133959770202637e-01 3.150857686996459961e-01
-1.449376195669174194e-01 -9.124177694320678711e-02 3.309885859489440918e-01
-1.577472090721130371e-01 -9.496777504682540894e-02 3.266459703445434570e-01
-1.614294797182083130e-01 -2.723631560802459717e-01 3.312060236930847168e-01
-1.899596303701400757e-01 -2.785268723964691162e-01 3.602761924266815186e-01
-1.832262873649597168e-01 -2.732603549957275391e-01 3.532873988151550293e-01
-1.840105801820755005e-01 -2.690274119377136230e-01 3.531648814678192139e-01
-1.924071311950683594e-01 -2.849186062812805176e-01 3.394957184791564941e-01
-1.801443845033645630e-01 -2.621251344680786133e-01 3.589050471782684326e-01
-1.897947788238525391e-01 -2.672848999500274658e-01 3.519160151481628418e-01
-1.749279499053955078e-01 -2.619448304176330566e-01 3.298278450965881348e-01
-1.419798582792282104e-01 -1.038717031478881836e-01 3.385319709777832031e-01
-1.850603222846984863e-01 -2.784461379051208496e-01 3.685371577739715576e-01
-1.920051425695419312e-01 -2.394238561391830444e-01 3.237489163875579834e-01
-1.726340204477310181e-01 -2.763932347297668457e-01 3.384443819522857666e-01
-1.893006563186645508e-01 -2.941732406616210938e-01 3.254924118518829346e-01
-1.336812227964401245e-01 -9.601698815822601318e-02 3.398809731006622314e-01
-1.424698382616043091e-01 -1.070436537265777588e-01 3.436170518398284912e-01
-1.515253037214279175e-01 -1.061445325613021851e-01 3.317811489105224609e-01
-2.078293561935424805e-01 -2.565819919109344482e-01 3.191455602645874023e-01
-1.500099599361419678e-01 -8.692611753940582275e-02 3.288717269897460938e-01
-1.701565384864807129e-01 -2.647193670272827148e-01 3.337199091911315918e-01
-2.388681918382644653e-01 -1.797721087932586670e-01 3.039116561412811279e-01
-1.704807728528976440e-01 -1.796070933341979980e-01 3.291455805301666260e-01
-1.863559782505035400e-01 -2.748365402221679688e-01 3.237300813198089600e-01
-2.009309530258178711e-01 -2.539354860782623291e-01 3.083309531211853027e-01
-1.860952973365783691e-01 -2.704259455204010010e-01 3.692480027675628662e-01
-1.807241737842559814e-01 -2.915214300155639648e-01 3.221386075019836426e-01
-1.430474817752838135e-01 -1.042428910732269287e-01 3.413908183574676514e-01
-1.444742977619171143e-01 -9.157073497772216797e-02 3.420486152172088623e-01
-1.456927955150604248e-01 -1.050958558917045593e-01 3.309100568294525146e-01
-1.419522166252136230e-01 -8.611428737640380859e-02 3.462568223476409912e-01
-1.810227334499359131e-01 -2.831466197967529297e-01 3.536688089370727539e-01
-1.386551707983016968e-01 -1.040260344743728638e-01 3.472248613834381104e-01
-1.747530996799468994e-01 -2.677812874317169189e-01 3.461831808090209961e-01
-1.886564046144485474e-01 -2.802940309047698975e-01 3.187203109264373779e-01
-1.556560248136520386e-01 -1.623725593090057373e-01 3.346849679946899414e-01
-1.790523380041122437e-01 -2.825097441673278809e-01 3.373444080352783203e-01
-1.715618818998336792e-01 -2.794535160064697266e-01 3.443852961063385010e-01
-1.515920311212539673e-01 -1.059170216321945190e-01 3.326860070228576660e-01
-1.790101975202560425e-01 -2.666642963886260986e-01 3.496095836162567139e-01
-1.861589998006820679e-01 -2.679611444473266602e-01 3.237349390983581543e-01
-1.648434698581695557e-01 -2.697430253028869629e-01 3.287798762321472168e-01
-1.722377836704254150e-01 -2.808819413185119629e-01 3.936298489570617676e-01
-1.779297441244125366e-01 -2.899776995182037354e-01 3.102416396141052246e-01
-1.676564365625381470e-01 -2.774054110050201416e-01 3.391878008842468262e-01
-1.881776452064514160e-01 -2.691730260848999023e-01 3.361610472202301025e-01
-1.732236444950103760e-01 -2.743663191795349121e-01 3.500507473945617676e-01
-1.393591016530990601e-01 -1.011363342404365540e-01 3.411443829536437988e-01
-1.654253900051116943e-01 -1.951563209295272827e-01 3.313683569431304932e-01
-1.846145242452621460e-01 -2.623625695705413818e-01 3.612509369850158691e-01
-1.859524548053741455e-01 -2.895318269729614258e-01 3.141282200813293457e-01
-1.813396811485290527e-01 -1.780816912651062012e-01 3.238164782524108887e-01
-1.963944137096405029e-01 -2.813618779182434082e-01 3.211570382118225098e-01
-2.025425881147384644e-01 -2.463042587041854858e-01 3.132797777652740479e-01
-1.923633217811584473e-01 -2.740425169467926025e-01 3.363418281078338623e-01
-1.874223500490188599e-01 -2.869220077991485596e-01 3.411724567413330078e-01
-1.732819527387619019e-01 -2.749476432800292969e-01 3.317655622959136963e-01
-1.555094271898269653e-01 -8.953396230936050415e-02 3.347589075565338135e-01
-1.667159646749496460e-01 -2.730319499969482422e-01 3.636684119701385498e-01
-1.895105242729187012e-01 -2.689221501350402832e-01 3.287604451179504395e-01
-1.925591826438903809e-01 -2.634181678295135498e-01 3.376162648200988770e-01
-1.893551498651504517e-01 -2.826343476772308350e-01 3.554100394248962402e-01
-1.994425803422927856e-01 -2.412953376770019531e-01 3.222977221012115479e-01
-1.743330806493759155e-01 -2.640003263950347900e-01 3.519517779350280762e-01
-1.790262162685394287e-01 -2.855283021926879883e-01 3.559050559997558594e-01
-1.848891377449035645e-01 -2.412042617797851562e-01 3.276312649250030518e-01
-1.416756808757781982e-01 -9.108559787273406982e-02 3.367015123367309570e-01
-1.734474301338195801e-01 -2.863022685050964355e-01 3.162967860698699951e-01
-2.305438369512557983e-01 -1.793378591537475586e-01 3.056945502758026123e-01
-1.866722404956817627e-01 -2.688111662864685059e-01 3.223067820072174072e-01
-1.796384602785110474e-01 -2.495223283767700195e-01 3.230432569980621338e-01
-1.787927895784378052e-01 -1.940387040376663208e-01 3.327816426753997803e-01
-1.675678491592407227e-01 -2.743589878082275391e-01 3.493894040584564209e-01
-1.919263303279876709e-01 -2.600204944610595703e-01 3.224337995052337646e-01
-1.660352200269699097e-01 -1.959688514471054077e-01 3.433564901351928711e-01
-1.823631972074508667e-01 -1.905200630426406860e-01 3.214613795280456543e-01
-1.644826829433441162e-01 -2.877786457538604736e-01 3.492818772792816162e-01
-1.752713918685913086e-01 -2.823279500007629395e-01 3.561682701110839844e-01
-1.843678802251815796e-01 -2.653537094593048096e-01 3.183417916297912598e-01
-1.726566553115844727e-01 -2.785479724407196045e-01 3.399867415428161621e-01
-1.660145521163940430e-01 -2.691830396652221680e-01 3.526913523674011230e-01
-1.894911974668502808e-01 -2.722587585449218750e-01 3.605854809284210205e-01
-1.802996098995208740e-01 -2.811903357505798340e-01 3.153563439846038818e-01
-1.527634412050247192e-01 -1.810754090547561646e-01 3.448444306850433350e-01
-1.577637493610382080e-01 -1.654909849166870117e-01 3.311928808689117432e-01
-1.975523233413696289e-01 -2.553499639034271240e-01 3.055141866207122803e-01
-1.736128479242324829e-01 -2.716260254383087158e-01 3.439725339412689209e-01
-1.773515641689300537e-01 -2.856476306915283203e-01 3.100602626800537109e-01
-1.753186136484146118e-01 -2.856989800930023193e-01 3.629624843597412109e-01
-1.770432144403457642e-01 -2.046075761318206787e-01 3.336538970470428467e-01
-1.874148100614547729e-01 -2.518638968467712402e-01 3.129489123821258545e-01
-1.321742236614227295e-01 -9.694298356771469116e-02 3.484981358051300049e-01
-1.841865330934524536e-01 -2.686891555786132812e-01 3.629776835441589355e-01
-1.962585300207138062e-01 -2.509092390537261963e-01 3.229407668113708496e-01
-1.332853734493255615e-01 -1.063345223665237427e-01 3.485316932201385498e-01
-1.803217679262161255e-01 -2.681398987770080566e-01 3.600491881370544434e-01
-1.850315630435943604e-01 -2.679321467876434326e-01 3.344191610813140869e-01
-1.905381530523300171e-01 -2.668930590152740479e-01 3.125873208045959473e-01
-1.700737327337265015e-01 -2.771215140819549561e-01 3.446302115917205811e-01
-1.776541024446487427e-01 -2.678125202655792236e-01 3.505342900753021240e-01
-1.385064572095870972e-01 -9.913567453622817993e-02 3.321911394596099854e-01
-1.853608042001724243e-01 -2.813160121440887451e-01 3.342514038085937500e-01
-1.809009760618209839e-01 -2.707405686378479004e-01 3.571464121341705322e-01
-1.773646473884582520e-01 -1.993620544672012329e-01 3.254792392253875732e-01
-1.392174512147903442e-01 -1.001653596758842468e-01 3.467706739902496338e-01
-1.804774254560470581e-01 -2.641808688640594482e-01 3.288800716400146484e-01
-1.403893381357192993e-01 -1.157470196485519409e-01 3.325694203376770020e-01
-1.454755365848541260e-01 -9.082785248756408691e-02 3.419160246849060059e-01
-1.856007277965545654e-01 -2.639348804950714111e-01 3.077017366886138916e-01
-1.411205232143402100e-01 -1.066199839115142822e-01 3.360438644886016846e-01
-2.367792874574661255e-01 -1.779653728008270264e-01 2.973707616329193115e-01
-1.947433501482009888e-01 -2.705443501472473145e-01 3.330663442611694336e-01
-1.725095659494400024e-01 -2.780472338199615479e-01 3.542958498001098633e-01
-2.396172285079956055e-01 -1.804757565259933472e-01 3.057977855205535889e-01
-1.855744868516921997e-01 -2.659943401813507080e-01 3.514584302902221680e-01
-1.753402054309844971e-01 -2.716066837310791016e-01 3.722449243068695068e-01
-1.432884186506271362e-01 -8.655979484319686890e-02 3.442654609680175781e-01
-1.924282908439636230e-01 -2.635088562965393066e-01 3.372668623924255371e-01
-1.410326808691024780e-01 -9.899123013019561768e-02 3.403604328632354736e-01
-1.480520367622375488e-01 -8.572755008935928345e-02 3.366034030914306641e-01
-1.860980838537216187e-01 -2.795595824718475342e-01 3.077789247035980225e-01
-1.913526803255081177e-01 -2.812624573707580566e-01 3.576474487781524658e-01
-1.516249924898147583e-01 -1.778806298971176147e-01 3.349798917770385742e-01
-1.844427436590194702e-01 -2.840259969234466553e-01 3.633956313133239746e-01
-1.807538121938705444e-01 -2.905361652374267578e-01 3.714591264724731445e-01
-1.897444725036621094e-01 -2.796227037906646729e-01 3.338438272476196289e-01
-1.706281602382659912e-01 -2.844155430793762207e-01 3.722608089447021484e-01
-1.666356325149536133e-01 -2.768892645835876465e-01 3.537150919437408447e-01
-1.414012610912322998e-01 -8.870192617177963257e-02 3.373110294342041016e-01
-1.745407581329345703e-01 -2.970246970653533936e-01 3.261600434780120850e-01
-1.694902181625366211e-01 -2.813635170459747314e-01 3.471179902553558350e-01
-1.382358521223068237e-01 -9.754703938961029053e-02 3.417707681655883789e-01
-1.783087253570556641e-01 -2.695629894733428955e-01 3.494964838027954102e-01
-1.645664274692535400e-01 -2.754376232624053955e-01 3.322575688362121582e-01
-1.980010718107223511e-01 -2.571721971035003662e-01 3.227422833442687988e-01
-1.853259652853012085e-01 -2.817359268665313721e-01 3.245141208171844482e-01
-1.671289056539535522e-01 -2.720806002616882324e-01 3.642441928386688232e-01
-1.479797512292861938e-01 -1.713226586580276489e-01 3.454752564430236816e-01
-1.654902547597885132e-01 -2.727508544921875000e-01 3.613439202308654785e-01
-1.669941544532775879e-01 -1.976299732923507690e-01 3.430975973606109619e-01
-1.843554079532623291e-01 -3.038727641105651855e-01 3.224026560783386230e-01
-1.974668502807617188e-01 -2.706954479217529297e-01 3.475860357284545898e-01
-1.975388526916503906e-01 -2.567887604236602783e-01 3.056290149688720703e-01
-1.543769389390945435e-01 -2.762019634246826172e-01 3.310015797615051270e-01
-1.780172586441040039e-01 -2.867524623870849609e-01 3.172356486320495605e-01
-1.798736155033111572e-01 -3.026288449764251709e-01 3.163671195507049561e-01
-1.739897131919860840e-01 -2.746297419071197510e-01 3.199673891067504883e-01
-1.550265401601791382e-01 -1.100838929414749146e-01 3.309222459793090820e-01
-1.639220714569091797e-01 -2.638682723045349121e-01 3.247431814670562744e-01
-1.802212744951248169e-01 -2.952528893947601318e-01 3.472375869750976562e-01
-1.540684401988983154e-01 -1.688525676727294922e-01 3.321921527385711670e-01
-1.736034303903579712e-01 -2.802639007568359375e-01 3.639619648456573486e-01
-1.886823624372482300e-01 -2.497300803661346436e-01 3.113848268985748291e-01
-1.991653740406036377e-01 -2.876142859458923340e-01 3.200005888938903809e-01
-1.839628219604492188e-01 -2.621988058090209961e-01 3.102906346321105957e-01
-1.866618543863296509e-01 -2.820463180541992188e-01 3.350628614425659180e-01
-1.937419325113296509e-01 -2.823116481304168701e-01 3.649257123470306396e-01
-1.841801404953002930e-01 -2.940164804458618164e-01 3.170705735683441162e-01
-1.588495075702667236e-01 -1.031140759587287903e-01 3.301874995231628418e-01
-1.537870913743972778e-01 -9.152578562498092651e-02 3.280187249183654785e-01
-1.716273874044418335e-01 -2.603827416896820068e-01 3.358205854892730713e-01
-1.625718176364898682e-01 -2.716218531131744385e-01 3.284248411655426025e-01
-1.798090934753417969e-01 -2.850478589534759521e-01 3.728575408458709717e-01
-1.791250705718994141e-01 -2.695916295051574707e-01 3.451142311096191406e-01
-1.822968721389770508e-01 -2.862249016761779785e-01 3.954410851001739502e-01
-1.960475444793701172e-01 -2.703504264354705811e-01 3.204517364501953125e-01
-1.859155744314193726e-01 -2.829130887985229492e-01 3.389475941658020020e-01
-1.839349120855331421e-01 -2.942622900009155273e-01 3.215404152870178223e-01
-1.552450060844421387e-01 -1.698298454284667969e-01 3.377059102058410645e-01
-2.409186959266662598e-01 -1.627210229635238647e-01 3.002373278141021729e-01
-1.817940324544906616e-01 -2.715724110603332520e-01 3.743000924587249756e-01
-1.900261491537094116e-01 -2.763495743274688721e-01 3.556209802627563477e-01
-1.655787378549575806e-01 -2.745610475540161133e-01 3.253189027309417725e-01
-1.831648796796798706e-01 -2.836458683013916016e-01 3.779356181621551514e-01
-1.820642650127410889e-01 -2.859353125095367432e-01 3.561066687107086182e-01
-1.697792410850524902e-01 -1.944756358861923218e-01 3.252606987953186035e-01
-1.944272667169570923e-01 -2.805854380130767822e-01 3.667020797729492188e-01
-1.750660985708236694e-01 -2.870542109012603760e-01 3.926818966865539551e-01
-1.876797974109649658e-01 -2.494549751281738281e-01 3.172789812088012695e-01
-1.944000571966171265e-01 -2.497423291206359863e-01 3.112702071666717529e-01
-1.416941434144973755e-01 -1.093539297580718994e-01 3.394980728626251221e-01
-1.758944988250732422e-01 -2.764843702316284180e-01 3.862990438938140869e-01
-1.604492068290710449e-01 -2.829848229885101318e-01 3.363308310508728027e-01
-1.787683218717575073e-01 -2.777456343173980713e-01 3.196916580200195312e-01
-1.470647305250167847e-01 -8.320107311010360718e-02 3.331060111522674561e-01
-1.988231986761093140e-01 -2.602765858173370361e-01 3.081283569335937500e-01
-1.349508464336395264e-01 -9.125319123268127441e-02 3.468503654003143311e-01
-1.763941645622253418e-01 -2.917726337909698486e-01 3.629737794399261475e-01
-1.423677057027816772e-01 -1.036192104220390320e-01 3.419010639190673828e-01
-1.568174958229064941e-01 -2.663193643093109131e-01 3.349100649356842041e-01
-1.760136783123016357e-01 -1.802340447902679443e-01 3.241361677646636963e-01
-1.898108869791030884e-01 -2.784645855426788330e-01 3.419632613658905029e-01
-1.905868500471115112e-01 -2.928538024425506592e-01 3.186089992523193359e-01
-1.831907778978347778e-01 -2.815364301204681396e-01 3.532255887985229492e-01
-1.487378478050231934e-01 -8.575718849897384644e-02 3.308614492416381836e-01
-1.817867308855056763e-01 -2.612045407295227051e-01 3.065077066421508789e-01
-1.324098557233810425e-01 -9.929808974266052246e-02 3.428256809711456299e-01
-1.840050816535949707e-01 -2.675291895866394043e-01 3.286974430084228516e-01
-1.611054837703704834e-01 -2.590329349040985107e-01 3.372473418712615967e-01
-1.727446615695953369e-01 -2.785301804542541504e-01 3.390749692916870117e-01
-1.981444209814071655e-01 -2.627967894077301025e-01 3.092436492443084717e-01
-1.964882463216781616e-01 -2.417134046554565430e-01 3.174077272415161133e-01
-1.781750768423080444e-01 -2.876934707164764404e-01 3.531390428543090820e-01
-1.862280219793319702e-01 -2.625501155853271484e-01 3.363589346408843994e-01
-1.661686450242996216e-01 -2.759425044059753418e-01 3.206346035003662109e-01
-1.799097955226898193e-01 -2.639683783054351807e-01 3.396928012371063232e-01
-1.918549835681915283e-01 -2.423953413963317871e-01 3.143123090267181396e-01
-1.971514672040939331e-01 -2.436365932226181030e-01 3.137459158897399902e-01
-1.841488778591156006e-01 -2.683162391185760498e-01 3.368816375732421875e-01
-1.751648634672164917e-01 -2.702884972095489502e-01 3.556759655475616455e-01
-2.088703662157058716e-01 -2.554886341094970703e-01 3.225036561489105225e-01
-1.672070473432540894e-01 -2.733011841773986816e-01 3.499378263950347900e-01
-1.698781400918960571e-01 -1.736215204000473022e-01 3.244942426681518555e-01
-1.388165503740310669e-01 -9.020410478115081787e-02 3.402291238307952881e-01
-1.411071121692657471e-01 -2.273513078689575195e-01 4.774891138076782227e-01
-1.742220669984817505e-01 -2.763550877571105957e-01 3.278432488441467285e-01
-2.395121753215789795e-01 -1.581163704395294189e-01 3.030034601688385010e-01
-1.907824575901031494e-01 -2.752148807048797607e-01 3.705358803272247314e-01
-1.936790347099304199e-01 -2.721006274223327637e-01 3.387473523616790771e-01
-1.724711209535598755e-01 -2.731238007545471191e-01 3.606725931167602539e-01
-1.897769868373870850e-01 -2.784468233585357666e-01 3.293847441673278809e-01
-1.884445101022720337e-01 -2.837962806224822998e-01 3.499606549739837646e-01
-1.415159702301025391e-01 -8.841251581907272339e-02 3.468753397464752197e-01
-1.620236635208129883e-01 -2.585881948471069336e-01 3.358938097953796387e-01
-1.847891360521316528e-01 -3.026087582111358643e-01 3.172132670879364014e-01
-1.775993108749389648e-01 -2.672259807586669922e-01 3.586717247962951660e-01
-1.700732409954071045e-01 -2.846938073635101318e-01 3.294151425361633301e-01
-1.913532018661499023e-01 -2.723327279090881348e-01 3.405329585075378418e-01
-1.834249943494796753e-01 -2.840212583541870117e-01 3.885719478130340576e-01
-1.906625330448150635e-01 -2.814691066741943359e-01 3.321976065635681152e-01
-1.337992995977401733e-01 -9.744851291179656982e-02 3.398663699626922607e-01
-1.388192921876907349e-01 -9.453855454921722412e-02 3.467971682548522949e-01
-1.728668659925460815e-01 -2.048161476850509644e-01 3.314905464649200439e-01
-1.830197721719741821e-01 -2.828137576580047607e-01 3.507754206657409668e-01
-1.581177860498428345e-01 -1.579523682594299316e-01 3.275863826274871826e-01
-1.612412184476852417e-01 -2.730489671230316162e-01 3.326259255409240723e-01
-1.817907691001892090e-01 -2.018292099237442017e-01 3.315258324146270752e-01
-1.872151941061019897e-01 -2.656198441982269287e-01 3.075672984123229980e-01
-1.972305625677108765e-01 -2.815718948841094971e-01 3.463262319564819336e-01
-1.544145494699478149e-01 -2.756949663162231445e-01 3.311665952205657959e-01
-1.725574582815170288e-01 -2.721205353736877441e-01 3.631671667098999023e-01
-1.808800995349884033e-01 -2.506446242332458496e-01 3.139641284942626953e-01
-1.726460158824920654e-01 -2.762940526008605957e-01 3.444944620132446289e-01
-1.926682591438293457e-01 -2.627776265144348145e-01 3.478657007217407227e-01
-1.909894645214080811e-01 -2.547686696052551270e-01 3.273638188838958740e-01
-1.738694012165069580e-01 -2.768825292587280273e-01 3.778001964092254639e-01
-1.785348206758499146e-01 -2.980256378650665283e-01 3.131905198097229004e-01
-1.719330698251724243e-01 -2.771537601947784424e-01 3.512695431709289551e-01
-1.999243795871734619e-01 -2.704887092113494873e-01 3.202788531780242920e-01
-1.979362368583679199e-01 -2.786874175071716309e-01 3.474726080894470215e-01
-1.648046821355819702e-01 -2.750506699085235596e-01 3.266301453113555908e-01
-1.904914230108261108e-01 -2.861751914024353027e-01 3.449053168296813965e-01
-1.807412654161453247e-01 -2.790556848049163818e-01 3.267584145069122314e-01
-1.516636013984680176e-01 -8.992492407560348511e-02 3.312571644783020020e-01
-1.387224942445755005e-01 -9.774429351091384888e-02 3.438700735569000244e-01
-1.873923242092132568e-01 -2.611201405525207520e-01 3.130102455615997314e-01
-1.725885123014450073e-01 -2.933462262153625488e-01 3.236002922058105469e-01
-1.769866645336151123e-01 -1.799910068511962891e-01 3.272919654846191406e-01
-1.405427902936935425e-01 -1.024375408887863159e-01 3.402701616287231445e-01
-1.769314408302307129e-01 -2.868674695491790771e-01 3.823651969432830811e-01
-1.733821332454681396e-01 -2.706233859062194824e-01 3.054851889610290527e-01
-1.844429224729537964e-01 -2.435787618160247803e-01 3.298134803771972656e-01
-1.699104160070419312e-01 -2.845420539379119873e-01 3.291263282299041748e-01
-1.559821069240570068e-01 -2.795998454093933105e-01 3.353490233421325684e-01
-1.824049204587936401e-01 -2.454275488853454590e-01 3.286161720752716064e-01
-1.998031437397003174e-01 -2.801191210746765137e-01 3.398984074592590332e-01
-1.862388700246810913e-01 -2.745486795902252197e-01 3.516020476818084717e-01
-2.519954442977905273e-01 -1.592837721109390259e-01 3.054611384868621826e-01
-1.754006743431091309e-01 -2.865736484527587891e-01 3.362145423889160156e-01
-1.766491830348968506e-01 -2.682532668113708496e-01 3.481536507606506348e-01
-1.865830868482589722e-01 -2.851048707962036133e-01 3.357307612895965576e-01
-1.789444386959075928e-01 -2.768307328224182129e-01 3.681062757968902588e-01
-1.951866149902343750e-01 -2.795496284961700439e-01 3.248685002326965332e-01
-1.889028251171112061e-01 -2.660554051399230957e-01 3.515842556953430176e-01
-1.735831648111343384e-01 -2.916874885559082031e-01 3.173884153366088867e-01
-1.711328327655792236e-01 -2.738601565361022949e-01 3.671907782554626465e-01
-1.872765868902206421e-01 -2.683072984218597412e-01 3.054833710193634033e-01
-1.999727785587310791e-01 -2.640379667282104492e-01 3.117544949054718018e-01
-2.026267647743225098e-01 -2.535958886146545410e-01 3.099468350410461426e-01
-1.797030568122863770e-01 -2.847613096237182617e-01 3.456417322158813477e-01
-1.835743039846420288e-01 -2.706373333930969238e-01 3.436142504215240479e-01
-2.390954047441482544e-01 -1.605784893035888672e-01 2.953995466232299805e-01
-1.891097873449325562e-01 -2.827391922473907471e-01 3.585940897464752197e-01
-1.562466174364089966e-01 -1.097863391041755676e-01 3.293188214302062988e-01
-1.864081323146820068e-01 -2.674130797386169434e-01 3.345825672149658203e-01
-1.744253039360046387e-01 -2.630801498889923096e-01 3.557725548744201660e-01
-1.978555768728256226e-01 -2.776987254619598389e-01 3.351375758647918701e-01
-1.888788938522338867e-01 -2.851847410202026367e-01 3.233303725719451904e-01
-1.893653571605682373e-01 -2.705909013748168945e-01 3.326532542705535889e-01
-1.725364923477172852e-01 -2.797612845897674561e-01 3.399975299835205078e-01
-1.679546236991882324e-01 -2.803345024585723877e-01 3.612104356288909912e-01
-1.889721304178237915e-01 -2.854429185390472412e-01 3.375631272792816162e-01
-2.368873953819274902e-01 -1.599608361721038818e-01 2.960381805896759033e-01
-1.723341047763824463e-01 -1.778827160596847534e-01 3.229687511920928955e-01
-1.847116798162460327e-01 -2.622159123420715332e-01 3.432401716709136963e-01
-1.380479484796524048e-01 -9.720395505428314209e-02 3.341283500194549561e-01
-1.985566467046737671e-01 -2.509490251541137695e-01 3.208714723587036133e-01
-1.862937957048416138e-01 -2.991208136081695557e-01 3.132916390895843506e-01
-1.746857166290283203e-01 -2.938807904720306396e-01 3.475864827632904053e-01
-1.837724149227142334e-01 -2.835167050361633301e-01 3.366914391517639160e-01
-1.852791905403137207e-01 -2.647804319858551025e-01 3.627451956272125244e-01
-1.347357630729675293e-01 -1.067292019724845886e-01 3.423447608947753906e-01
-1.806730628013610840e-01 -2.688546776771545410e-01 3.506999611854553223e-01
-1.821964532136917114e-01 -2.485358417034149170e-01 3.130286633968353271e-01
-1.417610347270965576e-01 -9.048841893672943115e-02 3.352457284927368164e-01
-1.740463376045227051e-01 -1.922133117914199829e-01 3.273415863513946533e-01
-1.727374643087387085e-01 -2.695260345935821533e-01 3.589075803756713867e-01
-1.612404286861419678e-01 -2.727164626121520996e-01 3.320411443710327148e-01
-1.649127006530761719e-01 -2.588871717453002930e-01 3.360843360424041748e-01
-1.863133460283279419e-01 -2.925191819667816162e-01 3.298129439353942871e-01
-1.788740903139114380e-01 -2.862942814826965332e-01 3.677567243576049805e-01
-1.790345311164855957e-01 -2.905595004558563232e-01 3.237176239490509033e-01
-1.600387245416641235e-01 -1.750642806291580200e-01 3.341976106166839600e-01
-1.625553518533706665e-01 -1.686476469039916992e-01 3.309434354305267334e-01
-1.888502389192581177e-01 -2.943246662616729736e-01 3.268906474113464355e-01
-1.820034086704254150e-01 -2.788133621215820312e-01 3.076810836791992188e-01
-1.748273968696594238e-01 -2.926404178142547607e-01 3.528754413127899170e-01
-1.941202729940414429e-01 -2.813107967376708984e-01 3.650656938552856445e-01
-1.418745964765548706e-01 -9.458493441343307495e-02 3.455765545368194580e-01
-1.733132153749465942e-01 -2.799667716026306152e-01 3.375285863876342773e-01
-1.839424222707748413e-01 -2.764451205730438232e-01 3.123615086078643799e-01
-1.804345399141311646e-01 -2.476151436567306519e-01 3.218441307544708252e-01
-1.688511222600936890e-01 -2.771363258361816406e-01 3.404259383678436279e-01
-1.762547940015792847e-01 -2.695819139480590820e-01 3.540407121181488037e-01
-1.853483617305755615e-01 -2.558933198451995850e-01 3.107856810092926025e-01
-1.596688777208328247e-01 -2.621934115886688232e-01 3.334878087043762207e-01
-1.683213859796524048e-01 -2.728227972984313965e-01 3.482224941253662109e-01
-1.685275435447692871e-01 -2.844707369804382324e-01 3.614684939384460449e-01
-2.387220710515975952e-01 -1.786747723817825317e-01 3.025775253772735596e-01
-1.599223762750625610e-01 -1.459583193063735962e-01 3.272309303283691406e-01
-1.797382831573486328e-01 -2.661088705062866211e-01 3.662504851818084717e-01
-1.684714555740356445e-01 -1.996098458766937256e-01 3.300024569034576416e-01
-1.838652342557907104e-01 -2.759975194931030273e-01 3.648265898227691650e-01
-1.335376799106597900e-01 -8.823503553867340088e-02 3.339791893959045410e-01
-1.401781290769577026e-01 -9.964425861835479736e-02 3.440377116203308105e-01
-1.786488294601440430e-01 -2.043206095695495605e-01 3.388641774654388428e-01
-1.743104010820388794e-01 -2.858710885047912598e-01 3.314408659934997559e-01
-1.621185243129730225e-01 -2.709648311138153076e-01 3.290497660636901855e-01
-1.786172688007354736e-01 -2.549341320991516113e-01 3.190626800060272217e-01
-2.051198184490203857e-01 -2.524339854717254639e-01 3.127856552600860596e-01
-1.712243854999542236e-01 -2.050013095140457153e-01 3.363363146781921387e-01
-1.804812997579574585e-01 -2.918053567409515381e-01 3.577721118927001953e-01
-1.954223960638046265e-01 -2.805418670177459717e-01 3.184246122837066650e-01
-2.000202238559722900e-01 -2.546447217464447021e-01 3.181838989257812500e-01
-1.726646125316619873e-01 -2.822683751583099365e-01 3.835596740245819092e-01
-1.631494462490081787e-01 -1.755109876394271851e-01 3.318443894386291504e-01
-1.677809059619903564e-01 -2.829339504241943359e-01 3.565337955951690674e-01
-1.813207715749740601e-01 -2.672774195671081543e-01 3.351972401142120361e-01
-1.739248037338256836e-01 -2.699425220489501953e-01 3.636895716190338135e-01
-1.764654219150543213e-01 -2.993444204330444336e-01 3.261379897594451904e-01
-1.767919659614562988e-01 -2.832589745521545410e-01 3.624844253063201904e-01
-2.276341766119003296e-01 -1.672473847866058350e-01 2.998338937759399414e-01
-1.874920427799224854e-01 -2.671332061290740967e-01 3.602437078952789307e-01
-1.667025387287139893e-01 -1.998146325349807739e-01 3.397982716560363770e-01
-1.580476611852645874e-01 -9.171903133392333984e-02 3.340629935264587402e-01
-1.938772946596145630e-01 -2.779512405395507812e-01 3.236505985260009766e-01
-1.740363389253616333e-01 -1.922196596860885620e-01 3.273552358150482178e-01
-1.742143481969833374e-01 -2.910833656787872314e-01 3.411594331264495850e-01
-1.653321683406829834e-01 -1.671705245971679688e-01 3.291458189487457275e-01
-1.798918843269348145e-01 -2.597011625766754150e-01 3.315426111221313477e-01
-1.888801902532577515e-01 -2.862013280391693115e-01 3.251957595348358154e-01
-1.855397224426269531e-01 -2.756220996379852295e-01 3.488610982894897461e-01
-1.546393334865570068e-01 -1.783378571271896362e-01 3.333579897880554199e-01
-1.863131076097488403e-01 -2.799158096313476562e-01 3.178100883960723877e-01
-2.368208914995193481e-01 -1.658664792776107788e-01 3.053129017353057861e-01
-1.798886954784393311e-01 -2.863743901252746582e-01 3.548963963985443115e-01
-1.733285039663314819e-01 -2.682313919067382812e-01 3.073083162307739258e-01
-1.951576620340347290e-01 -2.774553298950195312e-01 3.650778532028198242e-01
-1.614211350679397583e-01 -8.592754602432250977e-02 3.304363191127777100e-01
-1.834236085414886475e-01 -2.867146134376525879e-01 3.617727458477020264e-01
-1.889585554599761963e-01 -2.447525411844253540e-01 3.108636438846588135e-01
-1.400159448385238647e-01 -9.074184298515319824e-02 3.475075364112854004e-01
-2.409723699092864990e-01 -1.609606891870498657e-01 2.978712618350982666e-01
-1.947999149560928345e-01 -2.598189413547515869e-01 3.230455219745635986e-01
-1.732776761054992676e-01 -2.735973596572875977e-01 3.345850706100463867e-01
-1.808637976646423340e-01 -2.802478969097137451e-01 3.151307404041290283e-01
-1.422214061021804810e-01 -8.331760764122009277e-02 3.368178009986877441e-01
-1.626885533332824707e-01 -2.804840505123138428e-01 3.422925770282745361e-01
-1.337610632181167603e-01 -8.259101957082748413e-02 3.530582189559936523e-01
-1.732526123523712158e-01 -2.684313058853149414e-01 3.096797764301300049e-01
-1.709183454513549805e-01 -2.770129740238189697e-01 3.326036930084228516e-01
-1.695807576179504395e-01 -2.820470929145812988e-01 3.485907912254333496e-01
-1.787167191505432129e-01 -2.688714265823364258e-01 3.487340509891510010e-01
-1.679889112710952759e-01 -2.836652100086212158e-01 3.559434711933135986e-01
-1.679604947566986084e-01 -2.827006876468658447e-01 3.610074520111083984e-01
-1.369785666465759277e-01 -9.326436370611190796e-02 3.437061011791229248e-01
-1.324678957462310791e-01 -1.000199392437934875e-01 3.521523177623748779e-01
-1.731380671262741089e-01 -2.851695120334625244e-01 3.552242517471313477e-01
-1.942827403545379639e-01 -3.001585304737091064e-01 3.208034336566925049e-01
-1.688996106386184692e-01 -2.834852337837219238e-01 3.705712854862213135e-01
-1.774843335151672363e-01 -2.833486497402191162e-01 3.400799334049224854e-01
-1.802801936864852905e-01 -2.853128015995025635e-01 3.723870813846588135e-01
-1.416191756725311279e-01 -1.153431162238121033e-01 3.357490897178649902e-01
-1.504875868558883667e-01 -1.131728962063789368e-01 3.295230567455291748e-01
-1.420910656452178955e-01 -9.558613598346710205e-02 3.400532603263854980e-01
-1.349276155233383179e-01 -9.615951776504516602e-02 3.508164286613464355e-01
-1.915913969278335571e-01 -2.784958779811859131e-01 3.716115057468414307e-01
-1.820527315139770508e-01 -2.674672007560729980e-01 3.379628956317901611e-01
-1.830035746097564697e-01 -2.856563925743103027e-01 3.587953448295593262e-01
-1.553407311439514160e-01 -8.654296398162841797e-02 3.360280990600585938e-01
-1.801573783159255981e-01 -2.947259545326232910e-01 3.493091762065887451e-01
-1.783956140279769897e-01 -2.946315705776214600e-01 3.501598834991455078e-01
-1.424319148063659668e-01 -1.176669225096702576e-01 3.347197175025939941e-01
-2.013942301273345947e-01 -1.712742149829864502e-01 3.140924870967864990e-01
-1.742015928030014038e-01 -2.814128696918487549e-01 3.338316380977630615e-01
-1.729210913181304932e-01 -2.741174697875976562e-01 3.464738726615905762e-01
-1.888325959444046021e-01 -2.678855955600738525e-01 3.163601458072662354e-01
-1.726027429103851318e-01 -2.896125614643096924e-01 3.650786876678466797e-01
-1.404523998498916626e-01 -9.508820623159408569e-02 3.348433077335357666e-01
-1.729010492563247681e-01 -2.774247527122497559e-01 3.484386205673217773e-01
-1.898815333843231201e-01 -2.682756185531616211e-01 3.433667719364166260e-01
-1.712399721145629883e-01 -2.814435362815856934e-01 3.532843589782714844e-01
-1.825287640094757080e-01 -2.727225720882415771e-01 3.605929911136627197e-01
-1.663306206464767456e-01 -2.795604169368743896e-01 3.581808805465698242e-01
-1.578498333692550659e-01 -1.178407967090606689e-01 3.288022875785827637e-01
-1.912697404623031616e-01 -2.769721448421478271e-01 3.712946474552154541e-01
-1.762166768312454224e-01 -2.878095507621765137e-01 3.922130763530731201e-01
-1.796596646308898926e-01 -2.746621668338775635e-01 3.741552531719207764e-01
-1.356607824563980103e-01 -1.084044501185417175e-01 3.483783304691314697e-01
-1.599408835172653198e-01 -1.610562205314636230e-01 3.316651284694671631e-01
-1.861561089754104614e-01 -2.798707485198974609e-01 3.084563612937927246e-01
-1.564185172319412231e-01 -1.019533649086952209e-01 3.281246721744537354e-01
-1.575882732868194580e-01 -2.660102546215057373e-01 3.393447399139404297e-01
-1.417336910963058472e-01 -9.192384779453277588e-02 3.373902738094329834e-01
-1.873863637447357178e-01 -2.684708833694458008e-01 3.622687160968780518e-01
-1.820714622735977173e-01 -2.695353627204895020e-01 3.514916300773620605e-01
-9.335600584745407104e-02 -1.210927739739418030e-01 4.541191458702087402e-01
-1.939081400632858276e-01 -2.794373929500579834e-01 3.162619471549987793e-01
-2.385208755731582642e-01 -1.587007194757461548e-01 2.997088730335235596e-01
-1.855350881814956665e-01 -2.798428237438201904e-01 3.610748648643493652e-01
-1.901649534702301025e-01 -2.628176808357238770e-01 3.149297833442687988e-01
-1.867863237857818604e-01 -2.798987329006195068e-01 3.568747639656066895e-01
-2.374792248010635376e-01 -1.594466418027877808e-01 2.987577915191650391e-01
-1.758111715316772461e-01 -2.765510082244873047e-01 3.195365965366363525e-01
-1.674574017524719238e-01 -2.682801187038421631e-01 3.389010429382324219e-01
-1.800529062747955322e-01 -2.855938673019409180e-01 3.185320198535919189e-01
-1.820345222949981689e-01 -2.799590528011322021e-01 3.331273496150970459e-01
-1.461867541074752808e-01 -9.136578440666198730e-02 3.390138745307922363e-01
-1.837614029645919800e-01 -2.870631515979766846e-01 3.097674250602722168e-01
-1.718353778123855591e-01 -2.782812416553497314e-01 3.302312791347503662e-01
-1.797751933336257935e-01 -2.753021121025085449e-01 3.061098158359527588e-01
-1.904377639293670654e-01 -2.612334191799163818e-01 3.400980830192565918e-01
-1.848062127828598022e-01 -2.666838169097900391e-01 3.427076637744903564e-01
-1.683472245931625366e-01 -2.738687396049499512e-01 3.543692231178283691e-01
-1.817372292280197144e-01 -2.687307000160217285e-01 3.572121858596801758e-01
-1.745043247938156128e-01 -2.839594185352325439e-01 3.647698462009429932e-01
-1.905480027198791504e-01 -2.687733769416809082e-01 3.436139225959777832e-01
-1.833271384239196777e-01 -2.706651389598846436e-01 3.465008735656738281e-01
-1.682344675064086914e-01 -2.674278020858764648e-01 3.345198631286621094e-01
-1.670141816139221191e-01 -2.814008593559265137e-01 3.579482138156890869e-01
-1.732175052165985107e-01 -2.727805674076080322e-01 3.496092855930328369e-01
-1.707315146923065186e-01 -1.693492680788040161e-01 3.244778215885162354e-01
-1.846124231815338135e-01 -2.920641899108886719e-01 3.179081380367279053e-01
-1.746250987052917480e-01 -2.642808258533477783e-01 3.509388864040374756e-01
-1.806138753890991211e-01 -2.629765570163726807e-01 3.629388809204101562e-01
-1.693817824125289917e-01 -2.003583312034606934e-01 3.294306993484497070e-01
-1.828117817640304565e-01 -2.435683906078338623e-01 3.260311782360076904e-01
-1.846070587635040283e-01 -2.558734714984893799e-01 3.078050315380096436e-01
-1.912240087985992432e-01 -2.626797854900360107e-01 3.149460256099700928e-01
-1.845034658908843994e-01 -2.552190721035003662e-01 3.168548643589019775e-01
-1.427870988845825195e-01 -9.470155090093612671e-02 3.392999768257141113e-01
-1.355810761451721191e-01 -9.250754117965698242e-02 3.370998501777648926e-01
-1.813552081584930420e-01 -2.824571430683135986e-01 3.507493138313293457e-01
-1.705382019281387329e-01 -2.861905097961425781e-01 3.331650495529174805e-01
-1.703913956880569458e-01 -2.784791290760040283e-01 3.660261631011962891e-01
-1.653922200202941895e-01 -2.716068327426910400e-01 3.242368400096893311e-01
-1.758420318365097046e-01 -2.638181746006011963e-01 3.254726231098175049e-01
-1.737411320209503174e-01 -2.819257378578186035e-01 3.656100630760192871e-01
-1.866607069969177246e-01 -2.808455228805541992e-01 3.570710122585296631e-01
-1.906608790159225464e-01 -2.761990725994110107e-01 3.345096409320831299e-01
-9.333749860525131226e-02 -1.227771192789077759e-01 4.554758369922637939e-01
-1.762326806783676147e-01 -2.881976366043090820e-01 3.528232872486114502e-01
-1.874606013298034668e-01 -2.821635901927947998e-01 3.531719446182250977e-01
-1.834170818328857422e-01 -2.019687294960021973e-01 3.339948356151580811e-01
-1.803410649299621582e-01 -2.876653969287872314e-01 3.210612535476684570e-01
-1.878877729177474976e-01 -2.832320928573608398e-01 3.253139555454254150e-01
-1.721325367689132690e-01 -2.785228192806243896e-01 3.455723524093627930e-01
-1.767686903476715088e-01 -2.782663702964782715e-01 3.211686313152313232e-01
-1.828507632017135620e-01 -2.816304266452789307e-01 3.541183769702911377e-01
-1.886190325021743774e-01 -2.687395811080932617e-01 3.206269741058349609e-01
-1.825132220983505249e-01 -2.798154950141906738e-01 3.348010778427124023e-01
-1.808975189924240112e-01 -2.825379669666290283e-01 3.540360331535339355e-01
-1.788653284311294556e-01 -2.843494415283203125e-01 3.603290319442749023e-01
-1.952852755784988403e-01 -2.693021595478057861e-01 3.347122669219970703e-01
-1.792092621326446533e-01 -2.582340836524963379e-01 3.159800469875335693e-01
-2.363729476928710938e-01 -1.672629415988922119e-01 2.960519194602966309e-01
-1.794162988662719727e-01 -2.860811352729797363e-01 3.501767516136169434e-01
-1.658043712377548218e-01 -1.951668858528137207e-01 3.435814976692199707e-01
-1.936891674995422363e-01 -2.536506950855255127e-01 3.055174350738525391e-01
-1.680697798728942871e-01 -2.599792778491973877e-01 3.385469913482666016e-01
-1.829077303409576416e-01 -2.839495539665222168e-01 3.337980806827545166e-01
-2.062317430973052979e-01 -2.635652720928192139e-01 3.230378627777099609e-01
-1.877018213272094727e-01 -2.657219469547271729e-01 3.325807750225067139e-01
-1.717126667499542236e-01 -1.916420012712478638e-01 3.365928232669830322e-01
-1.891051083803176880e-01 -2.858760356903076172e-01 3.473188877105712891e-01
-1.336301863193511963e-01 -9.350223094224929810e-02 3.474843800067901611e-01
-1.791177988052368164e-01 -2.833738029003143311e-01 3.125877678394317627e-01
-1.784086823463439941e-01 -2.686582505702972412e-01 3.477020561695098877e-01
-1.960297822952270508e-01 -2.994586825370788574e-01 3.238452672958374023e-01
-1.949217319488525391e-01 -2.732807099819183350e-01 3.321661055088043213e-01
-1.865996122360229492e-01 -2.667724192142486572e-01 3.157010376453399658e-01
-1.890556514263153076e-01 -2.615352869033813477e-01 3.440854549407958984e-01
-1.905710399150848389e-01 -2.880240082740783691e-01 3.233367204666137695e-01
-1.796400099992752075e-01 -2.822425961494445801e-01 3.154673278331756592e-01
-1.700245887041091919e-01 -2.817759513854980469e-01 3.429673910140991211e-01
-1.783816516399383545e-01 -2.889839112758636475e-01 3.726467490196228027e-01
-1.814682781696319580e-01 -2.481962740421295166e-01 3.296306133270263672e-01
-1.861692070960998535e-01 -2.703147232532501221e-01 3.475595414638519287e-01
-1.953056901693344116e-01 -2.516831755638122559e-01 3.155682981014251709e-01
-1.653897464275360107e-01 -2.870826721191406250e-01 3.524516224861145020e-01
-1.668234765529632568e-01 -2.604185640811920166e-01 3.398721218109130859e-01
-1.860011965036392212e-01 -2.838695347309112549e-01 3.238250315189361572e-01
-1.865210831165313721e-01 -2.834106385707855225e-01 3.402343988418579102e-01
-1.646184176206588745e-01 -2.631171047687530518e-01 3.434069752693176270e-01
-1.726016402244567871e-01 -2.800771892070770264e-01 3.812490701675415039e-01
-1.950067728757858276e-01 -2.592616081237792969e-01 3.156278431415557861e-01
-1.751820743083953857e-01 -1.960872709751129150e-01 3.364604711532592773e-01
-1.835771352052688599e-01 -2.628864347934722900e-01 3.452078402042388916e-01
-1.851423382759094238e-01 -2.751784622669219971e-01 3.534919321537017822e-01
-1.804146766662597656e-01 -2.796521186828613281e-01 3.301084339618682861e-01
-1.931709349155426025e-01 -2.971642315387725830e-01 3.149828314781188965e-01
-1.895528882741928101e-01 -2.831207811832427979e-01 3.182322382926940918e-01
-9.743702411651611328e-02 -1.217820793390274048e-01 4.518088102340698242e-01
-1.814197748899459839e-01 -2.771724164485931396e-01 3.872336447238922119e-01
-1.948071867227554321e-01 -2.927144169807434082e-01 3.318481445312500000e-01
-1.833344101905822754e-01 -1.990032941102981567e-01 3.286127150058746338e-01
-1.767372339963912964e-01 -2.683082818984985352e-01 3.451614677906036377e-01
-1.728344112634658813e-01 -2.787135839462280273e-01 3.667950630187988281e-01
-1.818042546510696411e-01 -2.757985889911651611e-01 3.139204680919647217e-01
-1.858034878969192505e-01 -2.762933969497680664e-01 3.581498563289642334e-01
-2.488964796066284180e-01 -1.919442564249038696e-01 3.166038095951080322e-01
-1.777963489294052124e-01 -2.883875966072082520e-01 3.191063106060028076e-01
-1.888343244791030884e-01 -2.513229846954345703e-01 3.176466226577758789e-01
-1.778827160596847534e-01 -2.631551623344421387e-01 3.626371026039123535e-01
-1.833367198705673218e-01 -1.891845762729644775e-01 3.265624344348907471e-01
-1.889634430408477783e-01 -2.827988862991333008e-01 3.354195058345794678e-01
-1.513503938913345337e-01 -1.633151918649673462e-01 3.392187654972076416e-01
-1.751996725797653198e-01 -2.677671015262603760e-01 3.470669984817504883e-01
-1.427133381366729736e-01 -9.526957571506500244e-02 3.348468542098999023e-01
-1.877082139253616333e-01 -2.818246185779571533e-01 3.395574986934661865e-01
-1.750726401805877686e-01 -1.950853615999221802e-01 3.352245390415191650e-01
-1.902630180120468140e-01 -2.718207240104675293e-01 3.356982767581939697e-01
-1.862416416406631470e-01 -2.510387897491455078e-01 3.127826750278472900e-01
-1.899174153804779053e-01 -2.938496768474578857e-01 3.191473484039306641e-01
-1.705361157655715942e-01 -2.769178748130798340e-01 3.358582258224487305e-01
-1.898711621761322021e-01 -2.868499755859375000e-01 3.127936720848083496e-01
-1.824269294738769531e-01 -2.531763613224029541e-01 3.335615098476409912e-01
-1.804255843162536621e-01 -2.924769520759582520e-01 3.177610039710998535e-01
-1.852784454822540283e-01 -2.930335700511932373e-01 3.674794137477874756e-01
-1.806299835443496704e-01 -2.766453027725219727e-01 3.124000728130340576e-01
-1.727954447269439697e-01 -2.769826650619506836e-01 3.634848892688751221e-01
-1.393901109695434570e-01 -8.383407443761825562e-02 3.371818661689758301e-01
-1.432799249887466431e-01 -9.585663676261901855e-02 3.341089785099029541e-01
-1.732189357280731201e-01 -2.615130245685577393e-01 3.378511071205139160e-01
-1.831870079040527344e-01 -2.834194600582122803e-01 3.502261340618133545e-01
-1.764280200004577637e-01 -2.822508215904235840e-01 3.302038311958312988e-01
-1.890046596527099609e-01 -2.699916660785675049e-01 3.369268774986267090e-01
-1.834195554256439209e-01 -2.796601653099060059e-01 3.865704536437988281e-01
-1.686321347951889038e-01 -2.790485322475433350e-01 3.673427999019622803e-01
-1.439518630504608154e-01 -1.040717884898185730e-01 3.363807499408721924e-01
-1.949114352464675903e-01 -2.680391371250152588e-01 3.135010898113250732e-01
-1.646611839532852173e-01 -1.751420199871063232e-01 3.298225700855255127e-01
-1.729488074779510498e-01 -2.781940102577209473e-01 3.497408926486968994e-01
-1.925984174013137817e-01 -2.478502839803695679e-01 3.211762905120849609e-01
-1.752916127443313599e-01 -2.745385468006134033e-01 3.673528432846069336e-01
-1.831532269716262817e-01 -2.833518683910369873e-01 3.360925912857055664e-01
-1.478000581264495850e-01 -1.757100224494934082e-01 3.379035592079162598e-01
-1.971514374017715454e-01 -2.572622299194335938e-01 3.200137317180633545e-01
-1.401599496603012085e-01 -1.067018136382102966e-01 3.366716504096984863e-01
-1.809467226266860962e-01 -2.924013137817382812e-01 3.233242034912109375e-01
-1.804202347993850708e-01 -2.698992788791656494e-01 3.488196432590484619e-01
-1.726585179567337036e-01 -2.719886898994445801e-01 3.628320991992950439e-01
-1.764733046293258667e-01 -2.989065349102020264e-01 3.270435333251953125e-01
-1.633437424898147583e-01 -1.758977770805358887e-01 3.337669074535369873e-01
-1.582271158695220947e-01 -1.511468142271041870e-01 3.281711637973785400e-01
-1.708517074584960938e-01 -2.727586030960083008e-01 3.593419790267944336e-01
-1.790093481540679932e-01 -1.943969428539276123e-01 3.283447027206420898e-01
-1.951276510953903198e-01 -2.584830820560455322e-01 3.129576146602630615e-01
-1.771409064531326294e-01 -2.694072425365447998e-01 3.476081788539886475e-01
-1.734066009521484375e-01 -2.834821045398712158e-01 3.404614925384521484e-01
-1.339533627033233643e-01 -9.410878270864486694e-02 3.541222512722015381e-01
-2.296943515539169312e-01 -1.775292158126831055e-01 3.101339638233184814e-01
-1.855702549219131470e-01 -2.836980521678924561e-01 3.577868342399597168e-01
-1.642151623964309692e-01 -2.638136446475982666e-01 3.245623111724853516e-01
-1.912533640861511230e-01 -2.674000859260559082e-01 3.133087456226348877e-01
-1.768070608377456665e-01 -2.662284374237060547e-01 3.280982971191406250e-01
-1.828714311122894287e-01 -2.552945315837860107e-01 3.068998754024505615e-01
-1.719728410243988037e-01 -1.849511414766311646e-01 3.223266899585723877e-01
-1.804302632808685303e-01 -2.514129877090454102e-01 3.145524263381958008e-01
-1.432966887950897217e-01 -9.003975987434387207e-02 3.435550034046173096e-01
-1.722826957702636719e-01 -2.886755168437957764e-01 3.310996890068054199e-01
-1.494249701499938965e-01 -8.217641711235046387e-02 3.435372710227966309e-01
-1.834672391414642334e-01 -2.798594534397125244e-01 3.419702649116516113e-01
-1.833671778440475464e-01 -2.625815570354461670e-01 3.394348621368408203e-01
-1.305430978536605835e-01 -1.037203595042228699e-01 3.476677536964416504e-01
-1.842429935932159424e-01 -2.662658393383026123e-01 3.183564841747283936e-01
-1.620679795742034912e-01 -2.721429169178009033e-01 3.400846719741821289e-01
-1.764212250709533691e-01 -2.625947594642639160e-01 3.084504604339599609e-01
-1.677420437335968018e-01 -2.678031325340270996e-01 3.632711470127105713e-01
-1.459444314241409302e-01 -8.962228894233703613e-02 3.431114256381988525e-01
-1.492913365364074707e-01 -8.478376269340515137e-02 3.300268948078155518e-01
-1.824875921010971069e-01 -2.639993131160736084e-01 3.155097365379333496e-01
-1.590616554021835327e-01 -2.660971283912658691e-01 3.417806327342987061e-01
-1.963056027889251709e-01 -2.811193168163299561e-01 3.222597241401672363e-01
-2.412305623292922974e-01 -1.710535883903503418e-01 3.068146109580993652e-01
-1.742201000452041626e-01 -2.728349268436431885e-01 3.720560669898986816e-01
-1.872990876436233521e-01 -2.667640447616577148e-01 3.148845732212066650e-01
-1.768301427364349365e-01 -2.736562192440032959e-01 3.670899271965026855e-01
-1.841344386339187622e-01 -2.943437397480010986e-01 3.613802194595336914e-01
-1.556858271360397339e-01 -2.710866332054138184e-01 3.387113511562347412e-01
-1.405718624591827393e-01 -9.463653713464736938e-02 3.416955173015594482e-01
-1.781266331672668457e-01 -2.039936333894729614e-01 3.329576849937438965e-01
-1.748901307582855225e-01 -2.840990722179412842e-01 3.601870536804199219e-01
-1.612222343683242798e-01 -2.598428130149841309e-01 3.352308571338653564e-01
-1.816657632589340210e-01 -2.468259781599044800e-01 3.286126554012298584e-01
-1.624753475189208984e-01 -1.922926157712936401e-01 3.375377058982849121e-01
-1.868606060743331909e-01 -2.696010470390319824e-01 3.129112720489501953e-01
-1.701584905385971069e-01 -2.755626142024993896e-01 3.577509224414825439e-01
-1.839351356029510498e-01 -2.807976603507995605e-01 3.356809914112091064e-01
-1.729115396738052368e-01 -2.780499160289764404e-01 3.334063887596130371e-01
-1.981671154499053955e-01 -2.707570493221282959e-01 3.452921807765960693e-01
-1.586023569107055664e-01 -9.899061173200607300e-02 3.309030830860137939e-01
-1.932401955127716064e-01 -2.402115911245346069e-01 3.202086985111236572e-01
-2.421679049730300903e-01 -1.827916651964187622e-01 3.118778467178344727e-01
-1.812070310115814209e-01 -2.927262187004089355e-01 3.518718481063842773e-01
-1.808511614799499512e-01 -2.926523983478546143e-01 3.593177795410156250e-01
-1.796494275331497192e-01 -2.865788936614990234e-01 3.426831364631652832e-01
-2.043728828430175781e-01 -2.580360472202301025e-01 3.131756782531738281e-01
-1.868363022804260254e-01 -2.622611224651336670e-01 3.369243443012237549e-01
-1.936684548854827881e-01 -2.398103773593902588e-01 3.271757662296295166e-01
-1.761889010667800903e-01 -2.969196140766143799e-01 3.297773599624633789e-01
-1.847749501466751099e-01 -2.520709931850433350e-01 3.154151141643524170e-01
-1.689919233322143555e-01 -2.770495712757110596e-01 3.644582927227020264e-01
-1.741438955068588257e-01 -2.895246148109436035e-01 3.322996497154235840e-01
-1.721341907978057861e-01 -2.740102112293243408e-01 3.563844859600067139e-01
-1.640297025442123413e-01 -2.711816430091857910e-01 3.419756889343261719e-01
-1.849715858697891235e-01 -2.692472636699676514e-01 3.421022295951843262e-01
-1.830377876758575439e-01 -2.946810126304626465e-01 3.259308040142059326e-01
-1.706853657960891724e-01 -2.768741250038146973e-01 3.351754844188690186e-01
-1.834306865930557251e-01 -2.759580612182617188e-01 3.653551638126373291e-01
-1.753109842538833618e-01 -2.966315448284149170e-01 3.287404179573059082e-01
-1.967862844467163086e-01 -2.760609686374664307e-01 3.491031527519226074e-01
-1.387082487344741821e-01 -8.827672898769378662e-02 3.524480164051055908e-01
-1.820562183856964111e-01 -2.713397741317749023e-01 3.504813015460968018e-01
-1.789376735687255859e-01 -2.982619404792785645e-01 3.128555119037628174e-01
-1.869013756513595581e-01 -2.919614613056182861e-01 3.299672007560729980e-01
-1.336795985698699951e-01 -9.260385483503341675e-02 3.520820438861846924e-01
-1.759026646614074707e-01 -2.915657162666320801e-01 3.130090236663818359e-01
-1.731700599193572998e-01 -2.857978343963623047e-01 3.558179438114166260e-01
-1.836128085851669312e-01 -2.740658819675445557e-01 3.015970885753631592e-01
-1.514670699834823608e-01 -1.779393404722213745e-01 3.352004587650299072e-01
-1.838221400976181030e-01 -2.756644487380981445e-01 3.612224161624908447e-01
-1.758797615766525269e-01 -2.635874748229980469e-01 3.110126256942749023e-01
-1.956952065229415894e-01 -2.941063940525054932e-01 3.301708400249481201e-01
-1.720738261938095093e-01 -2.781656682491302490e-01 3.469037413597106934e-01
-1.621389836072921753e-01 -1.720577478408813477e-01 3.306422829627990723e-01
-1.808708757162094116e-01 -2.771811485290527344e-01 3.163641989231109619e-01
-2.280962020158767700e-01 -1.669753938913345337e-01 3.006301522254943848e-01
-1.839163899421691895e-01 -2.796202301979064941e-01 3.463602662086486816e-01
-1.656154245138168335e-01 -2.695292532444000244e-01 3.199068903923034668e-01
-1.693666577339172363e-01 -2.786292433738708496e-01 3.216952383518218994e-01
-1.660510301589965820e-01 -2.678336203098297119e-01 3.321428894996643066e-01
-1.702167242765426636e-01 -2.700912952423095703e-01 3.515673279762268066e-01
-1.595240682363510132e-01 -1.748092323541641235e-01 3.345084190368652344e-01
-1.709912270307540894e-01 -2.667296826839447021e-01 3.308698236942291260e-01
-1.902793347835540771e-01 -2.875669300556182861e-01 3.183823227882385254e-01
-1.451963484287261963e-01 -1.053453534841537476e-01 3.328892290592193604e-01
-1.996754556894302368e-01 -2.911524176597595215e-01 3.248553574085235596e-01
-1.529609858989715576e-01 -1.661377698183059692e-01 3.345803916454315186e-01
-1.710352897644042969e-01 -1.914383471012115479e-01 3.232787549495697021e-01
-1.901655644178390503e-01 -2.612228095531463623e-01 3.423447310924530029e-01
-1.777382045984268188e-01 -2.722869217395782471e-01 3.633995652198791504e-01
-1.493048369884490967e-01 -1.103816330432891846e-01 3.329629004001617432e-01
-1.885383129119873047e-01 -2.821291089057922363e-01 3.546573221683502197e-01
-1.595215797424316406e-01 -9.264681488275527954e-02 3.309730589389801025e-01
-1.746153980493545532e-01 -2.835441529750823975e-01 3.660467267036437988e-01
-1.963916122913360596e-01 -2.960557639598846436e-01 3.166477680206298828e-01
-1.413794457912445068e-01 -9.353838860988616943e-02 3.481044769287109375e-01
-1.880442649126052856e-01 -2.679756879806518555e-01 3.589653074741363525e-01
-2.001085877418518066e-01 -2.544372975826263428e-01 3.200384378433227539e-01
-1.416464447975158691e-01 -1.060781106352806091e-01 3.352329432964324951e-01
-1.382353603839874268e-01 -8.734470605850219727e-02 3.343757688999176025e-01
-1.764855831861495972e-01 -2.047724574804306030e-01 3.382260799407958984e-01
-1.824025809764862061e-01 -2.856686413288116455e-01 3.889637589454650879e-01
-9.923703223466873169e-02 -1.191187873482704163e-01 4.490092098712921143e-01
-1.931078433990478516e-01 -2.526483833789825439e-01 3.274784684181213379e-01
-1.282553374767303467e-01 -8.762364834547042847e-02 3.339520394802093506e-01
-1.707039475440979004e-01 -2.768545150756835938e-01 3.351934254169464111e-01
-1.731264442205429077e-01 -2.841705679893493652e-01 3.852035105228424072e-01
-1.927012950181961060e-01 -2.901982665061950684e-01 3.103362321853637695e-01
-1.519909501075744629e-01 -8.810081332921981812e-02 3.303315043449401855e-01
-1.787024885416030884e-01 -2.533111274242401123e-01 3.251433670520782471e-01
-1.402739584445953369e-01 -9.180766344070434570e-02 3.465032577514648438e-01
-2.004250288009643555e-01 -2.932559251785278320e-01 3.204679191112518311e-01
-1.424685865640640259e-01 -9.478098154067993164e-02 3.354850113391876221e-01
-1.374244689941406250e-01 -1.009281724691390991e-01 3.459427952766418457e-01
-1.824729591608047485e-01 -2.628430426120758057e-01 3.536038696765899658e-01
-1.759110540151596069e-01 -2.702767550945281982e-01 3.514076769351959229e-01
-1.387092471122741699e-01 -8.160194754600524902e-02 3.485423028469085693e-01
-1.986955851316452026e-01 -2.891479432582855225e-01 3.156352341175079346e-01
-1.585363447666168213e-01 -1.804546415805816650e-01 3.341515958309173584e-01
-1.732950508594512939e-01 -2.676469683647155762e-01 3.184012174606323242e-01
-1.911261230707168579e-01 -2.639392912387847900e-01 3.494883477687835693e-01
-1.799142211675643921e-01 -2.875551283359527588e-01 3.350611031055450439e-01
-1.830358207225799561e-01 -2.624503970146179199e-01 3.552035391330718994e-01
-1.675327420234680176e-01 -2.736461758613586426e-01 3.513157367706298828e-01
-1.763166338205337524e-01 -2.802057862281799316e-01 3.675241172313690186e-01
-1.756469756364822388e-01 -2.684391736984252930e-01 3.357557058334350586e-01
-1.837987750768661499e-01 -2.769826054573059082e-01 3.222329616546630859e-01
-1.694241017103195190e-01 -2.804462909698486328e-01 3.470670580863952637e-01
-1.575358957052230835e-01 -2.796266674995422363e-01 3.384065330028533936e-01
-1.846759468317031860e-01 -2.662739157676696777e-01 3.174642622470855713e-01
-1.820620894432067871e-01 -2.970792949199676514e-01 3.109115958213806152e-01
-1.867729723453521729e-01 -2.690773010253906250e-01 3.179596364498138428e-01
-2.364477813243865967e-01 -1.657833307981491089e-01 3.042322695255279541e-01
-2.398457229137420654e-01 -1.616880297660827637e-01 3.033718764781951904e-01
-1.869129538536071777e-01 -1.916758567094802856e-01 3.259685933589935303e-01
-1.725212782621383667e-01 -2.791384160518646240e-01 3.654026985168457031e-01
-1.654621660709381104e-01 -2.762379348278045654e-01 3.420768678188323975e-01
-1.811988502740859985e-01 -1.911886781454086304e-01 3.289341330528259277e-01
-1.839602440595626831e-01 -2.413073331117630005e-01 3.227642178535461426e-01
-1.778085827827453613e-01 -2.840738594532012939e-01 3.408907651901245117e-01
-1.840717345476150513e-01 -2.720126211643218994e-01 3.476952314376831055e-01
-1.837921738624572754e-01 -2.672584652900695801e-01 3.658316135406494141e-01
-1.617684811353683472e-01 -1.686947345733642578e-01 3.322028219699859619e-01
-1.681998819112777710e-01 -2.741082012653350830e-01 3.221366107463836670e-01
-1.737358123064041138e-01 -2.714023888111114502e-01 3.600545525550842285e-01
-1.949921399354934692e-01 -2.566812932491302490e-01 3.075042665004730225e-01
-1.746650338172912598e-01 -2.684750258922576904e-01 3.306964039802551270e-01
-1.593963652849197388e-01 -2.619463205337524414e-01 3.370246291160583496e-01
-1.791533976793289185e-01 -2.754321396350860596e-01 3.067326545715332031e-01
-1.670916825532913208e-01 -2.893430888652801514e-01 3.458093106746673584e-01
-1.907859295606613159e-01 -2.861856222152709961e-01 3.697947263717651367e-01
-1.877161711454391479e-01 -2.698864638805389404e-01 3.626926541328430176e-01
-1.728436350822448730e-01 -2.724930346012115479e-01 3.564276993274688721e-01
-1.727176904678344727e-01 -2.845457792282104492e-01 3.937413990497589111e-01
-2.409877181053161621e-01 -1.784312874078750610e-01 3.100702762603759766e-01
-1.843457520008087158e-01 -2.763299942016601562e-01 3.595211207866668701e-01
-1.880546510219573975e-01 -2.702305316925048828e-01 3.470565974712371826e-01
-1.937344372272491455e-01 -2.624207437038421631e-01 3.470327258110046387e-01
-1.890408843755722046e-01 -2.867475450038909912e-01 3.430901467800140381e-01
-1.830083280801773071e-01 -2.898708283901214600e-01 3.543366789817810059e-01
-1.750065237283706665e-01 -2.828555703163146973e-01 3.565759956836700439e-01
-1.729933023452758789e-01 -2.930824160575866699e-01 3.204919993877410889e-01
-1.795769482851028442e-01 -2.641885578632354736e-01 3.391079306602478027e-01
-1.360126882791519165e-01 -9.682059288024902344e-02 3.380556404590606689e-01
-1.728675514459609985e-01 -2.773993611335754395e-01 3.617532253265380859e-01
-1.735352426767349243e-01 -2.877961695194244385e-01 3.578542172908782959e-01
-1.802193671464920044e-01 -2.645660936832427979e-01 3.359424769878387451e-01
-1.731022745370864868e-01 -2.799078226089477539e-01 3.556130230426788330e-01
-1.906536519527435303e-01 -2.739637196063995361e-01 3.505393266677856445e-01
-1.887998133897781372e-01 -2.716169953346252441e-01 3.526876866817474365e-01
-1.846684664487838745e-01 -2.632399797439575195e-01 3.087714314460754395e-01
-1.829040646553039551e-01 -2.814846336841583252e-01 3.462860286235809326e-01
-1.920669227838516235e-01 -2.792557477951049805e-01 3.310301601886749268e-01
-1.739263683557510376e-01 -2.718507349491119385e-01 3.468483388423919678e-01
-1.957700699567794800e-01 -2.519487738609313965e-01 3.160129785537719727e-01
-1.738840043544769287e-01 -2.873331904411315918e-01 3.153492510318756104e-01
-1.500051617622375488e-01 -9.164316207170486450e-02 3.373844921588897705e-01
-2.071104496717453003e-01 -2.605277001857757568e-01 3.275885879993438721e-01
-1.727628856897354126e-01 -2.841107249259948730e-01 3.917038440704345703e-01
-1.749882549047470093e-01 -2.782484889030456543e-01 3.324631750583648682e-01
-1.837481558322906494e-01 -2.775853574275970459e-01 3.085590898990631104e-01
-1.377314329147338867e-01 -1.000008136034011841e-01 3.439783453941345215e-01
-1.815665364265441895e-01 -2.684455215930938721e-01 3.410100340843200684e-01
-1.940433233976364136e-01 -2.721062600612640381e-01 3.315004408359527588e-01
-1.771804839372634888e-01 -2.837756872177124023e-01 3.578241467475891113e-01
-1.726020872592926025e-01 -2.730013132095336914e-01 3.602823317050933838e-01
-1.827666908502578735e-01 -2.698527276515960693e-01 3.456236422061920166e-01
-1.530632972717285156e-01 -9.134362637996673584e-02 3.289191126823425293e-01
-2.305767387151718140e-01 -1.662111282348632812e-01 3.062171936035156250e-01
-2.024153918027877808e-01 -2.459664195775985718e-01 3.136342763900756836e-01
-1.791004538536071777e-01 -2.844827175140380859e-01 3.400500714778900146e-01
-1.481291055679321289e-01 -8.209475874900817871e-02 3.401011526584625244e-01
-1.753584146499633789e-01 -2.761526107788085938e-01 3.667670488357543945e-01
-1.308014392852783203e-01 -1.024266630411148071e-01 3.491035997867584229e-01
-1.870210617780685425e-01 -2.702795863151550293e-01 3.617680370807647705e-01
-1.581289917230606079e-01 -2.645236849784851074e-01 3.330499529838562012e-01
-1.809511929750442505e-01 -2.505578398704528809e-01 3.305021524429321289e-01
-1.361182481050491333e-01 -9.706007689237594604e-02 3.480445146560668945e-01
-1.769289076328277588e-01 -2.693693041801452637e-01 3.462766110897064209e-01
-1.312819868326187134e-01 -1.017037779092788696e-01 3.502673506736755371e-01
-1.711879521608352661e-01 -2.758220136165618896e-01 3.476371169090270996e-01
-1.359235197305679321e-01 -9.061562269926071167e-02 3.448510169982910156e-01
-1.979826986789703369e-01 -2.705743610858917236e-01 3.399989008903503418e-01
-2.049548178911209106e-01 -2.636922895908355713e-01 3.188010752201080322e-01
-1.826803982257843018e-01 -2.875138819217681885e-01 3.648214936256408691e-01
-1.755245476961135864e-01 -2.838104665279388428e-01 3.618482649326324463e-01
-1.924857050180435181e-01 -2.669526338577270508e-01 3.119705617427825928e-01
-1.425704509019851685e-01 -9.442753344774246216e-02 3.426327407360076904e-01
-1.841725558042526245e-01 -2.826495170593261719e-01 3.218463063240051270e-01
-1.982604265213012695e-01 -2.568638920783996582e-01 3.223129510879516602e-01
-1.513148099184036255e-01 -8.853923529386520386e-02 3.405283093452453613e-01
-1.761531382799148560e-01 -2.760531902313232422e-01 3.827297389507293701e-01
-1.810934543609619141e-01 -2.514156103134155273e-01 3.127403557300567627e-01
-1.677722185850143433e-01 -1.715895682573318481e-01 3.272030651569366455e-01
-1.998149454593658447e-01 -2.903918325901031494e-01 3.237004876136779785e-01
-1.364481151103973389e-01 -9.993915259838104248e-02 3.366390168666839600e-01
-1.559314727783203125e-01 -1.022200584411621094e-01 3.309577405452728271e-01
-1.751513332128524780e-01 -2.861357033252716064e-01 3.627613484859466553e-01
-1.323205381631851196e-01 -9.707838296890258789e-02 3.391602933406829834e-01
-1.883899271488189697e-01 -2.830969095230102539e-01 3.079926967620849609e-01
-1.922755837440490723e-01 -2.604381144046783447e-01 3.101396858692169189e-01
-1.655199974775314331e-01 -1.751517951488494873e-01 3.282797336578369141e-01
-1.826195120811462402e-01 -2.708476483821868896e-01 3.734093308448791504e-01
-1.857127100229263306e-01 -2.855956256389617920e-01 3.264412581920623779e-01
-1.723651140928268433e-01 -2.719078361988067627e-01 3.375163078308105469e-01
-1.286980658769607544e-01 -9.558653831481933594e-02 3.364444077014923096e-01
-1.552350223064422607e-01 -2.715146839618682861e-01 3.372804522514343262e-01
-2.347913235425949097e-01 -1.796800047159194946e-01 3.076195120811462402e-01
-1.934897303581237793e-01 -2.848111987113952637e-01 3.409669995307922363e-01
-1.629579067230224609e-01 -1.631012856960296631e-01 3.288560509681701660e-01
-1.510146707296371460e-01 -1.105884984135627747e-01 3.323589861392974854e-01
-1.868394613265991211e-01 -2.661014497280120850e-01 3.138318061828613281e-01
-1.454298347234725952e-01 -9.361007809638977051e-02 3.317494690418243408e-01
-1.517042666673660278e-01 -8.877522498369216919e-02 3.314380645751953125e-01
-1.849287152290344238e-01 -2.673773765563964844e-01 3.227874636650085449e-01
-1.401731222867965698e-01 -7.965351641178131104e-02 3.534848392009735107e-01
-1.612816452980041504e-01 -2.734633088111877441e-01 3.330215811729431152e-01
-1.400335431098937988e-01 -8.770702779293060303e-02 3.307999670505523682e-01
-1.971786916255950928e-01 -2.804560065269470215e-01 3.474364876747131348e-01
-1.787229478359222412e-01 -2.917699217796325684e-01 3.592350780963897705e-01
-1.714033931493759155e-01 -2.888959348201751709e-01 3.292049169540405273e-01
-1.732002794742584229e-01 -2.751875817775726318e-01 3.305690586566925049e-01
-1.496415734291076660e-01 -1.123594939708709717e-01 3.307042121887207031e-01
-1.785081475973129272e-01 -2.876157164573669434e-01 3.889303505420684814e-01
-1.775823831558227539e-01 -2.753502428531646729e-01 3.810317218303680420e-01
-1.817708909511566162e-01 -2.939282953739166260e-01 3.449296951293945312e-01
-1.494775116443634033e-01 -1.667299419641494751e-01 3.394477069377899170e-01
-1.687684655189514160e-01 -2.813219428062438965e-01 3.244382143020629883e-01
-1.405802518129348755e-01 -9.335434436798095703e-02 3.455174267292022705e-01
-1.612536311149597168e-01 -2.681895792484283447e-01 3.237378299236297607e-01
-1.644745618104934692e-01 -2.844673991203308105e-01 3.319721221923828125e-01
-1.560278236865997314e-01 -1.718288064002990723e-01 3.370675146579742432e-01
-1.835743337869644165e-01 -2.437188774347305298e-01 3.165070712566375732e-01
-1.898763179779052734e-01 -2.721866071224212646e-01 3.339943587779998779e-01
-1.832211762666702271e-01 -2.846561074256896973e-01 3.917771577835083008e-01
-1.886009573936462402e-01 -2.947855889797210693e-01 3.256195485591888428e-01
-1.808995306491851807e-01 -2.817069292068481445e-01 3.375414013862609863e-01
-1.959744095802307129e-01 -2.402172833681106567e-01 3.223880529403686523e-01
-1.656612455844879150e-01 -2.774612605571746826e-01 3.275780975818634033e-01
-1.837593764066696167e-01 -2.685615420341491699e-01 3.384102284908294678e-01
-2.361558377742767334e-01 -1.796948313713073730e-01 3.079665303230285645e-01
-1.733644455671310425e-01 -1.793392002582550049e-01 3.243133723735809326e-01
-1.320399492979049683e-01 -9.078703820705413818e-02 3.331127762794494629e-01
-1.414495557546615601e-01 -8.866661041975021362e-02 3.405646681785583496e-01
-1.816431879997253418e-01 -2.865598499774932861e-01 3.864539861679077148e-01
-1.871604621410369873e-01 -2.626956105232238770e-01 3.473296165466308594e-01
-1.577173620462417603e-01 -1.747127920389175415e-01 3.364661633968353271e-01
-1.804484277963638306e-01 -2.841832339763641357e-01 3.585861623287200928e-01
-1.809502840042114258e-01 -2.648538053035736084e-01 3.221715092658996582e-01
-1.931949108839035034e-01 -2.769771814346313477e-01 3.418708145618438721e-01
-1.697684675455093384e-01 -2.626377344131469727e-01 3.427057266235351562e-01
-2.012059837579727173e-01 -2.590104043483734131e-01 3.097377717494964600e-01
-1.957246959209442139e-01 -2.681415379047393799e-01 3.308219015598297119e-01
-1.800429672002792358e-01 -2.876441180706024170e-01 3.484100997447967529e-01
-1.993431746959686279e-01 -2.745143175125122070e-01 3.429967761039733887e-01
-1.478265821933746338e-01 -1.757883578538894653e-01 3.378030359745025635e-01
-1.787345409393310547e-01 -2.590849101543426514e-01 3.291074633598327637e-01
-1.413657516241073608e-01 -9.022013098001480103e-02 3.405235707759857178e-01
-1.750300973653793335e-01 -2.862720489501953125e-01 3.133253157138824463e-01
-1.697668284177780151e-01 -1.905143857002258301e-01 3.329275846481323242e-01
-1.640037745237350464e-01 -2.812413275241851807e-01 3.445285260677337646e-01
-1.788295358419418335e-01 -2.733023464679718018e-01 3.753719031810760498e-01
-1.898867934942245483e-01 -2.820077240467071533e-01 3.557784259319305420e-01
-1.748982220888137817e-01 -2.765818238258361816e-01 3.241176903247833252e-01
-1.842790693044662476e-01 -2.750043272972106934e-01 3.197324275970458984e-01
-1.907148659229278564e-01 -2.512389421463012695e-01 3.247490227222442627e-01
-1.595399975776672363e-01 -2.686222195625305176e-01 3.254010677337646484e-01
-1.563658863306045532e-01 -2.792582809925079346e-01 3.302014172077178955e-01
-1.721705943346023560e-01 -2.794186174869537354e-01 3.442873358726501465e-01
-1.886516660451889038e-01 -2.835905551910400391e-01 3.096480369567871094e-01
-1.732203215360641479e-01 -2.899938523769378662e-01 3.644437789916992188e-01
-1.796386986970901489e-01 -2.867591381072998047e-01 3.831169307231903076e-01
-1.719226241111755371e-01 -2.757888436317443848e-01 3.489172756671905518e-01
-1.476457417011260986e-01 -1.751703768968582153e-01 3.385234177112579346e-01
-1.813628077507019043e-01 -2.923086583614349365e-01 3.524178266525268555e-01
-1.386987268924713135e-01 -9.930896759033203125e-02 3.494322896003723145e-01
-1.588143259286880493e-01 -1.711609363555908203e-01 3.288581371307373047e-01
-1.737620681524276733e-01 -2.814415991306304932e-01 3.635582625865936279e-01
-1.560943275690078735e-01 -2.679091393947601318e-01 3.350664079189300537e-01
-1.832738816738128662e-01 -2.807647287845611572e-01 3.351228237152099609e-01
-1.828493773937225342e-01 -2.543576657772064209e-01 3.070259392261505127e-01
-1.798173487186431885e-01 -1.956540644168853760e-01 3.301772475242614746e-01
-1.627294123172760010e-01 -2.702970802783966064e-01 3.378857970237731934e-01
-2.043970823287963867e-01 -2.436913400888442993e-01 3.217831552028656006e-01
-1.728445738554000854e-01 -2.684980034828186035e-01 3.460154831409454346e-01
-1.768230944871902466e-01 -2.041370570659637451e-01 3.321979343891143799e-01
-1.872849911451339722e-01 -2.624378204345703125e-01 3.067604601383209229e-01
-1.797641217708587646e-01 -1.806705743074417114e-01 3.202835023403167725e-01
-1.690158694982528687e-01 -2.802510559558868408e-01 3.495726287364959717e-01
-1.720118373632431030e-01 -2.846231460571289062e-01 3.560812473297119141e-01
