5.832493305206298828e-02 -2.408649027347564697e-01 -1.114449277520179749e-01
-2.313749045133590698e-01 -4.471645355224609375e-01 -8.594430238008499146e-02
-4.785627126693725586e-01 -1.513890027999877930e-01 -1.083090677857398987e-01
-4.099124073982238770e-01 -1.035987865179777145e-03 -1.035291999578475952e-01
-4.008273780345916748e-02 -3.529016375541687012e-01 -8.147539943456649780e-02
-2.458533644676208496e-01 -4.289889931678771973e-01 -8.748638629913330078e-02
-1.115768179297447205e-01 -3.582163155078887939e-01 -1.100639030337333679e-01
-1.136269494891166687e-01 -3.908764421939849854e-01 -1.118702813982963562e-01
-1.001679450273513794e-01 -3.601813018321990967e-01 -1.080712825059890747e-01
-2.706607878208160400e-01 -4.713815748691558838e-01 -9.606549888849258423e-02
-3.995616137981414795e-01 -3.704082071781158447e-01 -8.518576622009277344e-02
6.358187645673751831e-02 -1.943708509206771851e-01 -8.220645785331726074e-02
-1.024312525987625122e-01 -3.908790647983551025e-01 -1.118186116218566895e-01
-4.037886261940002441e-01 -2.851758301258087158e-01 -1.081515178084373474e-01
-4.397369325160980225e-01 -1.359891295433044434e-01 -1.018017306923866272e-01
-2.003031549975275993e-03 -3.718951046466827393e-01 -8.441933244466781616e-02
-4.259603917598724365e-01 -2.604123651981353760e-01 -1.114978343248367310e-01
9.103176742792129517e-02 -2.568089663982391357e-01 -1.211933791637420654e-01
-2.713722288608551025e-01 -4.398731291294097900e-01 -8.851165324449539185e-02
-4.010348320007324219e-01 -3.757753074169158936e-01 -8.655981719493865967e-02
-1.455810293555259705e-02 -3.759029805660247803e-01 -8.499224483966827393e-02
-2.828794717788696289e-01 -4.327942430973052979e-01 -8.481876552104949951e-02
-2.588157951831817627e-01 -4.442934691905975342e-01 -9.013170003890991211e-02
-9.110666811466217041e-02 -3.713533878326416016e-01 -1.071913912892341614e-01
-1.144079938530921936e-01 -3.670724332332611084e-01 -1.104967072606086731e-01
-9.047406166791915894e-02 -4.019799530506134033e-01 -1.128091216087341309e-01
-2.693015038967132568e-01 -4.812809824943542480e-01 -9.868897497653961182e-02
-1.397913098335266113e-01 -3.593087792396545410e-01 -1.101889982819557190e-01
-3.259521722793579102e-02 -3.332211077213287354e-01 -7.961098849773406982e-02
-1.603670790791511536e-02 -3.514440059661865234e-01 -8.055675774812698364e-02
-2.689612470567226410e-02 -3.502717912197113037e-01 -8.111394941806793213e-02
-4.536129534244537354e-01 -2.739118337631225586e-01 -1.177894920110702515e-01
-9.273000806570053101e-02 -3.871535062789916992e-01 -1.100681498646736145e-01
-1.410215348005294800e-01 -3.667643666267395020e-01 -1.089157685637474060e-01
-1.103930100798606873e-01 -3.558583557605743408e-01 -1.098750755190849304e-01
-4.677525460720062256e-01 -2.879658937454223633e-01 -1.234758496284484863e-01
-5.652148276567459106e-02 -3.742664754390716553e-01 -7.795806974172592163e-02
-1.011421158909797668e-01 -3.747680485248565674e-01 -1.096213683485984802e-01
-4.079035520553588867e-01 -2.989838644862174988e-02 -9.131540358066558838e-02
-8.368369191884994507e-02 -3.982802927494049072e-01 -1.106852367520332336e-01
-1.083212271332740784e-01 -3.882553577423095703e-01 -1.117000132799148560e-01
-4.807934165000915527e-01 -1.191454306244850159e-01 -1.117698475718498230e-01
-4.799887910485267639e-02 -3.998699784278869629e-01 -7.669924944639205933e-02
-2.533481270074844360e-02 -4.101282656192779541e-01 -8.470413088798522949e-02
1.727820490486919880e-04 -3.951638638973236084e-01 -9.053549915552139282e-02
-1.066407561302185059e-01 -4.426370859146118164e-01 -1.202460676431655884e-01
-1.319379061460494995e-01 -3.741319179534912109e-01 -1.097372621297836304e-01
-2.615365386009216309e-01 -4.841671288013458252e-01 -9.931802749633789062e-02
-4.283975362777709961e-01 -2.653475403785705566e-01 -1.124652549624443054e-01
-4.021033346652984619e-01 -2.815293371677398682e-01 -1.084665507078170776e-01
-4.740943312644958496e-01 -1.411121934652328491e-01 -1.096781641244888306e-01
-1.415879279375076294e-01 -3.952791988849639893e-01 -1.060703173279762268e-01
8.733897656202316284e-02 -2.427678108215332031e-01 -1.176939681172370911e-01
-3.840815648436546326e-02 -3.387043476104736328e-01 -8.074390143156051636e-02
-4.032709300518035889e-01 -3.714486956596374512e-01 -8.586794137954711914e-02
-2.484505027532577515e-01 -4.571766555309295654e-01 -9.142809361219406128e-02
1.021900996565818787e-01 -2.700962722301483154e-01 -1.250341534614562988e-01
-4.377508759498596191e-01 -2.610059976577758789e-01 -1.126848980784416199e-01
-1.317618042230606079e-01 -3.488454520702362061e-01 -1.122288629412651062e-01
-4.157361388206481934e-02 -3.569844067096710205e-01 -8.149305731058120728e-02
-1.320740133523941040e-01 -3.977259993553161621e-01 -1.090323477983474731e-01
-2.412716597318649292e-01 -4.627868831157684326e-01 -9.068334102630615234e-02
-1.616353541612625122e-01 -3.369501233100891113e-01 -1.114213094115257263e-01
-1.312261521816253662e-01 -3.735835850238800049e-01 -1.098683997988700867e-01
-1.468640565872192383e-01 -3.546032607555389404e-01 -1.099423989653587341e-01
-2.739415764808654785e-01 -4.519454836845397949e-01 -9.073018282651901245e-02
-4.044968187808990479e-01 -2.377689927816390991e-01 -1.071476712822914124e-01
7.621304597705602646e-03 -2.713740170001983643e-01 -9.843801707029342651e-02
1.073870994150638580e-02 -4.142437577247619629e-01 -9.597268700599670410e-02
-3.294041845947504044e-03 -3.858982622623443604e-01 -8.795677125453948975e-02
-2.762045860290527344e-01 -4.794532358646392822e-01 -9.701731801033020020e-02
-1.033512353897094727e-01 -4.005886912345886230e-01 -1.134238317608833313e-01
3.576276078820228577e-02 -2.701787650585174561e-01 -1.040039956569671631e-01
6.037960946559906006e-02 -2.276932150125503540e-01 -1.096557080745697021e-01
5.131679028272628784e-02 -2.263034284114837646e-01 -1.084100306034088135e-01
-1.056310236454010010e-01 -3.597966134548187256e-01 -1.091563627123832703e-01
-2.856341600418090820e-01 -2.945693135261535645e-01 -1.452350020408630371e-01
-2.628838419914245605e-01 -4.279682934284210205e-01 -8.756898343563079834e-02
4.575463384389877319e-02 -2.415296584367752075e-01 -1.094970479607582092e-01
5.875047668814659119e-02 -2.402855008840560913e-01 -1.114620193839073181e-01
-1.069724261760711670e-01 -3.502157330513000488e-01 -1.091897860169410706e-01
9.689965844154357910e-02 -2.739487588405609131e-01 -1.225836426019668579e-01
-4.316430389881134033e-01 -1.145449057221412659e-01 -9.856501966714859009e-02
-1.549022197723388672e-01 -3.306435644626617432e-01 -1.147858574986457825e-01
-4.181306064128875732e-01 -2.952661514282226562e-01 -1.095522418618202209e-01
-3.954456746578216553e-01 -2.749054729938507080e-01 -1.084715500473976135e-01
-4.582621753215789795e-01 -2.686793208122253418e-01 -1.170368120074272156e-01
-4.574714228510856628e-03 -3.976863324642181396e-01 -9.038568288087844849e-02
-4.910572767257690430e-01 -1.530276983976364136e-01 -1.106330752372741699e-01
-1.159740090370178223e-01 -3.656882941722869873e-01 -1.105738431215286255e-01
-3.987732827663421631e-01 -3.915297985076904297e-01 -8.780899643898010254e-02
-1.356882750988006592e-01 -3.505737185478210449e-01 -1.119107156991958618e-01
-4.572183787822723389e-01 -2.963707447052001953e-01 -1.219641491770744324e-01
-2.720358408987522125e-02 -4.060946702957153320e-01 -8.423133194446563721e-02
-4.194520711898803711e-01 -2.800543010234832764e-01 -1.117375493049621582e-01
-3.987770974636077881e-01 -2.776983976364135742e-01 -1.085186600685119629e-01
-4.181715250015258789e-01 -3.041888177394866943e-01 -1.074056252837181091e-01
-2.399339154362678528e-02 -3.843905031681060791e-01 -8.479853719472885132e-02
-2.585164010524749756e-01 -4.583756923675537109e-01 -9.291726350784301758e-02
-2.828747332096099854e-01 -4.644093811511993408e-01 -9.195988625288009644e-02
-3.854862749576568604e-01 -2.587553858757019043e-01 -1.094313710927963257e-01
-1.311845630407333374e-01 -3.964284360408782959e-01 -1.092893257737159729e-01
-4.701423346996307373e-01 -1.506800204515457153e-01 -1.063065454363822937e-01
-4.608400762081146240e-01 -1.632995903491973877e-01 -9.987942129373550415e-02
6.232041493058204651e-02 -2.376602441072463989e-01 -1.117451712489128113e-01
-2.850235998630523682e-01 -4.309566318988800049e-01 -8.389449864625930786e-02
7.752086501568555832e-03 -3.884074687957763672e-01 -8.903647959232330322e-02
-4.011262655258178711e-01 3.776744008064270020e-03 -1.025661826133728027e-01
1.402090769261121750e-02 -4.013984799385070801e-01 -9.258459508419036865e-02
-1.387861818075180054e-01 -4.020972847938537598e-01 -1.067226603627204895e-01
4.035808891057968140e-02 -2.436750233173370361e-01 -1.087739244103431702e-01
-1.281680613756179810e-01 -3.370944559574127197e-01 -1.136951819062232971e-01
-4.051687717437744141e-01 -1.878089387901127338e-03 -1.024748533964157104e-01
9.651679545640945435e-02 -1.744991540908813477e-01 -9.696903824806213379e-02
-2.561451494693756104e-01 -4.541791975498199463e-01 -9.186171740293502808e-02
-4.429953172802925110e-02 -3.466586172580718994e-01 -8.129426836967468262e-02
-1.274994760751724243e-01 -3.861865997314453125e-01 -1.101208999752998352e-01
-4.881658852100372314e-01 -1.328761577606201172e-01 -1.151344254612922668e-01
6.238160282373428345e-02 -2.655984163284301758e-01 -1.120121181011199951e-01
-4.042213857173919678e-01 -2.991815209388732910e-01 -1.048324331641197205e-01
-1.108007282018661499e-01 -3.937926292419433594e-01 -1.122948080301284790e-01
-6.138546019792556763e-02 -3.815886974334716797e-01 -7.526798546314239502e-02
-4.195883274078369141e-01 -3.126372396945953369e-01 -1.051521003246307373e-01
-2.658495903015136719e-01 -4.402731359004974365e-01 -8.919097483158111572e-02
-2.315029650926589966e-01 -4.619638919830322266e-01 -8.733653277158737183e-02
-1.122455000877380371e-01 -3.631264865398406982e-01 -1.102223545312881470e-01
4.485516995191574097e-02 -2.755050361156463623e-01 -1.045836061239242554e-01
-9.467824548482894897e-02 -4.260464012622833252e-01 -1.193545162677764893e-01
-4.023835659027099609e-01 -3.009568154811859131e-01 -1.037826538085937500e-01
-2.653634250164031982e-01 -4.249074161052703857e-01 -8.695736527442932129e-02
-8.357753604650497437e-02 -4.043825864791870117e-01 -1.122142523527145386e-01
-4.624527096748352051e-01 -1.453163176774978638e-01 -1.056409925222396851e-01
-3.910634815692901611e-01 -2.735476195812225342e-01 -1.081798449158668518e-01
-5.143159255385398865e-02 -3.963875174522399902e-01 -7.595485448837280273e-02
-1.606636792421340942e-01 -3.519308269023895264e-01 -1.072384268045425415e-01
3.086703829467296600e-02 -2.751134037971496582e-01 -1.012668684124946594e-01
-4.851583838462829590e-01 -1.288164407014846802e-01 -1.141819208860397339e-01
-1.584204137325286865e-01 -3.522244095802307129e-01 -1.078190878033638000e-01
-2.647593617439270020e-01 -4.803309142589569092e-01 -9.863204509019851685e-02
-9.423989057540893555e-02 -4.064061343669891357e-01 -1.142724379897117615e-01
-2.706105709075927734e-01 -4.512448012828826904e-01 -9.100066870450973511e-02
-4.101132154464721680e-01 -4.910369403660297394e-03 -1.022055298089981079e-01
9.214124083518981934e-02 -2.758203446865081787e-01 -1.205147057771682739e-01
-2.551831901073455811e-01 -4.847995340824127197e-01 -9.818158298730850220e-02
-9.167350828647613525e-02 -4.265580475330352783e-01 -1.193697676062583923e-01
-1.131723150610923767e-01 -3.863506913185119629e-01 -1.115086749196052551e-01
-1.259730607271194458e-01 -3.436959683895111084e-01 -1.125916242599487305e-01
-4.382965713739395142e-02 -3.868405818939208984e-01 -7.989251613616943359e-02
-5.241700634360313416e-02 -3.760246932506561279e-01 -7.874913513660430908e-02
-1.353714764118194580e-01 -3.877012729644775391e-01 -1.084085553884506226e-01
5.612349510192871094e-02 -2.554921507835388184e-01 -1.113336682319641113e-01
6.311348080635070801e-02 -2.744738161563873291e-01 -1.104345321655273438e-01
-4.832865297794342041e-01 -1.209479272365570068e-01 -1.127797141671180725e-01
7.286473363637924194e-02 -2.496766448020935059e-01 -1.154280081391334534e-01
-2.696423232555389404e-01 -3.185693919658660889e-01 -1.464353203773498535e-01
-2.507858276367187500e-01 -4.275390803813934326e-01 -8.772929757833480835e-02
-3.332199901342391968e-02 -3.688464164733886719e-01 -8.249796926975250244e-02
-1.267034858465194702e-01 -3.870233297348022461e-01 -1.102596521377563477e-01
-2.388907074928283691e-01 -4.393754601478576660e-01 -8.723884820938110352e-02
-4.114975333213806152e-01 -2.467450648546218872e-01 -1.086318716406822205e-01
5.567333847284317017e-02 -2.230002880096435547e-01 -1.081190034747123718e-01
-1.257728878408670425e-02 -3.937567770481109619e-01 -8.814492821693420410e-02
-3.881856203079223633e-01 -2.698184549808502197e-01 -1.084673851728439331e-01
5.744411796331405640e-02 -2.299966067075729370e-01 -1.097566559910774231e-01
-4.712931513786315918e-01 -1.214710697531700134e-01 -1.092958524823188782e-01
-2.360749095678329468e-01 -4.275333285331726074e-01 -8.598464727401733398e-02
-1.531772315502166748e-02 -3.622760474681854248e-01 -8.254615962505340576e-02
9.396239370107650757e-02 -2.537021338939666748e-01 -1.214614361524581909e-01
-4.015983641147613525e-01 -2.479873038828372955e-02 -9.371796250343322754e-02
-1.252327580004930496e-02 -4.118244349956512451e-01 -8.964125812053680420e-02
1.745244301855564117e-02 -2.733592092990875244e-01 -9.919416904449462891e-02
7.786902040243148804e-02 -1.905144006013870239e-01 -8.672833442687988281e-02
5.164526775479316711e-02 -2.303983867168426514e-01 -1.091428026556968689e-01
3.090423904359340668e-02 -2.597560584545135498e-01 -1.056673452258110046e-01
6.968148797750473022e-02 -2.344985604286193848e-01 -1.124518439173698425e-01
-4.795814454555511475e-01 -1.393236666917800903e-01 -1.116752922534942627e-01
-2.458723336458206177e-01 -4.595658779144287109e-01 -9.132239222526550293e-02
-1.153910905122756958e-01 -3.887587487697601318e-01 -1.115962192416191101e-01
6.250406056642532349e-02 -2.728609144687652588e-01 -1.106359064579010010e-01
-2.795899808406829834e-01 -4.574789404869079590e-01 -9.104532748460769653e-02
-1.948234811425209045e-02 -3.793478608131408691e-01 -8.500495553016662598e-02
-4.267831444740295410e-01 -1.212080568075180054e-01 -9.886790066957473755e-02
-4.309834241867065430e-01 -2.887284457683563232e-01 -1.139244064688682556e-01
6.895139813423156738e-02 -2.462629526853561401e-01 -1.141482964158058167e-01
-4.601257145404815674e-01 -1.262371242046356201e-01 -1.064064055681228638e-01
-1.004006639122962952e-01 -4.327010810375213623e-01 -1.206751018762588501e-01
-4.744925200939178467e-01 -1.385674178600311279e-01 -1.101909279823303223e-01
3.447484914431697689e-06 -3.759213984012603760e-01 -8.547251671552658081e-02
-1.599777117371559143e-02 -3.739927709102630615e-01 -8.456836640834808350e-02
-4.555183947086334229e-01 -1.179507672786712646e-01 -1.043429374694824219e-01
6.742518395185470581e-02 -1.928830444812774658e-01 -8.357101678848266602e-02
-4.002946317195892334e-01 -3.860134780406951904e-01 -8.803335577249526978e-02
8.709742128849029541e-02 -1.765239387750625610e-01 -9.432084113359451294e-02
-4.091322422027587891e-01 -3.576687769964337349e-03 -1.025843173265457153e-01
-4.062497019767761230e-01 -3.312578424811363220e-02 -8.988267183303833008e-02
-2.754845321178436279e-01 -4.412215054035186768e-01 -8.811631053686141968e-02
-3.970511257648468018e-01 -3.884476125240325928e-01 -8.721649646759033203e-02
-9.583613276481628418e-02 -4.276586771011352539e-01 -1.197760105133056641e-01
4.046978056430816650e-02 -2.366920858621597290e-01 -1.085993126034736633e-01
-1.120667904615402222e-01 -4.022561311721801758e-01 -1.132347211241722107e-01
2.957672998309135437e-02 -2.800584435462951660e-01 -9.904067963361740112e-02
3.252797201275825500e-02 -2.532343268394470215e-01 -1.070194840431213379e-01
9.089294821023941040e-02 -1.629432439804077148e-01 -9.790068119764328003e-02
-2.435780018568038940e-01 -4.212247729301452637e-01 -8.681496232748031616e-02
-4.591968357563018799e-01 -2.859822213649749756e-01 -1.214161664247512817e-01
-3.988094329833984375e-01 -2.546494007110595703e-01 -1.095031872391700745e-01
-2.347141057252883911e-01 -4.429762959480285645e-01 -8.656039088964462280e-02
7.166489958763122559e-02 -2.419127523899078369e-01 -1.141831502318382263e-01
-1.273032426834106445e-01 -3.608770072460174561e-01 -1.109572872519493103e-01
5.838111042976379395e-02 -2.524006068706512451e-01 -1.119681075215339661e-01
-4.540109634399414062e-01 -2.762992680072784424e-01 -1.184038817882537842e-01
-9.612705558538436890e-02 -4.136632978916168213e-01 -1.161505058407783508e-01
-4.376466870307922363e-01 -3.028310239315032959e-01 -1.144335567951202393e-01
-2.558045983314514160e-01 -4.340712130069732666e-01 -8.855254203081130981e-02
-4.467033147811889648e-01 -2.854712903499603271e-01 -1.181730553507804871e-01
7.336562126874923706e-02 -2.395115196704864502e-01 -1.141245886683464050e-01
-2.234106808900833130e-01 -4.476068019866943359e-01 -8.326020836830139160e-02
-4.125378131866455078e-01 2.034067409113049507e-03 -1.048030555248260498e-01
-1.526152528822422028e-02 -3.984330594539642334e-01 -8.806401491165161133e-02
-4.259948730468750000e-01 -2.844440639019012451e-01 -1.129046306014060974e-01
-2.557175159454345703e-01 -4.822491109371185303e-01 -9.788988530635833740e-02
-2.393121272325515747e-01 -4.758953750133514404e-01 -9.181161969900131226e-02
-1.336178034543991089e-01 -4.107216000556945801e-01 -1.084926947951316833e-01
7.053351402282714844e-02 -1.881506443023681641e-01 -8.618728071451187134e-02
-2.639692425727844238e-01 -4.582882821559906006e-01 -9.305127710103988647e-02
8.100543916225433350e-02 -2.626785635948181152e-01 -1.183133870363235474e-01
-4.127425551414489746e-01 -2.899194955825805664e-01 -1.091956868767738342e-01
-4.037016034126281738e-01 -2.428061701357364655e-02 -9.398478269577026367e-02
1.015557628124952316e-02 -4.184421598911285400e-01 -9.673437476158142090e-02
9.239951521158218384e-02 -2.620880007743835449e-01 -1.220584735274314880e-01
-4.638647437095642090e-01 -1.232656314969062805e-01 -1.072622835636138916e-01
5.004382878541946411e-02 -2.841938138008117676e-01 -1.029377952218055725e-01
-4.326923489570617676e-01 -1.442916691303253174e-01 -1.001305878162384033e-01
-2.659989595413208008e-01 -3.121759295463562012e-01 -1.450860798358917236e-01
-1.315894573926925659e-01 -3.632504642009735107e-01 -1.105589270591735840e-01
3.470848500728607178e-02 -2.457765638828277588e-01 -1.079825386404991150e-01
7.842144370079040527e-02 -2.415026426315307617e-01 -1.155609637498855591e-01
-4.054287970066070557e-01 -2.981196641921997070e-01 -1.054729744791984558e-01
-2.519322931766510010e-01 -4.784530699253082275e-01 -9.627138078212738037e-02
8.574721403419971466e-03 -2.761358320713043213e-01 -9.655217826366424561e-02
-1.479933410882949829e-01 -3.355064690113067627e-01 -1.142805293202400208e-01
-5.825913697481155396e-02 -3.872033655643463135e-01 -7.518992573022842407e-02
-3.461802750825881958e-02 -4.002681076526641846e-01 -8.180972933769226074e-02
8.078480511903762817e-02 -2.394076287746429443e-01 -1.155948713421821594e-01
-4.143084883689880371e-01 -2.997340261936187744e-01 -1.074471473693847656e-01
-1.469954103231430054e-01 -3.387675881385803223e-01 -1.135502904653549194e-01
7.332945615053176880e-02 -2.339101880788803101e-01 -1.129435971379280090e-01
-2.305370271205902100e-01 -4.520374834537506104e-01 -8.606836944818496704e-02
-1.204312741756439209e-01 -4.237937331199645996e-01 -1.139766797423362732e-01
-4.058311879634857178e-01 -3.680152893066406250e-01 -8.513426780700683594e-02
-4.648283421993255615e-01 -1.206614077091217041e-01 -1.072794273495674133e-01
-1.857545599341392517e-02 -3.367882072925567627e-01 -7.804232090711593628e-02
-5.902297422289848328e-02 -3.737483322620391846e-01 -7.739248126745223999e-02
-2.615934312343597412e-01 -4.214988052845001221e-01 -8.695966005325317383e-02
-4.158429801464080811e-01 -2.599717974662780762e-01 -1.106709763407707214e-01
-4.664789438247680664e-01 -1.316985040903091431e-01 -1.083001643419265747e-01
-2.351963669061660767e-01 -4.322676062583923340e-01 -8.600405603647232056e-02
5.629848316311836243e-02 -2.571114003658294678e-01 -1.112778410315513611e-01
-4.042094051837921143e-01 -3.770289719104766846e-01 -8.730528503656387329e-02
-1.148247569799423218e-01 -4.082836806774139404e-01 -1.136463209986686707e-01
-3.781495988368988037e-02 -3.922640085220336914e-01 -8.129433542490005493e-02
-4.165167510509490967e-01 -2.631352841854095459e-01 -1.110206320881843567e-01
-1.029821783304214478e-01 -4.428436160087585449e-01 -1.215789169073104858e-01
-2.821141481399536133e-01 -2.962476313114166260e-01 -1.459449976682662964e-01
-4.076696038246154785e-01 -2.859855592250823975e-01 -1.087709441781044006e-01
-3.827223777770996094e-01 -3.828500807285308838e-01 -8.229591697454452515e-02
-1.188578382134437561e-01 -4.218153059482574463e-01 -1.143168658018112183e-01
9.692389518022537231e-02 -2.693988084793090820e-01 -1.234239935874938965e-01
-3.873442485928535461e-02 -3.949248194694519043e-01 -8.078702539205551147e-02
-4.583055973052978516e-01 -3.039558827877044678e-01 -1.220836341381072998e-01
-9.728499501943588257e-02 -4.027803540229797363e-01 -1.136597692966461182e-01
-1.347534209489822388e-01 -3.938206434249877930e-01 -1.083482801914215088e-01
-4.043601453304290771e-01 -2.497150450944900513e-01 -1.090949848294258118e-01
6.392419338226318359e-02 -2.855706214904785156e-01 -1.070428714156150818e-01
-4.045133590698242188e-01 -3.952723443508148193e-01 -8.948680758476257324e-02
-4.943807423114776611e-02 -3.955686092376708984e-01 -7.685653120279312134e-02
-4.858737587928771973e-01 -1.571672111749649048e-01 -1.077364161610603333e-01
-4.363323450088500977e-01 -3.162151575088500977e-01 -1.103787422180175781e-01
-4.561685323715209961e-01 -1.109207049012184143e-01 -1.032612770795822144e-01
-1.450136750936508179e-01 -3.337525427341461182e-01 -1.149357259273529053e-01
1.355744246393442154e-02 -3.931900560855865479e-01 -9.021726995706558228e-02
4.159591719508171082e-02 -2.499591857194900513e-01 -1.087583228945732117e-01
-4.214713871479034424e-01 -2.440350949764251709e-01 -1.080486252903938293e-01
-4.875843822956085205e-01 -1.580104827880859375e-01 -1.076684668660163879e-01
-1.189594268798828125e-01 -4.099032282829284668e-01 -1.129961907863616943e-01
-2.281397208571434021e-02 -3.335995376110076904e-01 -7.815413922071456909e-02
-9.647523611783981323e-02 -4.259892404079437256e-01 -1.193289831280708313e-01
-3.805402517318725586e-01 -3.945404291152954102e-01 -8.045542240142822266e-02
-1.512468010187149048e-01 -3.433194458484649658e-01 -1.118188798427581787e-01
-6.165222823619842529e-02 -3.798926174640655518e-01 -7.552327215671539307e-02
-4.479331970214843750e-01 -1.562930047512054443e-01 -1.000229418277740479e-01
-4.517341852188110352e-01 -2.999975681304931641e-01 -1.199773401021957397e-01
-1.093924194574356079e-01 -3.863507807254791260e-01 -1.115175336599349976e-01
-4.019304215908050537e-01 -2.383517920970916748e-01 -1.074214130640029907e-01
-1.024174317717552185e-01 -3.394218981266021729e-01 -1.079728826880455017e-01
-1.490415483713150024e-01 -3.871441185474395752e-01 -1.041013449430465698e-01
-4.726791381835937500e-01 -1.199058443307876587e-01 -1.095099821686744690e-01
-1.294173896312713623e-01 -3.803900182247161865e-01 -1.098770946264266968e-01
-4.006196260452270508e-01 9.974218904972076416e-03 -1.025111898779869080e-01
8.859729766845703125e-02 -2.424143850803375244e-01 -1.178486570715904236e-01
-4.524414539337158203e-01 -1.327505409717559814e-01 -1.045126914978027344e-01
-1.479310356080532074e-02 -3.580860495567321777e-01 -8.174064010381698608e-02
-2.053396962583065033e-02 -3.386545181274414062e-01 -7.870278507471084595e-02
-3.853489160537719727e-01 -3.915316760540008545e-01 -8.283309638500213623e-02
5.676217004656791687e-02 -2.489067316055297852e-01 -1.116034090518951416e-01
8.582909405231475830e-02 -2.780089378356933594e-01 -1.176588311791419983e-01
-2.143231779336929321e-02 -4.044927060604095459e-01 -8.642660826444625854e-02
4.083222150802612305e-02 -2.728938460350036621e-01 -1.043715253472328186e-01
-1.042151451110839844e-01 -4.343563616275787354e-01 -1.202947646379470825e-01
-4.140741229057312012e-01 -2.471593171358108521e-01 -1.087125390768051147e-01
-1.518703103065490723e-01 -3.806519210338592529e-01 -1.039163991808891296e-01
-4.008629322052001953e-01 -3.881904184818267822e-01 -8.837839961051940918e-02
-1.093212440609931946e-01 -3.505100607872009277e-01 -1.096851453185081482e-01
-7.890120148658752441e-03 -3.974370956420898438e-01 -8.969333022832870483e-02
-4.068046808242797852e-01 -4.280840046703815460e-03 -1.020389199256896973e-01
2.308406867086887360e-02 -2.669016718864440918e-01 -1.024649888277053833e-01
2.617612667381763458e-02 -2.541134357452392578e-01 -1.059664115309715271e-01
-4.947896897792816162e-01 -1.348245143890380859e-01 -1.170701980590820312e-01
-7.049086852930486202e-04 -4.051181972026824951e-01 -9.253878146409988403e-02
-2.252700626850128174e-01 -4.395318031311035156e-01 -8.360033482313156128e-02
-4.427111744880676270e-01 -3.142235875129699707e-01 -1.136471107602119446e-01
-1.381598562002182007e-01 -3.709159791469573975e-01 -1.089609637856483459e-01
-1.054980307817459106e-01 -3.909300267696380615e-01 -1.119603365659713745e-01
-1.552465409040451050e-01 -3.476982414722442627e-01 -1.098544225096702576e-01
-4.678948819637298584e-01 -1.208848729729652405e-01 -1.082059144973754883e-01
-4.160375893115997314e-02 -3.838694691658020020e-01 -8.075863122940063477e-02
-4.344936311244964600e-01 -1.414336711168289185e-01 -1.006473898887634277e-01
4.103602468967437744e-02 -2.411194294691085815e-01 -1.088406592607498169e-01
-1.234080456197261810e-02 -4.161933064460754395e-01 -8.951774984598159790e-02
-4.711440205574035645e-01 -3.047747015953063965e-01 -1.264863461256027222e-01
-2.244508862495422363e-01 -4.461665153503417969e-01 -8.357308804988861084e-02
-1.094117835164070129e-01 -4.086835086345672607e-01 -1.144874170422554016e-01
4.934182018041610718e-02 -2.630824148654937744e-01 -1.088426634669303894e-01
-4.669960141181945801e-01 -1.234271600842475891e-01 -1.081966161727905273e-01
-4.893854558467864990e-01 -1.417421847581863403e-01 -1.142387017607688904e-01
-3.808801248669624329e-02 -3.695605695247650146e-01 -8.192020654678344727e-02
-1.190756633877754211e-01 -3.566492497920989990e-01 -1.109337359666824341e-01
-1.185649782419204712e-01 -4.288995862007141113e-01 -1.151009723544120789e-01
-4.371618330478668213e-01 -1.242042258381843567e-01 -1.009622514247894287e-01
-2.901545539498329163e-02 -3.341633677482604980e-01 -7.921201735734939575e-02
-4.293202422559261322e-03 -3.859283924102783203e-01 -8.788014203310012817e-02
6.261418759822845459e-02 -2.807697653770446777e-01 -1.083584800362586975e-01
-1.564634591341018677e-02 -4.087586700916290283e-01 -8.850673586130142212e-02
-4.707773625850677490e-01 -1.525828391313552856e-01 -1.058887317776679993e-01
-4.258697330951690674e-01 -3.012139201164245605e-01 -1.106537654995918274e-01
-2.867822349071502686e-02 -3.715356290340423584e-01 -8.314718306064605713e-02
-4.839255213737487793e-01 -1.494519263505935669e-01 -1.104022637009620667e-01
-4.064979553222656250e-01 -2.561804354190826416e-01 -1.098031923174858093e-01
-1.400024741888046265e-01 -3.424504697322845459e-01 -1.131986975669860840e-01
-2.585218250751495361e-01 -4.398658275604248047e-01 -8.939156681299209595e-02
-1.235939264297485352e-01 -4.114290177822113037e-01 -1.119152158498764038e-01
4.800554737448692322e-02 -2.267049849033355713e-01 -1.081752181053161621e-01
-1.534078121185302734e-01 -3.509752452373504639e-01 -1.094336062669754028e-01
-2.540192306041717529e-01 -4.452421069145202637e-01 -9.007999300956726074e-02
-4.094630181789398193e-01 -2.434136271476745605e-01 -1.080430522561073303e-01
-2.648290395736694336e-01 -4.190257787704467773e-01 -8.638424426317214966e-02
-1.567167788743972778e-01 -3.706506788730621338e-01 -1.039672717452049255e-01
-4.636776149272918701e-01 -1.214361414313316345e-01 -1.070296615362167358e-01
-4.056989550590515137e-01 -3.842829763889312744e-01 -8.903299272060394287e-02
6.531347334384918213e-02 -1.916603296995162964e-01 -8.368781208992004395e-02
-5.445757880806922913e-02 -3.572788834571838379e-01 -8.031918853521347046e-02
-2.151942811906337738e-02 -3.556612730026245117e-01 -8.162859082221984863e-02
3.324348852038383484e-02 -2.819406986236572266e-01 -9.914431720972061157e-02
-2.880721688270568848e-01 -2.995111346244812012e-01 -1.462765932083129883e-01
-1.193073689937591553e-01 -3.525291979312896729e-01 -1.111464425921440125e-01
-1.280403286218643188e-01 -3.511692881584167480e-01 -1.118584573268890381e-01
-4.326075017452239990e-01 -3.092028498649597168e-01 -1.111017391085624695e-01
-2.722151763737201691e-02 -3.469146192073822021e-01 -8.071012794971466064e-02
-4.490795433521270752e-01 -2.763022780418395996e-01 -1.174781918525695801e-01
-1.197451502084732056e-01 -3.247295916080474854e-01 -1.137414574623107910e-01
-1.031525358557701111e-01 -4.009467959403991699e-01 -1.134856492280960083e-01
-4.461555182933807373e-01 -2.594008445739746094e-01 -1.130794063210487366e-01
-2.549211382865905762e-01 -4.238592088222503662e-01 -8.749032765626907349e-02
-2.541510388255119324e-02 -4.051221311092376709e-01 -8.496306836605072021e-02
-1.413268446922302246e-01 -3.339467346668243408e-01 -1.149979755282402039e-01
-4.333127140998840332e-01 -2.563448250293731689e-01 -1.112753972411155701e-01
-9.843785315752029419e-02 -4.203219413757324219e-01 -1.178167313337326050e-01
-1.794069632887840271e-02 -3.576942384243011475e-01 -8.180849254131317139e-02
-2.632033228874206543e-01 -4.240967631340026855e-01 -8.708590269088745117e-02
-1.092301234602928162e-01 -3.770748376846313477e-01 -1.106996312737464905e-01
8.062405884265899658e-02 -1.731759160757064819e-01 -9.345793724060058594e-02
8.129236102104187012e-02 -1.732148975133895874e-01 -9.364238381385803223e-02
-4.208668768405914307e-01 -2.540490329265594482e-01 -1.101232618093490601e-01
-2.726604044437408447e-01 -3.205570876598358154e-01 -1.476947814226150513e-01
-4.498445391654968262e-01 -2.898308038711547852e-01 -1.193666607141494751e-01
-4.107835292816162109e-01 -3.665589988231658936e-01 -8.471637219190597534e-02
7.569736987352371216e-02 -2.513450682163238525e-01 -1.163206249475479126e-01
-1.521951798349618912e-02 -3.655451238155364990e-01 -8.313720673322677612e-02
-4.607517123222351074e-01 -1.631151139736175537e-01 -9.993739426136016846e-02
5.959113314747810364e-02 -2.417045831680297852e-01 -1.117499619722366333e-01
-4.982600510120391846e-01 -1.456622481346130371e-01 -1.150025874376296997e-01
-9.263120591640472412e-02 -4.397526085376739502e-01 -1.226520240306854248e-01
-1.479350477457046509e-01 -3.807136416435241699e-01 -1.052740812301635742e-01
-3.888616105541586876e-03 -4.087162911891937256e-01 -9.230367094278335571e-02
-2.489053159952163696e-01 -4.475418925285339355e-01 -8.990454673767089844e-02
-1.793082617223262787e-02 -3.835599124431610107e-01 -8.576990664005279541e-02
6.570107489824295044e-02 -2.842559218406677246e-01 -1.081850975751876831e-01
-4.112295210361480713e-01 -2.961809337139129639e-01 -1.074920892715454102e-01
-3.698138147592544556e-02 -4.022006392478942871e-01 -8.073341846466064453e-02
-2.834751904010772705e-01 -4.529847800731658936e-01 -8.901554346084594727e-02
-4.475597441196441650e-01 -1.367149651050567627e-01 -1.032707244157791138e-01
-1.543331593275070190e-01 -3.287089467048645020e-01 -1.154519245028495789e-01
6.779492646455764771e-02 -2.786680161952972412e-01 -1.108622178435325623e-01
-2.304254323244094849e-01 -4.642925560474395752e-01 -8.714883029460906982e-02
-1.585850119590759277e-02 -3.814958930015563965e-01 -8.576630800962448120e-02
8.479511737823486328e-02 -2.442721128463745117e-01 -1.175057291984558105e-01
-1.461078077554702759e-01 -3.477558791637420654e-01 -1.115322113037109375e-01
-4.200553596019744873e-01 -2.843382954597473145e-01 -1.115761697292327881e-01
-1.126684918999671936e-01 -3.969675600528717041e-01 -1.125382632017135620e-01
-1.175938323140144348e-01 -3.766207695007324219e-01 -1.108617708086967468e-01
8.612608164548873901e-02 -1.571165919303894043e-01 -9.630201011896133423e-02
-4.840888977050781250e-01 -1.264800131320953369e-01 -1.137143746018409729e-01
8.606996387243270874e-02 -2.805198729038238525e-01 -1.169129014015197754e-01
-9.432004392147064209e-02 -4.274647235870361328e-01 -1.197260916233062744e-01
-4.306012690067291260e-01 -2.858120501041412354e-01 -1.139547675848007202e-01
-1.064700353890657425e-02 -3.718788623809814453e-01 -8.442011475563049316e-02
-4.365459978580474854e-01 -1.122289672493934631e-01 -9.901642799377441406e-02
-4.527804553508758545e-01 -1.399205625057220459e-01 -1.041417121887207031e-01
-2.073796465992927551e-02 -4.011969268321990967e-01 -8.661456406116485596e-02
-1.012074500322341919e-01 -4.276009202003479004e-01 -1.193933859467506409e-01
-4.175968468189239502e-01 -2.981702983379364014e-01 -1.087799221277236938e-01
-1.131609156727790833e-01 -3.309590518474578857e-01 -1.114187240600585938e-01
-2.672395408153533936e-01 -4.658019840717315674e-01 -9.484879672527313232e-02
-4.411787688732147217e-01 -2.660462260246276855e-01 -1.141637712717056274e-01
-3.953939080238342285e-01 -3.821758031845092773e-01 -8.629029244184494019e-02
-4.035845398902893066e-01 -2.540405690670013428e-01 -1.095349043607711792e-01
-1.159428432583808899e-01 -3.292826116085052490e-01 -1.122981384396553040e-01
5.030664801597595215e-02 -2.278532534837722778e-01 -1.085871458053588867e-01
-1.747824065387248993e-02 -3.851524293422698975e-01 -8.604378998279571533e-02
-1.449044644832611084e-01 -3.270854949951171875e-01 -1.166234090924263000e-01
-4.331184029579162598e-01 -2.561898827552795410e-01 -1.112275123596191406e-01
-1.231415867805480957e-01 -4.317868053913116455e-01 -1.133846044540405273e-01
4.544902965426445007e-02 -2.523878216743469238e-01 -1.092757955193519592e-01
-4.645037651062011719e-01 -3.053596317768096924e-01 -1.242075636982917786e-01
7.030001282691955566e-02 -2.711199223995208740e-01 -1.136572957038879395e-01
-8.380410075187683105e-02 -4.068259298801422119e-01 -1.129090934991836548e-01
-4.103688597679138184e-01 -3.643158674240112305e-01 -8.402637392282485962e-02
-2.588246464729309082e-01 -4.614089131355285645e-01 -9.362386912107467651e-02
6.500762887299060822e-03 -2.724599540233612061e-01 -9.783544391393661499e-02
-2.725662291049957275e-01 -4.813219010829925537e-01 -9.821556508541107178e-02
-1.196968853473663330e-01 -3.773516118526458740e-01 -1.108237132430076599e-01
-2.269472740590572357e-02 -3.282077908515930176e-01 -7.717511057853698730e-02
-2.435652166604995728e-01 -4.558249115943908691e-01 -9.020666033029556274e-02
6.754591595381498337e-03 -3.847074210643768311e-01 -8.792578428983688354e-02
1.022305488586425781e-01 -1.665470451116561890e-01 -1.005135402083396912e-01
-2.580768465995788574e-01 -4.391809701919555664e-01 -8.928778022527694702e-02
3.690458834171295166e-02 -2.796249389648437500e-01 -1.010082587599754333e-01
-4.101716578006744385e-01 -8.107468485832214355e-03 -1.009835451841354370e-01
-1.172717660665512085e-01 -3.602180778980255127e-01 -1.106774061918258667e-01
-4.619329571723937988e-01 -1.320211142301559448e-01 -1.069795191287994385e-01
-8.379966020584106445e-02 -4.016221165657043457e-01 -1.115462630987167358e-01
6.243911013007164001e-02 -2.365737110376358032e-01 -1.116085201501846313e-01
-3.960439860820770264e-01 -2.677337527275085449e-01 -1.092716604471206665e-01
-4.033742249011993408e-01 -2.370324432849884033e-01 -1.070730015635490417e-01
-4.015793800354003906e-01 -2.274824120104312897e-02 -9.456185251474380493e-02
-4.312437772750854492e-01 -1.479603946208953857e-01 -9.949219226837158203e-02
-4.545371532440185547e-01 -2.897960841655731201e-01 -1.207303628325462341e-01
-9.020621329545974731e-02 -3.843255937099456787e-01 -1.090767160058021545e-01
-4.424865543842315674e-01 -1.523175984621047974e-01 -1.001739427447319031e-01
5.581920966506004333e-02 -2.189859896898269653e-01 -1.071601063013076782e-01
1.875357329845428467e-02 -2.634970545768737793e-01 -1.027752533555030823e-01
-8.621928095817565918e-02 -4.201112389564514160e-01 -1.169711947441101074e-01
-1.571396589279174805e-01 -3.531996905803680420e-01 -1.079123690724372864e-01
5.153103172779083252e-02 -2.763489484786987305e-01 -1.062183156609535217e-01
2.333983778953552246e-02 -2.714549601078033447e-01 -1.010087653994560242e-01
-1.421938538551330566e-01 -3.597233295440673828e-01 -1.097717732191085815e-01
-4.740562736988067627e-01 -1.437573283910751343e-01 -1.091482937335968018e-01
-2.819849550724029541e-01 -4.580465853214263916e-01 -9.062905609607696533e-02
-4.050613343715667725e-01 2.586896298453211784e-03 -1.034824028611183167e-01
-9.342847019433975220e-02 -3.899017274379730225e-01 -1.106765717267990112e-01
-4.110021293163299561e-01 -3.909360468387603760e-01 -9.100627154111862183e-02
7.113118469715118408e-02 -2.532552182674407959e-01 -1.152031719684600830e-01
-4.605343937873840332e-01 -2.800117731094360352e-01 -1.204260960221290588e-01
-4.627086222171783447e-01 -1.159693077206611633e-01 -1.059945970773696899e-01
-4.454318881034851074e-01 -1.576782613992691040e-01 -9.925819188356399536e-02
-1.022285446524620056e-01 -4.242310523986816406e-01 -1.184859797358512878e-01
-1.527238935232162476e-01 -3.316481411457061768e-01 -1.148069724440574646e-01
-2.525486424565315247e-02 -3.341738581657409668e-01 -7.864480465650558472e-02
-9.348627924919128418e-02 -3.934242725372314453e-01 -1.113646030426025391e-01
-4.510307908058166504e-01 -1.407688707113265991e-01 -1.036593839526176453e-01
-4.382992088794708252e-01 -1.354539245367050171e-01 -1.015752181410789490e-01
7.717340439558029175e-02 -2.312006056308746338e-01 -1.128952354192733765e-01
-4.097951650619506836e-01 -2.721472084522247314e-01 -1.105166152119636536e-01
-4.428943097591400146e-01 -1.171750798821449280e-01 -1.012124493718147278e-01
-1.391357332468032837e-01 -3.465398550033569336e-01 -1.124405264854431152e-01
-2.669669091701507568e-01 -4.695830345153808594e-01 -9.584250301122665405e-02
8.430397510528564453e-02 -1.577920764684677124e-01 -9.582233428955078125e-02
4.543780535459518433e-02 -2.500995993614196777e-01 -1.094044148921966553e-01
-9.572210162878036499e-02 -4.205276370048522949e-01 -1.179013773798942566e-01
-4.062168598175048828e-01 -2.781482636928558350e-01 -1.095847114920616150e-01
-1.049820706248283386e-01 -4.077545702457427979e-01 -1.146934702992439270e-01
-2.965308539569377899e-02 -3.690730929374694824e-01 -8.288203179836273193e-02
-8.337387815117835999e-03 -3.971129655838012695e-01 -8.954773098230361938e-02
-2.533769607543945312e-01 -4.731082320213317871e-01 -9.554287791252136230e-02
-4.326120316982269287e-01 -1.368815302848815918e-01 -1.006337404251098633e-01
4.513972625136375427e-02 -2.340234369039535522e-01 -1.088903099298477173e-01
-1.039827764034271240e-01 -4.307553768157958984e-01 -1.196560412645339966e-01
-1.256397664546966553e-01 -4.004413783550262451e-01 -1.107572838664054871e-01
1.757397316396236420e-02 -2.631007432937622070e-01 -1.027147471904754639e-01
-1.128612905740737915e-01 -3.709364533424377441e-01 -1.105292066931724548e-01
-2.151868492364883423e-02 -3.428807556629180908e-01 -7.957626134157180786e-02
-1.486881077289581299e-01 -3.349731862545013428e-01 -1.143505647778511047e-01
5.110683292150497437e-02 -2.707476615905761719e-01 -1.076876223087310791e-01
8.622159808874130249e-02 -2.582078576087951660e-01 -1.199138015508651733e-01
-4.300010502338409424e-01 -2.546055018901824951e-01 -1.106841340661048889e-01
-5.238048359751701355e-02 -3.857432901859283447e-01 -7.740155607461929321e-02
-1.420053839683532715e-02 -4.061582386493682861e-01 -8.894035965204238892e-02
-4.021670520305633545e-01 -6.147354841232299805e-03 -1.006473526358604431e-01
-9.884900599718093872e-02 -3.968221247196197510e-01 -1.125723496079444885e-01
-1.114697568118572235e-02 -3.496104478836059570e-01 -7.967171818017959595e-02
-2.707231938838958740e-01 -4.577212333679199219e-01 -9.253718703985214233e-02
-1.034887209534645081e-01 -3.426487445831298828e-01 -1.082934439182281494e-01
-5.539482459425926208e-02 -3.906786441802978516e-01 -7.552714645862579346e-02
-4.539164900779724121e-02 -3.842255771160125732e-01 -7.969858497381210327e-02
-4.555326104164123535e-01 -1.656346470117568970e-01 -9.805423021316528320e-02
-7.712273858487606049e-03 -3.544547855854034424e-01 -8.040300011634826660e-02
-1.040368676185607910e-01 -4.407958090305328369e-01 -1.211693361401557922e-01
-1.472446918487548828e-01 -3.457515537738800049e-01 -1.118350028991699219e-01
-1.378168165683746338e-01 -4.106399118900299072e-01 -1.068306341767311096e-01
4.135166108608245850e-02 -2.829154729843139648e-01 -1.008860543370246887e-01
-4.713903665542602539e-01 -1.673436909914016724e-01 -1.000454202294349670e-01
-2.788398265838623047e-01 -4.444593787193298340e-01 -8.813155442476272583e-02
-1.535665243864059448e-01 -3.718259930610656738e-01 -1.048040017485618591e-01
-2.710870206356048584e-01 -3.041757643222808838e-01 -1.463688760995864868e-01
4.322842229157686234e-03 -3.833303451538085938e-01 -8.754646778106689453e-02
-1.048918217420578003e-01 -4.321986436843872070e-01 -1.197489500045776367e-01
7.994090020656585693e-02 -2.410047501325607300e-01 -1.157737895846366882e-01
4.481252282857894897e-02 -2.715851068496704102e-01 -1.057703644037246704e-01
-8.477854728698730469e-02 -3.938224315643310547e-01 -1.098670661449432373e-01
-4.404190778732299805e-01 -1.516331136226654053e-01 -1.000285148620605469e-01
-1.984900608658790588e-02 -3.405936658382415771e-01 -7.895553857088088989e-02
-1.351058334112167358e-01 -3.871121406555175781e-01 -1.085001677274703979e-01
-1.498883515596389771e-01 -3.417592048645019531e-01 -1.124336495995521545e-01
-4.303498566150665283e-01 -3.069343864917755127e-01 -1.108569055795669556e-01
-3.926137089729309082e-01 -2.646607160568237305e-01 -1.092502847313880920e-01
7.363753020763397217e-02 -2.611902356147766113e-01 -1.159502044320106506e-01
-6.938666105270385742e-03 -3.672049939632415771e-01 -8.337734639644622803e-02
-4.397708475589752197e-01 -2.949782907962799072e-01 -1.161491349339485168e-01
-2.724519371986389160e-01 -4.405910372734069824e-01 -8.850003778934478760e-02
-1.113465875387191772e-01 -3.595932126045227051e-01 -1.100511923432350159e-01
-1.115578860044479370e-01 -3.587564229965209961e-01 -1.100676283240318298e-01
-3.864102363586425781e-01 -2.775216400623321533e-01 -1.069769486784934998e-01
-4.106980860233306885e-01 -6.863032281398773193e-02 -1.658306419849395752e-01
-1.544477790594100952e-01 -3.749376535415649414e-01 -1.039325073361396790e-01
-2.534316480159759521e-01 -4.881567358970642090e-01 -9.798842668533325195e-02
-2.436875253915786743e-01 -4.531653225421905518e-01 -8.983068168163299561e-02
-4.637395739555358887e-01 -1.332109719514846802e-01 -1.074548289179801941e-01
-4.538345709443092346e-02 -3.419315516948699951e-01 -8.127123117446899414e-02
9.782052040100097656e-02 -2.601777911186218262e-01 -1.234188526868820190e-01
8.210346847772598267e-02 -1.866372227668762207e-01 -8.931539207696914673e-02
-1.511919647455215454e-01 -3.784570693969726562e-01 -1.044853925704956055e-01
-2.568976879119873047e-01 -4.288605153560638428e-01 -8.794795721769332886e-02
2.978954277932643890e-02 -2.657550573348999023e-01 -1.040348932147026062e-01
-2.037380076944828033e-02 -3.852397203445434570e-01 -8.555180579423904419e-02
-1.474379152059555054e-01 -3.336130976676940918e-01 -1.148206740617752075e-01
-1.249485984444618225e-01 -3.876566588878631592e-01 -1.105429306626319885e-01
-4.000245034694671631e-01 -2.452588826417922974e-01 -1.086149960756301880e-01
-1.116249784827232361e-01 -4.311607182025909424e-01 -1.177512258291244507e-01
-2.429321855306625366e-01 -4.260442554950714111e-01 -8.697894960641860962e-02
-5.436449870467185974e-02 -3.832049369812011719e-01 -7.718329131603240967e-02
-1.379076391458511353e-01 -3.575921654701232910e-01 -1.106769442558288574e-01
-3.155242651700973511e-02 -3.479820787906646729e-01 -8.107881247997283936e-02
-2.648565173149108887e-01 -4.926178753376007080e-01 -1.013455316424369812e-01
-2.832370996475219727e-01 -4.514260292053222656e-01 -8.870492875576019287e-02
4.789377003908157349e-02 -2.799977064132690430e-01 -1.038923636078834534e-01
-1.349533069878816605e-02 -3.394019901752471924e-01 -7.773966342210769653e-02
-3.913634121417999268e-01 -2.657641172409057617e-01 -1.091032698750495911e-01
3.457211330533027649e-02 -2.787098586559295654e-01 -1.007771715521812439e-01
-4.989815503358840942e-02 -3.512367606163024902e-01 -8.109055459499359131e-02
-3.856990933418273926e-01 -3.802554905414581299e-01 -8.325999975204467773e-02
-1.330882608890533447e-01 -3.379540741443634033e-01 -1.139780580997467041e-01
7.162580639123916626e-02 -2.651449441909790039e-01 -1.150105372071266174e-01
8.788617700338363647e-02 -2.712307274341583252e-01 -1.199973002076148987e-01
4.679810628294944763e-02 -2.586638033390045166e-01 -1.089239865541458130e-01
8.184175938367843628e-02 -2.411287128925323486e-01 -1.161999255418777466e-01
-1.505859047174453735e-01 -3.815898895263671875e-01 -1.042427271604537964e-01
-8.872403204441070557e-02 -4.364293515682220459e-01 -1.213651821017265320e-01
8.990102261304855347e-02 -1.658388525247573853e-01 -9.742942452430725098e-02
-2.634920179843902588e-01 -3.071225583553314209e-01 -1.443459689617156982e-01
-2.488774061203002930e-01 -4.578740298748016357e-01 -9.163396805524826050e-02
9.183865785598754883e-02 -2.426400631666183472e-01 -1.184852570295333862e-01
-4.069766998291015625e-01 -3.813872933387756348e-01 -8.864000439643859863e-02
-1.125223115086555481e-01 -4.380454123020172119e-01 -1.179966032505035400e-01
6.804330646991729736e-02 -2.788056433200836182e-01 -1.109094396233558655e-01
-3.961415886878967285e-01 -3.883936405181884766e-01 -8.691661059856414795e-02
-1.110038831830024719e-01 -3.583664298057556152e-01 -1.099897176027297974e-01
-1.381006687879562378e-01 -3.834817409515380859e-01 -1.079306751489639282e-01
9.333816170692443848e-02 -2.742742896080017090e-01 -1.213322803378105164e-01
-4.418111741542816162e-01 -2.825057208538055420e-01 -1.166849285364151001e-01
2.022694051265716553e-02 -2.576436400413513184e-01 -1.044816598296165466e-01
-2.517575025558471680e-01 -4.390384554862976074e-01 -8.900976926088333130e-02
3.468701615929603577e-02 -2.659072577953338623e-01 -1.049578711390495300e-01
-4.380125999450683594e-01 -2.608099579811096191e-01 -1.126666963100433350e-01
-4.464756548404693604e-01 -1.234408393502235413e-01 -1.027865111827850342e-01
-4.392368793487548828e-01 -1.107846945524215698e-01 -9.925606846809387207e-02
-4.607990980148315430e-01 -1.404757499694824219e-01 -1.060089319944381714e-01
9.974739700555801392e-02 -1.623987853527069092e-01 -1.002641767263412476e-01
-4.225923717021942139e-01 -2.860394120216369629e-01 -1.120103448629379272e-01
-4.328406751155853271e-01 -3.030569255352020264e-01 -1.126508638262748718e-01
7.718837261199951172e-02 -2.440310716629028320e-01 -1.157477945089340210e-01
-9.276109188795089722e-02 -4.413189888000488281e-01 -1.229655295610427856e-01
-3.951864540576934814e-01 -3.045045137405395508e-01 -1.005666181445121765e-01
-9.729900211095809937e-02 -3.599875271320343018e-01 -1.073871105909347534e-01
3.464426845312118530e-02 -2.691470682621002197e-01 -1.040628105401992798e-01
-1.116748601198196411e-01 -4.316993951797485352e-01 -1.178020611405372620e-01
-1.769977249205112457e-02 -3.483850657939910889e-01 -8.013835549354553223e-02
-4.399101138114929199e-01 -2.556023597717285156e-01 -1.115515381097793579e-01
-9.577476233243942261e-02 -3.922769427299499512e-01 -1.114409491419792175e-01
-2.737810611724853516e-01 -4.525132775306701660e-01 -9.088988602161407471e-02
-4.545781016349792480e-01 -1.463079750537872314e-01 -1.036024242639541626e-01
-3.096566721796989441e-02 -3.631395399570465088e-01 -8.236967772245407104e-02
-1.450979262590408325e-01 -3.497063517570495605e-01 -1.112427264451980591e-01
-5.000000000000000000e-01 -1.360423415899276733e-01 -1.184221729636192322e-01
-4.133251309394836426e-01 -2.872824668884277344e-01 -1.097627133131027222e-01
-2.747922241687774658e-01 -3.117961287498474121e-01 -1.479840278625488281e-01
5.209662485867738724e-03 -3.783116638660430908e-01 -8.602479100227355957e-02
-2.617325484752655029e-01 -3.106987476348876953e-01 -1.434875130653381348e-01
-4.605274200439453125e-01 -1.363927721977233887e-01 -1.063706874847412109e-01
-2.447597384452819824e-01 -4.319163858890533447e-01 -8.758534491062164307e-02
-4.137263298034667969e-01 -9.262452833354473114e-03 -1.005161032080650330e-01
-2.320633083581924438e-01 -4.484533667564392090e-01 -8.625797927379608154e-02
-2.863961160182952881e-01 -3.254447579383850098e-01 -1.527308225631713867e-01
6.625596433877944946e-02 -1.893163621425628662e-01 -8.482756465673446655e-02
-3.292997926473617554e-02 -3.436810076236724854e-01 -8.072514086961746216e-02
5.065795406699180603e-02 -2.474653571844100952e-01 -1.104009225964546204e-01
-1.019449159502983093e-01 -4.088954329490661621e-01 -1.150442734360694885e-01
-4.979102313518524170e-01 -1.444997191429138184e-01 -1.154454946517944336e-01
4.728468880057334900e-02 -2.344398945569992065e-01 -1.091769337654113770e-01
-4.544094949960708618e-02 -3.676067888736724854e-01 -8.088643848896026611e-02
4.430653154850006104e-02 -2.692796885967254639e-01 -1.062708869576454163e-01
-1.070884093642234802e-01 -3.764438331127166748e-01 -1.104871034622192383e-01
-1.134659200906753540e-01 -4.203163385391235352e-01 -1.156575083732604980e-01
-8.322886377573013306e-02 -4.102131724357604980e-01 -1.137041822075843811e-01
-1.331919878721237183e-01 -3.262911736965179443e-01 -1.161083206534385681e-01
-4.535782635211944580e-01 -1.251892596483230591e-01 -1.046159416437149048e-01
-4.096122980117797852e-01 8.468434214591979980e-03 -1.050886288285255432e-01
-1.284452378749847412e-01 -3.939212262630462646e-01 -1.099607646465301514e-01
-1.515706330537796021e-01 -3.584046959877014160e-01 -1.081150770187377930e-01
-3.968798518180847168e-01 -2.609751522541046143e-01 -1.095888465642929077e-01
1.876360550522804260e-02 -2.632234990596771240e-01 -1.028562262654304504e-01
-4.508189857006072998e-01 -1.516846716403961182e-01 -1.017055809497833252e-01
6.073098257184028625e-02 -2.596228718757629395e-01 -1.122204735875129700e-01
-3.933624327182769775e-01 -3.943101167678833008e-01 -8.566838502883911133e-02
3.369834646582603455e-02 -2.694684267044067383e-01 -1.037610918283462524e-01
-1.475767195224761963e-01 -3.376167714595794678e-01 -1.137783154845237732e-01
9.066984802484512329e-02 -1.588920354843139648e-01 -9.773032367229461670e-02
8.926215581595897675e-03 -2.684847116470336914e-01 -9.973977506160736084e-02
-2.695478498935699463e-02 -4.086886048316955566e-01 -8.415722846984863281e-02
-1.071570739150047302e-01 -4.046645462512969971e-01 -1.140100434422492981e-01
-3.004316007718443871e-03 -3.846310973167419434e-01 -8.767030388116836548e-02
-2.373192161321640015e-01 -4.741443991661071777e-01 -9.085357934236526489e-02
-2.636251151561737061e-01 -4.726735353469848633e-01 -9.665484726428985596e-02
-4.519899487495422363e-01 -3.060634732246398926e-01 -1.193696483969688416e-01
-2.505417168140411377e-01 -4.512205123901367188e-01 -9.071543067693710327e-02
-4.068465232849121094e-01 -3.663854300975799561e-01 -8.469291776418685913e-02
-2.457280009984970093e-01 -4.704002737998962402e-01 -9.317265450954437256e-02
-4.389184713363647461e-01 -2.560312151908874512e-01 -1.115909144282341003e-01
-1.059142649173736572e-01 -3.752204477787017822e-01 -1.102608516812324524e-01
7.633275538682937622e-02 -2.497079521417617798e-01 -1.163307502865791321e-01
-4.864692986011505127e-01 -1.374880373477935791e-01 -1.141611114144325256e-01
-2.479297220706939697e-01 -4.427414536476135254e-01 -8.910419046878814697e-02
-2.840747833251953125e-01 -4.265501499176025391e-01 -8.340369164943695068e-02
-4.022702947258949280e-02 -3.950144648551940918e-01 -8.026553690433502197e-02
-4.170860946178436279e-01 -3.103902637958526611e-01 -1.050793007016181946e-01
-2.756864130496978760e-01 -4.591949880123138428e-01 -9.223218262195587158e-02
-2.402825355529785156e-01 -4.404904544353485107e-01 -8.761239051818847656e-02
-9.132301062345504761e-02 -3.697746694087982178e-01 -1.070179417729377747e-01
-2.488058656454086304e-01 -4.863224327564239502e-01 -9.625470638275146484e-02
-4.622111618518829346e-01 -1.500314772129058838e-01 -1.045105308294296265e-01
-4.102987647056579590e-01 -6.450862437486648560e-02 -1.669311076402664185e-01
-2.634787559509277344e-01 -4.843388497829437256e-01 -9.953864663839340210e-02
-1.156865134835243225e-01 -3.396897912025451660e-01 -1.114175170660018921e-01
-2.589938342571258545e-01 -4.311374127864837646e-01 -8.816963434219360352e-02
-1.320401020348072052e-02 -3.417319655418395996e-01 -7.821336388587951660e-02
-2.389029115438461304e-01 -4.642213881015777588e-01 -9.017284214496612549e-02
-3.989817202091217041e-01 -2.417966574430465698e-01 -1.081730872392654419e-01
-1.576847583055496216e-01 -3.577890992164611816e-01 -1.065860390663146973e-01
7.584609836339950562e-02 -1.911326646804809570e-01 -8.603490144014358521e-02
-4.290169179439544678e-01 -1.267509013414382935e-01 -9.982047975063323975e-02
-1.009775027632713318e-01 -3.759711384773254395e-01 -1.097307279706001282e-01
-4.654713571071624756e-01 -1.307978630065917969e-01 -1.080231219530105591e-01
-1.118200048804283142e-01 -3.946534395217895508e-01 -1.123415753245353699e-01
-4.049089178442955017e-02 -3.552713990211486816e-01 -8.152096718549728394e-02
6.564707309007644653e-02 -2.287144511938095093e-01 -1.105685234069824219e-01
-1.297272741794586182e-01 -4.102372825145721436e-01 -1.098984032869338989e-01
-9.413149952888488770e-02 -4.204649627208709717e-01 -1.178509593009948730e-01
1.477160025388002396e-03 -3.677527904510498047e-01 -8.309721946716308594e-02
-2.791954874992370605e-01 -4.281745553016662598e-01 -8.494924008846282959e-02
-4.803713560104370117e-01 -1.501649022102355957e-01 -1.092007830739021301e-01
-4.670093357563018799e-01 -2.840232551097869873e-01 -1.224118843674659729e-01
9.485973417758941650e-02 -2.667716145515441895e-01 -1.229041740298271179e-01
-5.893808230757713318e-02 -3.773516714572906494e-01 -7.680787146091461182e-02
-9.674925357103347778e-02 -3.970659673213958740e-01 -1.124499961733818054e-01
-2.344219088554382324e-01 -4.432427883148193359e-01 -8.650833368301391602e-02
-3.916989564895629883e-01 -3.827506601810455322e-01 -8.525148779153823853e-02
-4.618839919567108154e-01 -3.024245500564575195e-01 -1.235114261507987976e-01
-4.176346957683563232e-01 -3.085810542106628418e-01 -1.058769077062606812e-01
-4.447583556175231934e-01 -2.699960172176361084e-01 -1.154883280396461487e-01
-2.829098403453826904e-01 -3.149674832820892334e-01 -1.502739489078521729e-01
-4.031984508037567139e-01 -3.702868819236755371e-01 -8.556570857763290405e-02
-4.708225727081298828e-01 -1.175003871321678162e-01 -1.085921525955200195e-01
-3.944303095340728760e-01 -2.813602089881896973e-01 -1.072508171200752258e-01
-9.484120458364486694e-02 -3.700016736984252930e-01 -1.078892797231674194e-01
-2.848619222640991211e-01 -2.933914363384246826e-01 -1.450314968824386597e-01
-4.120557010173797607e-01 -2.939415872097015381e-01 -1.082232370972633362e-01
1.462750602513551712e-02 -2.774651050567626953e-01 -9.699345380067825317e-02
-4.046225845813751221e-01 -3.005860745906829834e-01 -1.045131310820579529e-01
-4.729612469673156738e-01 -1.227361857891082764e-01 -1.099408119916915894e-01
-4.283589124679565430e-01 -3.023788630962371826e-01 -1.112344115972518921e-01
4.900599643588066101e-02 -2.332597821950912476e-01 -1.092416867613792419e-01
4.350315034389495850e-02 -2.728342711925506592e-01 -1.050694435834884644e-01
-2.219977043569087982e-02 -3.768926560878753662e-01 -8.437151461839675903e-02
-3.933610022068023682e-01 -2.591036558151245117e-01 -1.095015555620193481e-01
-1.351560503244400024e-01 -4.138111472129821777e-01 -1.078817620873451233e-01
-2.602294385433197021e-01 -4.628017842769622803e-01 -9.403946995735168457e-02
4.679446667432785034e-02 -2.621807754039764404e-01 -1.083902046084403992e-01
-4.545167684555053711e-01 -2.693423926830291748e-01 -1.167584359645843506e-01
-1.861469587311148643e-03 -3.580514490604400635e-01 -8.068702369928359985e-02
-1.127656176686286926e-01 -3.764501214027404785e-01 -1.108179986476898193e-01
4.515059664845466614e-02 -2.347663491964340210e-01 -1.089641377329826355e-01
-3.555335849523544312e-02 -3.450480997562408447e-01 -8.099773526191711426e-02
-4.069112837314605713e-01 -2.689152210950851440e-02 -9.278424829244613647e-02
-4.713871479034423828e-01 -1.304581165313720703e-01 -1.098153814673423767e-01
-2.489064037799835205e-01 -4.693189263343811035e-01 -9.380333125591278076e-02
2.941961027681827545e-02 -2.602100968360900879e-01 -1.053169742226600647e-01
-4.504358768463134766e-01 -2.659934759140014648e-01 -1.153312548995018005e-01
-4.300634860992431641e-01 -2.497147768735885620e-01 -1.095506772398948669e-01
-3.959374725818634033e-01 -2.842001914978027344e-01 -1.069132685661315918e-01
5.145219340920448303e-02 -2.804056704044342041e-01 -1.048186644911766052e-01
-4.765790104866027832e-01 -1.393395662307739258e-01 -1.107310727238655090e-01
-4.524511396884918213e-01 -1.375910043716430664e-01 -1.042798981070518494e-01
-1.170566454529762268e-01 -3.260515332221984863e-01 -1.128928139805793762e-01
-4.158153235912322998e-01 1.681374502368271351e-03 -1.046027913689613342e-01
-4.180249571800231934e-01 -3.007492423057556152e-01 -1.082849428057670593e-01
-1.326032578945159912e-01 -3.475537002086639404e-01 -1.124197468161582947e-01
-1.212702468037605286e-01 -4.133472442626953125e-01 -1.127369850873947144e-01
-4.587146937847137451e-01 -1.232562735676765442e-01 -1.058136746287345886e-01
-2.565512657165527344e-01 -3.067341446876525879e-01 -1.418410092592239380e-01
-4.457885026931762695e-01 -2.825804352760314941e-01 -1.176698803901672363e-01
-1.388332992792129517e-01 -3.549397885799407959e-01 -1.109945029020309448e-01
-4.510094523429870605e-01 -1.255088299512863159e-01 -1.040066778659820557e-01
3.489739820361137390e-02 -2.553377747535705566e-01 -1.071086898446083069e-01
-3.984553515911102295e-01 -2.521987259387969971e-01 -1.093488559126853943e-01
-4.435850083827972412e-01 -2.919167578220367432e-01 -1.174950972199440002e-01
-4.125450253486633301e-01 -3.875290155410766602e-01 -9.038931131362915039e-02
-2.642813622951507568e-01 -4.905750751495361328e-01 -1.009258180856704712e-01
-4.738666862249374390e-02 -4.000337123870849609e-01 -7.691420614719390869e-02
-4.233982861042022705e-01 -2.665490508079528809e-01 -1.120158433914184570e-01
7.262190431356430054e-02 -2.516839206218719482e-01 -1.155217736959457397e-01
5.237261205911636353e-02 -2.712577283382415771e-01 -1.079174578189849854e-01
-2.835488878190517426e-02 -3.881880640983581543e-01 -8.404440432786941528e-02
-1.254806369543075562e-01 -3.800662457942962646e-01 -1.104128435254096985e-01
-1.417783927172422409e-02 -3.378165066242218018e-01 -7.750966399908065796e-02
-2.559065520763397217e-01 -4.660156071186065674e-01 -9.438820928335189819e-02
-9.849780052900314331e-02 -3.837329447269439697e-01 -1.103876307606697083e-01
-1.022553369402885437e-01 -3.408405780792236328e-01 -1.079258173704147339e-01
5.543236806988716125e-02 -2.376853078603744507e-01 -1.106284037232398987e-01
-3.380408138036727905e-02 -3.965921401977539062e-01 -8.234366029500961304e-02
9.371075034141540527e-02 -1.624059826135635376e-01 -9.872297942638397217e-02
-4.290205836296081543e-01 -2.724449038505554199e-01 -1.133109480142593384e-01
-1.492487341165542603e-01 -3.283738493919372559e-01 -1.160945072770118713e-01
-3.935624361038208008e-01 -3.792970478534698486e-01 -8.548697829246520996e-02
3.242106363177299500e-02 -2.746425569057464600e-01 -1.017829403281211853e-01
-4.086766541004180908e-01 -1.203810144215822220e-02 -9.932485967874526978e-02
-2.751073837280273438e-01 -3.152862787246704102e-01 -1.484347432851791382e-01
2.780786249786615372e-03 -3.686620593070983887e-01 -8.326355367898941040e-02
-2.790977656841278076e-01 -3.151130676269531250e-01 -1.495502740144729614e-01
-2.271753363311290741e-02 -4.014091491699218750e-01 -8.596817404031753540e-02
-1.287559419870376587e-01 -4.092321991920471191e-01 -1.101918295025825500e-01
-1.103642731904983521e-01 -3.973037004470825195e-01 -1.127333492040634155e-01
5.449142307043075562e-02 -2.555414438247680664e-01 -1.109473630785942078e-01
-1.386269927024841309e-01 -4.003912508487701416e-01 -1.068460270762443542e-01
-8.526641130447387695e-02 -4.145365059375762939e-01 -1.152761727571487427e-01
-3.955545723438262939e-01 -3.970442116260528564e-01 -8.609420806169509888e-02
-3.896991312503814697e-01 -3.724141418933868408e-01 -8.372171968221664429e-02
-5.031599849462509155e-02 -3.800398409366607666e-01 -7.880012691020965576e-02
4.700353741645812988e-02 -2.320855259895324707e-01 -1.088694632053375244e-01
-2.543036453425884247e-02 -3.965024054050445557e-01 -8.503561466932296753e-02
8.346439898014068604e-02 -2.459165453910827637e-01 -1.175371110439300537e-01
-1.464523524045944214e-01 -3.485541045665740967e-01 -1.113071218132972717e-01
-9.227261692285537720e-02 -4.244350790977478027e-01 -1.188370361924171448e-01
6.836697459220886230e-03 -3.736715018749237061e-01 -8.449117094278335571e-02
-1.207956075668334961e-01 -3.571773767471313477e-01 -1.110316291451454163e-01
7.628524303436279297e-02 -1.872556954622268677e-01 -8.780453354120254517e-02
-2.564540505409240723e-01 -4.846979081630706787e-01 -9.848994016647338867e-02
5.206336826086044312e-02 -2.307379096746444702e-01 -1.092431321740150452e-01
-4.080012440681457520e-01 3.400452900677919388e-03 -1.043577641248703003e-01
-9.921559691429138184e-02 -4.174556136131286621e-01 -1.170804575085639954e-01
-4.008542746305465698e-02 -3.555761277675628662e-01 -8.154689520597457886e-02
-2.839067950844764709e-02 -3.820300996303558350e-01 -8.380474150180816650e-02
-4.420207738876342773e-01 -1.212207823991775513e-01 -1.015938892960548401e-01
-1.335953474044799805e-01 -3.588789403438568115e-01 -1.108741015195846558e-01
-4.422169327735900879e-01 -2.718076705932617188e-01 -1.154203042387962341e-01
-2.490791827440261841e-01 -4.341585636138916016e-01 -8.823282271623611450e-02
7.141588628292083740e-02 -2.308906763792037964e-01 -1.119154021143913269e-01
-2.366846799850463867e-01 -4.369016587734222412e-01 -8.658809214830398560e-02
-1.403860002756118774e-02 -4.017811417579650879e-01 -8.870676904916763306e-02
-3.993423879146575928e-01 -2.710255980491638184e-01 -1.093326210975646973e-01
9.221752732992172241e-02 -2.487786859273910522e-01 -1.200825348496437073e-01
1.851160451769828796e-02 -2.620295286178588867e-01 -1.031554341316223145e-01
6.534200161695480347e-02 -2.535831630229949951e-01 -1.136706918478012085e-01
7.219122350215911865e-02 -2.605158984661102295e-01 -1.155215948820114136e-01
-2.765914797782897949e-01 -3.214385807514190674e-01 -1.493233442306518555e-01
-1.109976992011070251e-01 -3.244184851646423340e-01 -1.112025678157806396e-01
-1.578172147274017334e-01 -3.376597464084625244e-01 -1.121233925223350525e-01
-1.269071847200393677e-01 -3.603898882865905762e-01 -1.109959930181503296e-01
-9.975518099963665009e-03 -3.432748317718505859e-01 -7.804297655820846558e-02
-3.991436064243316650e-01 -2.203164389356970787e-03 -1.009928211569786072e-01
-3.852881789207458496e-01 -3.949452042579650879e-01 -8.238394558429718018e-02
-4.053061306476593018e-01 7.176707033067941666e-03 -1.040271073579788208e-01
-4.527125060558319092e-01 -2.740135490894317627e-01 -1.176638007164001465e-01
-4.740183353424072266e-01 -1.404703706502914429e-01 -1.097588688135147095e-01
-4.400838017463684082e-01 -1.449705660343170166e-01 -1.011082753539085388e-01
-1.336940526962280273e-01 -3.465973138809204102e-01 -1.125688999891281128e-01
-4.629913270473480225e-01 -1.491539031267166138e-01 -1.049207150936126709e-01
-4.086116552352905273e-01 -3.806285560131072998e-01 -8.862832933664321899e-02
-3.810183703899383545e-01 -3.899046480655670166e-01 -8.126197010278701782e-02
-4.794944822788238525e-01 -1.449201554059982300e-01 -1.104894652962684631e-01
-1.963117392733693123e-03 -3.793781697750091553e-01 -8.638771623373031616e-02
-1.355616152286529541e-01 -3.703081011772155762e-01 -1.094629988074302673e-01
-1.087890267372131348e-01 -3.263461291790008545e-01 -1.103645861148834229e-01
-1.269333809614181519e-01 -3.885766267776489258e-01 -1.102276816964149475e-01
-4.173358082771301270e-01 -2.495041787624359131e-01 -1.091877520084381104e-01
-4.110585153102874756e-01 -2.845065593719482422e-01 -1.096789017319679260e-01
8.409583568572998047e-02 -1.806562393903732300e-01 -9.216793626546859741e-02
-4.046204090118408203e-01 -2.504599988460540771e-01 -1.091806516051292419e-01
-2.724298089742660522e-02 -3.987787663936614990e-01 -8.447146415710449219e-02
-4.520073905587196350e-02 -4.013147950172424316e-01 -7.758899778127670288e-02
-4.242351949214935303e-01 -2.473463565111160278e-01 -1.088461875915527344e-01
-3.252897784113883972e-02 -3.640491962432861328e-01 -8.232682943344116211e-02
-4.565169215202331543e-01 -1.456467062234878540e-01 -1.041514351963996887e-01
9.872355498373508453e-03 -3.824950754642486572e-01 -8.709412068128585815e-02
-4.107337296009063721e-01 -2.829098999500274658e-01 -1.098233833909034729e-01
-2.713519148528575897e-02 -4.029715061187744141e-01 -8.440838009119033813e-02
-4.750784635543823242e-01 -1.582783758640289307e-01 -1.048605889081954956e-01
-4.473839998245239258e-01 -2.599994242191314697e-01 -1.133618354797363281e-01
9.330812841653823853e-03 -2.758931815624237061e-01 -9.677872806787490845e-02
-2.649278938770294189e-01 -4.609699249267578125e-01 -9.368918836116790771e-02
7.919859141111373901e-02 -2.515738308429718018e-01 -1.172990277409553528e-01
-4.273297488689422607e-01 -1.219126284122467041e-01 -9.904830157756805420e-02
-2.550138235092163086e-01 -4.323680698871612549e-01 -8.833910524845123291e-02
-2.318242192268371582e-01 -4.328099489212036133e-01 -8.525259792804718018e-02
3.813083469867706299e-02 -2.750787436962127686e-01 -1.029890030622482300e-01
-3.163232654333114624e-02 -3.857497870922088623e-01 -8.320689946413040161e-02
5.727540329098701477e-02 -2.822403013706207275e-01 -1.060182303190231323e-01
8.652553707361221313e-02 -1.794049292802810669e-01 -9.319166094064712524e-02
-9.213715046644210815e-02 -3.745640218257904053e-01 -1.079027950763702393e-01
6.410296261310577393e-02 -1.932917386293411255e-01 -8.276869356632232666e-02
9.881025552749633789e-02 -2.568825185298919678e-01 -1.230849251151084900e-01
-1.134717538952827454e-01 -3.996881246566772461e-01 -1.127714142203330994e-01
-4.084890186786651611e-01 -2.807332668453454971e-03 -1.027621254324913025e-01
-4.515253603458404541e-01 -2.977686822414398193e-01 -1.200179234147071838e-01
9.952111542224884033e-02 -2.604289352893829346e-01 -1.238446608185768127e-01
-2.338140010833740234e-01 -4.310613572597503662e-01 -8.565240353345870972e-02
-4.621854126453399658e-01 -2.812855243682861328e-01 -1.210115998983383179e-01
-2.806944847106933594e-01 -3.173285424709320068e-01 -1.502930223941802979e-01
4.802136123180389404e-02 -2.775872945785522461e-01 -1.047790497541427612e-01
-2.677667737007141113e-01 -3.051481246948242188e-01 -1.456483453512191772e-01
-2.741211056709289551e-01 -4.598159790039062500e-01 -9.263765811920166016e-02
-4.099123179912567139e-01 -1.875003241002559662e-02 -9.644268453121185303e-02
-4.743361473083496094e-01 -1.542983204126358032e-01 -1.062015444040298462e-01
-2.582235634326934814e-01 -4.288531243801116943e-01 -8.792541176080703735e-02
-4.323887228965759277e-01 -2.901373207569122314e-01 -1.142285987734794617e-01
-4.469624757766723633e-01 -1.537958383560180664e-01 -1.005250588059425354e-01
-1.058587953448295593e-01 -4.351758062839508057e-01 -1.200109049677848816e-01
-4.150801301002502441e-01 -1.651073922403156757e-03 -1.034915074706077576e-01
-1.258413046598434448e-01 -3.935909569263458252e-01 -1.105070933699607849e-01
6.176168099045753479e-02 -2.250486612319946289e-01 -1.092135906219482422e-01
3.171054413542151451e-03 -3.985707163810729980e-01 -9.169513732194900513e-02
-1.500959545373916626e-01 -3.402547836303710938e-01 -1.127985566854476929e-01
-4.275586307048797607e-01 -2.896134853363037109e-01 -1.129371002316474915e-01
-1.564918272197246552e-02 -4.166910052299499512e-01 -8.813387155532836914e-02
-3.956727311015129089e-02 -4.046089649200439453e-01 -7.940656691789627075e-02
-4.144873917102813721e-01 -2.976068258285522461e-01 -1.080315038561820984e-01
-4.134804010391235352e-01 -2.961487174034118652e-01 -1.081015020608901978e-01
-9.029658883810043335e-02 -4.145987033843994141e-01 -1.160081177949905396e-01
-2.379594892263412476e-01 -4.672869443893432617e-01 -9.027461707592010498e-02
-4.655355513095855713e-01 -2.991260886192321777e-01 -1.247300207614898682e-01
-8.982742577791213989e-02 -3.768991529941558838e-01 -1.077267080545425415e-01
3.203542903065681458e-03 -3.837664127349853516e-01 -8.767606317996978760e-02
-2.609053812921047211e-02 -3.992026150226593018e-01 -8.484277129173278809e-02
1.360723050311207771e-03 -2.744396030902862549e-01 -9.631404280662536621e-02
-2.744438648223876953e-01 -4.434754550457000732e-01 -8.876679837703704834e-02
-4.356674253940582275e-01 -3.109008073806762695e-01 -1.118058636784553528e-01
5.885664373636245728e-02 -2.214432060718536377e-01 -1.080354973673820496e-01
-1.461631655693054199e-01 -3.396291434764862061e-01 -1.134217903017997742e-01
5.350314453244209290e-02 -2.278804332017898560e-01 -1.089162752032279968e-01
-5.180822312831878662e-02 -3.622455298900604248e-01 -8.026129007339477539e-02
-1.595003604888916016e-01 -3.378312885761260986e-01 -1.116834580898284912e-01
-3.849261999130249023e-01 -3.895802199840545654e-01 -8.282969892024993896e-02
-4.594601988792419434e-01 -2.824568152427673340e-01 -1.207848116755485535e-01
-1.524469554424285889e-01 -3.267279267311096191e-01 -1.162751689553260803e-01
6.819422543048858643e-02 -1.895651817321777344e-01 -8.512374758720397949e-02
7.749745622277259827e-03 -3.743662238121032715e-01 -8.463349193334579468e-02
-4.027086198329925537e-01 -3.085632622241973877e-01 -1.011173278093338013e-01
-4.496683180332183838e-01 -1.227451115846633911e-01 -1.034564599394798279e-01
-1.208990886807441711e-01 -4.304764568805694580e-01 -1.142834424972534180e-01
-2.398180067539215088e-01 -4.485900104045867920e-01 -8.836255222558975220e-02
9.960065595805644989e-03 -3.761164844036102295e-01 -8.501228690147399902e-02
-2.370928376913070679e-01 -4.288581609725952148e-01 -8.622725307941436768e-02
-4.333522915840148926e-01 -2.876314222812652588e-01 -1.146114915609359741e-01
-1.133954990655183792e-02 -3.623588383197784424e-01 -8.244280517101287842e-02
5.800224095582962036e-02 -2.420362830162048340e-01 -1.114933565258979797e-01
-1.283468306064605713e-01 -3.926913142204284668e-01 -1.099741160869598389e-01
-1.374665498733520508e-01 -3.701494932174682617e-01 -1.091672107577323914e-01
-4.542917609214782715e-01 -2.649017870426177979e-01 -1.154763028025627136e-01
-4.423029720783233643e-01 -3.093743026256561279e-01 -1.148442253470420837e-01
-3.277600556612014771e-02 -3.536153435707092285e-01 -8.160994201898574829e-02
-2.458418905735015869e-01 -4.437015056610107422e-01 -8.893426507711410522e-02
-4.266601502895355225e-01 -2.854230999946594238e-01 -1.130152717232704163e-01
4.439121484756469727e-02 -2.330129593610763550e-01 -1.087093576788902283e-01
-9.211253374814987183e-02 -4.207757413387298584e-01 -1.178333237767219543e-01
-3.976154327392578125e-01 -1.564350328408181667e-03 -1.007204949855804443e-01
-4.590832889080047607e-01 -3.029220402240753174e-01 -1.224668323993682861e-01
-3.774783760309219360e-02 -3.650074601173400879e-01 -8.191532641649246216e-02
-2.714236676692962646e-01 -4.206061065196990967e-01 -8.553733676671981812e-02
-4.159984588623046875e-01 -3.028188943862915039e-01 -1.071121990680694580e-01
-4.449216425418853760e-01 -2.846592962741851807e-01 -1.176411882042884827e-01
-2.642740607261657715e-01 -4.330106675624847412e-01 -8.813390135765075684e-02
-9.227172285318374634e-02 -3.675411045551300049e-01 -1.069587171077728271e-01
5.409240350127220154e-02 -2.817797362804412842e-01 -1.051485762000083923e-01
-1.152348965406417847e-01 -3.427751958370208740e-01 -1.111173555254936218e-01
-4.924258291721343994e-01 -1.385125070810317993e-01 -1.158538013696670532e-01
-4.397279918193817139e-01 -2.781892716884613037e-01 -1.158299669623374939e-01
-1.426330655813217163e-01 -3.694919049739837646e-01 -1.082180589437484741e-01
4.732716456055641174e-02 -2.386928945779800415e-01 -1.095561757683753967e-01
-2.591574788093566895e-01 -4.435665905475616455e-01 -9.000574052333831787e-02
-1.062980517745018005e-01 -4.187375009059906006e-01 -1.167552545666694641e-01
-2.621808350086212158e-01 -3.158786296844482422e-01 -1.432117372751235962e-01
9.437929838895797729e-02 -2.709272205829620361e-01 -1.223635077476501465e-01
-2.410963363945484161e-02 -4.001650810241699219e-01 -8.549674600362777710e-02
-2.773764729499816895e-01 -4.479438364505767822e-01 -8.920840919017791748e-02
-2.818316966295242310e-02 -3.686690330505371094e-01 -8.298195898532867432e-02
-2.671159207820892334e-01 -4.525303244590759277e-01 -9.159431606531143188e-02
8.233939111232757568e-02 -2.738664746284484863e-01 -1.174609959125518799e-01
-8.625999093055725098e-03 -3.785070180892944336e-01 -8.589857816696166992e-02
-9.444110095500946045e-02 -3.887288868427276611e-01 -1.106203645467758179e-01
-1.075924262404441833e-01 -3.898737132549285889e-01 -1.118795201182365417e-01
-4.121986329555511475e-01 -3.087759912014007568e-01 -1.040083616971969604e-01
-4.418910741806030273e-01 -2.996421456336975098e-01 -1.164391115307807922e-01
-4.956275224685668945e-01 -1.365560442209243774e-01 -1.171304956078529358e-01
-4.147717952728271484e-01 -2.951584756374359131e-01 -1.086653023958206177e-01
-2.587847113609313965e-01 -4.529040455818176270e-01 -9.176521748304367065e-02
7.761713583022356033e-03 -3.949055075645446777e-01 -9.096050262451171875e-02
-9.082304686307907104e-02 -4.031793773174285889e-01 -1.131417453289031982e-01
-3.903998732566833496e-01 -3.925643861293792725e-01 -8.471188694238662720e-02
-1.155854165554046631e-01 -4.303232133388519287e-01 -1.163203567266464233e-01
-1.554249525070190430e-01 -3.627949953079223633e-01 -1.060737743973731995e-01
4.109279066324234009e-02 -2.796990275382995605e-01 -1.020804047584533691e-01
-2.262631207704544067e-01 -4.335797131061553955e-01 -8.376144617795944214e-02
8.726183325052261353e-02 -1.557563692331314087e-01 -9.648708999156951904e-02
-1.440447270870208740e-01 -3.451357781887054443e-01 -1.123552694916725159e-01
-4.680404961109161377e-01 -2.902725636959075928e-01 -1.240364834666252136e-01
-3.945217430591583252e-01 5.962267983704805374e-03 -1.006152033805847168e-01
-2.783172428607940674e-01 -4.357935190200805664e-01 -8.648221939802169800e-02
-2.421357780694961548e-01 -4.312442243099212646e-01 -8.718499541282653809e-02
3.890305757522583008e-02 -2.789539396762847900e-01 -1.017853170633316040e-01
9.792947024106979370e-02 -2.647196054458618164e-01 -1.238655596971511841e-01
-4.366512000560760498e-01 -2.745257616043090820e-01 -1.148262023925781250e-01
-2.175381593406200409e-02 -3.385163843631744385e-01 -7.884734869003295898e-02
-3.783521056175231934e-01 -3.932245969772338867e-01 -7.973575592041015625e-02
-8.506842702627182007e-02 -4.246030747890472412e-01 -1.179569363594055176e-01
9.124363958835601807e-02 -2.583399116992950439e-01 -1.214247271418571472e-01
-4.380552768707275391e-01 -2.531592845916748047e-01 -1.107862666249275208e-01
2.627491764724254608e-02 -2.502594888210296631e-01 -1.065290272235870361e-01
-2.305126190185546875e-01 -4.649472832679748535e-01 -8.724233508110046387e-02
-4.136334359645843506e-01 -2.880544960498809814e-01 -1.097058281302452087e-01
-4.682269692420959473e-01 -1.323211789131164551e-01 -1.088033616542816162e-01
-2.684584558010101318e-01 -3.123252093791961670e-01 -1.460075229406356812e-01
5.438331887125968933e-02 -2.409721761941909790e-01 -1.107806339859962463e-01
5.378720164299011230e-02 -2.717336714267730713e-01 -1.082040518522262573e-01
-7.671625353395938873e-03 -4.000738263130187988e-01 -9.016290307044982910e-02
-4.792898297309875488e-01 -1.571403592824935913e-01 -1.063042581081390381e-01
-2.683734893798828125e-01 -4.889015555381774902e-01 -1.003774404525756836e-01
-9.016183763742446899e-02 -3.868383467197418213e-01 -1.095365434885025024e-01
-2.311622202396392822e-01 -4.373869597911834717e-01 -8.527250587940216064e-02
6.505405902862548828e-02 -2.457104325294494629e-01 -1.132257506251335144e-01
-1.303665488958358765e-01 -4.154638051986694336e-01 -1.098060682415962219e-01
-4.098846614360809326e-01 -3.628721237182617188e-01 -8.358647674322128296e-02
-4.726114869117736816e-01 -2.952181398868560791e-01 -1.256518214941024780e-01
-1.132108345627784729e-01 -3.979501128196716309e-01 -1.126102507114410400e-01
-1.261537224054336548e-01 -3.935466706752777100e-01 -1.104426532983779907e-01
-4.689633548259735107e-01 -2.996810674667358398e-01 -1.257345527410507202e-01
3.216039761900901794e-02 -2.728139460086822510e-01 -1.023618578910827637e-01
8.366420865058898926e-02 -2.577486336231231689e-01 -1.191015914082527161e-01
-4.682839512825012207e-01 -1.248830631375312805e-01 -1.086969599127769470e-01
8.599950373172760010e-02 -1.572529375553131104e-01 -9.627649933099746704e-02
-9.908442199230194092e-02 -4.109496474266052246e-01 -1.155346259474754333e-01
-4.140782356262207031e-01 -1.686634123325347900e-02 -9.710183739662170410e-02
8.215878903865814209e-02 -1.620066016912460327e-01 -9.526857733726501465e-02
6.433549523353576660e-02 -2.736642360687255859e-01 -1.110501736402511597e-01
-4.147584736347198486e-01 -2.894461750984191895e-01 -1.097426563501358032e-01
-2.454841583967208862e-01 -4.229682087898254395e-01 -8.706808835268020630e-02
-2.765636742115020752e-01 -3.064992129802703857e-01 -1.476501971483230591e-01
-4.040249288082122803e-01 -2.401640266180038452e-01 -1.076349094510078430e-01
-1.133991479873657227e-01 -4.111959934234619141e-01 -1.142949163913726807e-01
-1.337153166532516479e-01 -3.935833573341369629e-01 -1.086475551128387451e-01
-1.308317333459854126e-01 -4.107759892940521240e-01 -1.095251813530921936e-01
-4.489566981792449951e-01 -1.561092585325241089e-01 -1.002354323863983154e-01
-1.390364319086074829e-01 -3.742696642875671387e-01 -1.084505319595336914e-01
