0.17041896
0.11602041
0.10288398
0.12494107
0.14859223
0.13945237
0.10093884
0.15948364
0.09882351
0.079350464
0.09709376
0.076959506
0.12548691
0.074953414
0.097695515
0.07299034
0.10698299
0.13137555
0.08008812
0.2159042
0.16130409
0.08175288
0.07588749
0.09204282
0.085060984
0.12157838
0.09650938
0.076287925
0.076802924
0.10100384
0.08370873
0.066316955
0.1291098
0.068195924
0.10866092
0.07276184
0.069491275
0.09144842
0.12490019
0.09984788
0.12221787
0.088305086
0.09909722
0.11873916
0.09026832
0.072637856
0.098218344
0.111727774
0.11347897
0.09654385
0.138423
0.092440024
0.119811
0.11456327
0.12114732
0.14406624
0.103416026
0.09302393
0.07991737
0.06563165
0.07765224
0.11043826
0.0903514
0.06459305
0.09727783
0.07665068
0.07057642
0.07345834
0.09518619
0.058771394
0.10855558
0.09635644
0.060125973
0.06640063
0.08360814
0.102343835
0.0883636
0.085571565
0.1085022
0.056302853
0.090409316
0.07475254
0.0637788
0.068294585
0.060269006
0.10690561
0.14716579
0.09333366
0.08016196
0.06348064
0.05197336
0.095677644
0.15487207
0.08595792
0.05322408
0.06417547
0.09054003
0.049378417
0.08944972
0.049390465
0.089740574
0.060168907
0.08118489
0.06580885
0.055763565
0.04896577
0.054785207
0.1701533
0.046353564
0.09131046
0.06256518
0.06294914
0.047187272
0.05979631
0.056630228
0.042578906
0.052453898
0.046272643
0.062278636
0.043537565
0.044878982
0.060706094
0.0848295
0.059907366
0.044663884
0.058533795
0.04851754
0.056877747
0.0413384
0.071563445
0.049448922
0.040476386
0.06340667
0.03812776
0.043068882
0.05129786
0.039542776
0.046883132
0.036343787
0.061795402
0.042465176
0.047628596
0.06523512
0.03647845
0.049604088
0.035741553
0.16978388
0.031298526
0.039406363
0.032304116
0.047597595
0.04672016
0.042434096
0.047176003
0.042382486
0.03770241
0.03049647
0.03449581
0.068304084
0.050523467
0.030851398
0.036020704
0.080923535
0.035025004
0.04538405
0.050099857
0.10826232
0.04990808
0.037889693
0.03530845
0.061203137
0.034247015
0.0333348
0.03657016
0.029535208
0.040491182
0.06258849
0.058471445
0.036798805
0.06486507
0.04028496
0.03497986
0.032804452
0.038783908
0.036191057
0.03242588
0.047410708
0.038751613
0.05294409
0.039532665
0.040790416
0.053985044
0.035017345
0.07307869
0.027414579
0.03159658
0.038251232
0.1003335
0.036473893
0.038018316
0.03769173
0.039573066
0.032287788
0.02670601
0.03483049
0.04642322
0.061047614
0.062677294
0.07323851
0.026069231
0.035294734
0.03141956
0.053158388
0.04164168
0.04884532
0.036741626
0.037794873
0.031404175
0.034769308
0.03135638
0.043616343
0.033464365
0.02629384
0.081252426
0.039351482
0.04159186
0.037359603
0.03706469
0.037568238
0.041157328
0.04351429
0.043368183
0.034328595
0.029534888
0.02739137
0.039443057
0.03295587
0.028502995
0.054709747
0.032230787
0.04336
0.042233218
0.032455858
0.07492437
0.031470343
0.033023782
0.032592114
0.03450817
0.03690492
0.031374108
0.03220382
0.03261267
0.032873213
0.028060207
0.03218054
0.0263183
0.03788705
0.031101067
0.029479103
0.029862557
0.03172021
0.039607674
0.036754746
0.029224478
0.030788306
0.03690759
0.038617328
0.030491477
0.034078494
0.038425524
0.041340068
0.037488434
0.03197697
0.027864369
0.033886515
0.031019878
0.025713326
0.03329672
0.027173616
0.02937162
0.027511863
0.029157512
0.032613866
0.032187328
0.031197594
0.032305587
0.027329583
0.027838012
0.029054433
0.048394017
0.030423783
0.030672297
0.026264887
0.031280044
0.027598158
0.029542174
0.029469926
0.031141298
0.06189104
0.03669159
0.045998998
0.028329177
0.033956647
0.028673064
0.030471988
0.03649853
0.031694043
0.044649333
0.025040843
0.025652302
0.033034712
0.032357406
0.040409382
0.027146243
0.028061917
0.025896937
0.027256686
0.02722884
0.061041433
0.040152807
0.027799848
0.024698596
0.044084646
0.024989633
0.031624917
0.043091908
0.024585076
0.03017406
0.033179164
0.030229453
0.025229013
0.03642602
0.025765862
0.029792087
0.02281918
0.034148626
0.046215296
0.025796216
0.02807182
0.029165523
0.025275802
0.027887044
0.025420664
0.029408759
0.02643478
0.030304011
0.02446847
0.026767723
0.029065982
0.026928302
0.033722572
0.029098332
0.027199887
0.026178008
0.024501678
0.030567758
0.024518114
0.04281596
0.055873837
0.0221164
0.025234241
0.02235422
0.025835656
0.029292952
0.02624575
0.027503882
0.025032794
0.031878427
0.039721757
0.03357607
0.024094531
0.027651612
0.023296682
0.031881303
0.024545072
0.027274992
0.025500871
0.030577645
0.03404168
0.027626023
0.026061527
0.021456726
0.025697738
0.028153993
0.03348334
0.025638655
0.024840394
0.038864665
0.02674232
0.02732555
0.029087428
0.025743853
0.028594248
0.028371219
0.026513293
0.028421052
0.031717256
0.027743079
0.027058594
0.02844268
0.029623944
0.02927887
0.030281346
0.024531651
0.026637228
0.030069705
0.023040384
0.025945382
0.025197746
0.030282522
0.034603596
0.02499822
0.028460141
0.027395047
0.026828403
0.02466521
0.025188483
0.026471257
0.028968183
0.027926521
0.027704414
0.023006206
0.02433715
0.026176468
0.030067008
0.03668842
0.029253347
0.028770402
0.024362672
0.028970715
0.024876146
0.030416291
0.0235584
0.04023592
0.020725276
0.025795717
0.026553486
0.024716001
0.02823964
0.0226466
0.022071142
0.023405587
0.028961338
0.024589365
0.02172492
0.025001733
0.028546011
0.035742544
0.028795246
0.04289548
0.023174578
0.030420395
0.03061127
0.025640707
0.0278178
0.02636974
0.027645193
0.028363261
0.028811991
0.028187927
0.031149609
0.035625868
0.029197829
0.027250655
0.02569959
0.02783478
0.02962238
0.026964283
0.025560249
0.031830274
0.028677478
0.025844421
0.026350265
0.025956599
0.022270422
0.024062017
0.027416315
0.024574611
0.025282372
0.027536035
0.029424155
0.023825595
0.02936386
0.025484685
0.023776865
0.029977428
0.02947425
0.061954163
0.025072984
0.023695398
0.02353676
0.02666011
0.02927734
0.023819543
0.024226971
0.026903398
0.030719247
0.026056893
0.03327162
0.026416967
0.024592865
0.028683832
0.024160735
0.023844741
0.027192112
0.022712998
0.024628326
0.023458
0.019423285
0.024062384
0.025759988
0.024991322
0.025225798
0.029941628
0.019387009
0.027637172
0.028486546
0.025554337
0.026759326
0.020809978
0.02555684
0.03127259
0.022588696
0.026800035
0.03874984
0.021687552
0.022378828
0.02111785
0.05969461
0.024476144
0.024200615
0.030155327
0.027242335
0.027634274
0.020300651
0.022405263
0.024157874
0.027696855
0.02379914
0.028982967
0.027687855
0.02494814
0.028237429
0.023858095
0.027415255
0.024756081
0.028785773
0.027316708
0.022928936
0.027047928
0.026525876
0.023845034
0.024891825
0.024733644
0.026156627
0.030895978
0.023942001
0.023934055
0.03168011
0.027536575
0.029546827
0.024726754
0.033374492
0.030314893
0.03177353
0.021778507
0.026208138
0.02987809
0.028937247
0.05717563
0.029451504
0.022210108
0.022238918
0.020977862
0.02046864
0.023594974
0.025226768
0.027174424
0.023482658
0.027486566
0.027592734
0.026102673
0.027285583
0.024964198
0.027842985
0.022971211
0.028720943
0.027040947
0.025374232
0.020850398
0.024177387
0.025239049
0.031369533
0.022598373
0.024017986
0.022398513
0.026845675
0.026840767
0.02715389
0.020573514
0.019500144
0.030467223
0.023807794
0.02460705
0.030519057
0.020358589
0.027785204
0.023033215
0.023049496
0.022595493
0.024560329
0.026222035
0.031074136
0.025308574
0.020735772
0.029014278
0.022147328
0.026480868
0.023150284
0.025657935
0.025223095
0.025771882
0.022480808
0.022224534
0.026545543
0.022444714
0.024294823
0.04142854
0.027079467
0.031914573
0.024493119
0.02412853
0.023578078
0.025837515
0.026278887
0.021613304
0.022856733
0.025743026
0.023897797
0.03171919
0.02816709
0.024916932
0.024004318
0.022487603
0.023701943
0.024670718
0.025604267
0.02341647
0.03703379
0.020292168
0.020919427
0.029668748
0.023438334
0.024215579
0.025184935
0.023902893
0.025934666
0.024309829
0.023583537
0.022436496
0.03058216
0.02343995
0.020428397
0.027419694
0.028495464
0.02459706
0.022387344
0.02560443
0.02183355
0.023782661
0.02212589
0.024115875
0.022372086
0.02258624
0.025352348
0.025197232
0.024281394
0.023205388
0.025074134
0.02255776
0.025509961
0.026036955
0.0264985
0.022339202
0.023939595
0.022050353
0.025850764
0.022497535
0.024784952
0.023571819
0.024947863
0.020900797
0.026796702
0.02485669
0.023106357
0.025428724
0.025408193
0.02118527
0.024329007
0.030590888
0.029998377
0.024635758
0.023691906
0.022849146
0.025581403
0.026805814
0.022965085
0.025778748
0.024269382
0.027755354
0.023744032
0.026829302
0.022454847
0.02938946
0.023677561
0.021240897
0.022399766
0.023756118
0.025993053
0.020420633
0.02310074
0.020714456
0.02667229
0.0207468
0.020960163
0.027267521
0.020077595
0.0222024
0.026355594
0.022135584
0.026585404
0.023059336
0.026636563
0.0210608
0.02235416
0.02350311
0.031648256
0.02078417
0.023724137
0.029626392
0.02739681
0.024215456
0.022764407
0.02809212
0.021050792
0.022913203
0.026647095
0.023127392
0.029619792
0.025756493
0.03443116
0.020898884
0.028921299
0.023345992
0.023457939
0.025203776
0.02472601
0.026166886
0.023751512
0.02778153
0.019888844
0.026342588
0.024752853
0.022394273
0.02395875
0.020163793
0.024566274
0.023069706
0.02393662
0.02198984
0.026646055
0.026785193
0.022727987
0.023836955
0.025086444
0.022798115
0.03495275
0.022821108
0.024840122
0.022250324
0.023051733
0.024857987
0.03307444
0.031134836
0.024036061
0.022316657
0.026062436
0.027276747
0.022243392
0.07352545
0.02206536
0.023538869
0.028205601
0.026602399
0.029092036
0.027423322
0.023105783
0.026711002
0.027298735
0.023217212
0.022839777
0.025428124
0.022016913
0.019721754
0.0226516
0.025206955
0.023819089
0.029144296
0.019945005
0.03111587
0.02338852
0.024966467
0.026834913
0.022157304
0.021055292
0.02348708
0.02379203
0.026533114
0.026640516
0.02828385
0.022639047
0.026866008
0.029572012
0.024435213
0.024296483
0.022202818
0.026214566
0.022679007
0.021801563
0.022867031
0.023001375
0.022844637
0.023665708
0.021795234
0.029938985
0.02171016
0.024638042
0.023115147
0.022408018
0.02271396
0.024891417
0.022899605
0.022606123
0.023366582
0.023340039
0.029952928
0.049624335
0.022111833
0.032640573
0.022353373
0.024039973
0.02444151
0.020776201
0.023890145
0.022775741
0.024808891
0.021924261
0.023894137
0.025658356
0.032154374
0.021104556
0.024485128
0.029319908
0.024095122
0.02593834
0.022484466
0.024388494
0.042258542
0.022516808
0.02249738
0.026412025
0.021400612
0.026236914
0.024653986
0.043553583
0.024966426
0.032118563
0.021496156
0.026135765
0.027123827
0.022951234
0.019710142
0.030800764
0.0243803
0.023374917
0.024070386
0.028561413
0.029562106
0.022314727
0.024564762
0.024420438
0.02457256
0.021249607
0.023186428
0.022658832
0.024994656
0.024367
0.021091072
0.023542505
0.028452728
0.024396583
0.02229087
0.029847777
0.025543306
0.024117023
0.024938902
0.021294456
0.027815394
0.021284822
0.027262127
0.021358754
0.021594992
0.029165301
0.02150463
0.024467224
0.024116166
0.021338105
0.02336201
0.024299435
0.031348124
0.025774192
0.030596511
0.02548911
0.025427777
0.029580135
0.021621857
0.020530256
0.02381825
0.02547523
0.022691282
0.020824874
0.025836166
0.023612931
0.02387344
0.022988075
0.024384957
0.025403015
0.024407908
0.021761546
0.025819447
0.019948453
0.02133441
0.024133246
0.03156755
0.021124095
0.02291584
0.029279392
0.023081478
0.022005687
0.028709762
0.024952777
0.02170576
0.034906838
0.022811178
0.023093907
0.026344754
0.021942321
0.024631752
0.022294253
0.020657288
0.024668925
0.025063049
0.021958973
0.021637272
0.022532823
0.026226765
0.02697018
0.024538428
0.024703432
0.02223614
0.023287207
0.023003425
0.023962555
0.025224134
0.027233
0.024473734
0.026236929
0.022725658
0.020693118
0.023016158
0.023038566
0.026159527
0.027439183
0.029519262
0.023808183
0.028817471
0.023056239
0.027443688
0.02614203
0.029270222
0.0241936
0.029266205
0.022778142
0.024616234
0.030959848
0.029379264
0.020432282
0.036433995
0.022530248
0.036304634
0.025106648
0.029733215
0.024492327
0.020610737
0.02019458
0.020959895
0.023385871
0.023619287
0.02890585
0.02385138
0.023513533
0.055310324
0.02502536
0.0247232
0.020821407
0.025079146
0.026845627
0.021779371
0.023634104
0.0257347
0.019929003
0.024796577
0.0207444
0.03228609
0.03189145
0.025494104
0.024036119
0.02434751
0.02371383
0.025298152
0.02559947
0.027184311
0.025012102
0.02466153
0.025267916
0.01955567
0.02061902
0.0272874
0.024008788
0.021281537
0.022298459
0.026866328
0.020081546
0.025311477
0.024916526
0.021444662
0.025010845
0.021387033
0.023025284
0.02917939
0.029850317
0.027885318
0.024468392
0.021403428
0.024820983
0.023447275
0.02420794
0.024683932
0.023574643
0.020987744
0.024383597
0.02333486
0.025620788
0.02910165
0.02417656
0.024785308
0.027700476
0.020298019
0.026178302
0.02523299
0.023602225
0.030952118
0.02150312
0.023129445
0.023153542
0.025069457
0.025513174
0.024773028
0.02640476
0.025101453
0.019843515
0.02196224
0.022957634
0.022158839
0.02205873
0.02473551
0.02330997
0.023811515
0.02521874
0.02195386
0.022841945
0.02361404
0.021147124
0.022321396
0.026251353
0.022962306
0.020703163
0.021402678
0.025651934
0.026793454
0.025039505
0.02173423
0.021940583
0.029987698
0.022505114
0.026120499
0.022341527
0.026594548
0.025231628
0.023689015
0.025052505
0.02302401
0.024329135
0.024655864
0.02459357
0.022881476
0.024790604
0.02386265
0.029410154
0.021081487
0.023926308
0.022149302
0.024293602
0.029320758
0.02183643
0.02473773
0.024544861
0.026574112
0.026703868
0.021223921
0.023308352
0.02509448
0.02215435
0.020541841
0.023001453
0.031050809
0.024807688
0.023177456
0.029495098
0.023602234
0.020895813
0.025810113
0.02810698
0.026014673
0.02221401
0.02876656
0.025821876
0.022240983
0.019890867
0.025576413
0.020752285
0.02895031
0.022845265
0.022683319
0.024954056
0.021513669
0.020557959
0.021227626
0.02364478
0.027171876
0.031557523
0.021107614
0.02219621
0.024263449
0.022577481
0.01998258
0.02079889
0.026858341
0.021425119
0.024171874
0.026792675
0.02259484
0.024142846
0.021429982
0.020885209
0.025238879
0.027541947
0.020738842
0.030705884
0.029559586
0.018621057
0.026183395
0.019647397
0.031269662
0.023512859
0.02300286
0.01928949
0.028605403
0.022941303
0.020716954
0.024319652
0.022595663
0.021606226
0.02579356
0.026989527
0.024412964
0.024442878
0.02158618
0.026748218
0.030646183
0.024134263
0.023362154
0.027328588
0.02164239
0.024028536
0.023826584
0.02601622
0.029347818
0.024678133
0.023479737
0.024538506
0.028616
0.027549978
0.02213306
0.022161763
0.019955456
0.023467947
0.02351794
0.020929992
0.023858331
0.030471018
0.023226716
0.028791673
0.023141986
0.024008913
0.021132905
0.024400458
0.019172005
0.018902868
0.020669825
0.026457604
0.022126451
0.01871175
0.026343288
0.027558781
0.022244405
0.026254598
0.028669696
0.02296342
0.020115264
0.021651015
0.028442781
0.028089114
0.027424451
0.021218836
0.026013417
0.021192186
0.024746045
0.024489714
0.021642499
0.021123914
0.024649052
0.022580346
0.023136865
0.022551604
0.0187768
0.025126195
0.02121669
0.024201753
0.019963907
0.031844094
0.023218118
0.021883199
0.027918637
0.02289662
0.021336941
0.020486763
0.021727117
0.021982785
0.0213017
0.030885901
0.024536092
0.020632792
0.020760726
0.025752477
0.025886485
0.026678275
0.022952233
0.027046701
0.02487586
0.023726955
0.02091347
0.024444792
0.025967062
0.025116012
0.026404195
0.03725112
0.021670619
0.025640562
0.023770835
0.03522861
0.021546822
0.022653332
0.026763175
0.024807533
0.02901002
0.024132855
0.024929496
0.030050492
0.025226142
0.030458175
0.023433613
0.024346942
0.020152498
0.022568874
0.022772595
0.025718356
0.018715497
0.031545926
0.025325265
0.035568673
0.024230659
0.023126006
0.018976394
0.023344904
0.030138915
0.027267445
0.023964074
0.026067734
0.022549167
0.021903737
0.023699485
0.020722233
0.0253992
0.02266308
0.023843033
0.02594643
0.025467003
0.021270014
0.024741082
0.020142883
0.025984123
0.027556939
0.020435845
0.02228369
0.023515794
0.05041711
0.025531728
0.020832986
0.02337676
0.021748146
0.021412034
0.024168741
0.026166692
0.024447368
0.023826526
0.022853583
0.02425572
0.023522988
0.020232052
0.020253541
0.019668734
0.020513194
0.023490533
0.022446036
0.021500414
0.0194208
0.027800396
0.027440052
0.021309651
0.021628097
0.023535445
0.023984706
0.020685932
0.026775878
0.02090916
0.028630193
0.025472991
0.024902526
0.023190726
0.026398186
0.023818854
0.021468682
0.021418955
0.022020701
0.023339514
0.021169886
0.020422546
0.025970396
0.019592334
0.027098864
0.027996846
0.026186638
0.021688864
0.027785012
0.021887295
0.0211334
0.021617569
0.029418368
0.020207565
0.021513492
0.024834272
0.021494823
0.022489067
0.025955943
0.029157212
0.021514622
0.02131625
0.024250522
0.02485076
0.020527158
0.02150137
0.026570084
0.022556039
0.022233076
0.019648466
0.025298655
0.024753403
0.024421182
0.025526866
0.02098753
0.024317969
0.025310293
0.024210168
0.025040757
0.020223448
0.020489603
0.0226232
0.027207162
0.024228828
0.02873059
0.019640889
0.021836694
0.025061848
0.022957746
0.021446524
0.023392463
0.024754511
0.024583995
0.025594354
0.019719105
0.023631081
0.020801585
0.025432574
0.020332877
0.02339204
0.021780208
0.021175705
0.024682075
0.02468343
0.026367798
0.021514438
0.021170221
0.025692845
0.0308851
0.020895243
0.020893674
0.025520407
0.025863666
0.026398879
0.02162457
0.025310066
0.021133969
0.023446685
0.023341691
0.019132318
0.026192367
0.02443416
0.023759853
0.02231605
0.01901582
0.023336064
0.025123343
0.02462196
0.022557668
0.026439408
0.02946638
0.021777246
0.02139391
0.026612539
0.020948192
0.019648917
0.020632764
0.024819726
0.023390565
0.02506358
0.02359196
0.02259489
0.02638768
0.030403752
0.023853218
0.024576012
0.019646903
0.021498501
0.026370768
0.022137124
0.027308997
0.018740209
0.027786195
0.02512534
0.027217565
0.02742473
0.019594934
0.028495682
0.022664588
0.02363785
0.022690687
0.023389677
0.023474231
0.02538377
0.020731721
0.021966096
0.02572861
0.020751722
0.021881443
0.020532575
0.026096968
0.02364408
0.029799106
0.02192298
0.024846226
0.024981156
0.021765035
0.022899108
0.025373317
0.026799183
0.020923764
0.023987366
0.024064094
0.03066749
0.019331137
0.020776933
0.028437907
0.024846682
0.022810753
0.02315946
0.023238048
0.025012473
0.02583196
0.024554145
0.019474162
0.023694556
0.022515245
0.04969292
0.01950685
0.02189052
0.03158473
0.025480129
0.02162851
0.024779499
0.02384684
0.029969383
0.024678528
0.023977805
0.022347268
0.022724254
0.02396148
0.023043778
0.022953153
0.022715565
0.022461567
0.021298246
0.02367505
0.021872174
0.02544685
0.023232402
0.02009371
0.021771792
0.02785771
0.025469054
0.0254254
0.023820616
0.024389133
0.030611621
0.022713566
0.019894503
0.021672707
0.022777183
0.033307552
0.029196233
0.02495706
0.018655796
0.031046767
0.024795763
0.020907208
0.021173652
0.02397715
0.025080606
0.02765029
0.0231606
0.02354714
0.02081345
0.023331065
0.020792728
0.021495257
0.023559267
0.022905238
0.026980698
0.020247862
0.022796093
0.020227544
0.022784516
0.020788684
0.0211053
0.025885038
0.024799459
0.02161153
0.023245076
0.027756456
0.020601276
0.024842806
0.024014462
0.024138287
0.030601718
0.025297612
0.022500137
0.02246131
0.028407082
0.03057435
0.024644233
0.022008609
0.025941039
0.023896951
0.021423765
0.02510788
0.021696005
0.020191602
0.03203222
0.025748324
0.03226601
0.020117663
0.023324747
0.021881947
0.023679767
0.021507572
0.023639653
0.026568342
0.019745797
0.0270341
0.018695774
0.023959607
0.02412685
0.02277045
0.039014608
0.022791803
0.023836043
0.023610743
0.024161287
0.022430886
0.0192572
0.030056432
0.01924144
0.023847686
0.022353021
0.026097313
0.023479555
0.02091018
0.022645615
0.02628256
0.020072388
0.020147232
0.023445532
0.025315844
0.023751317
0.023128184
0.022148307
0.021316996
0.021868698
0.021476604
0.019141728
0.025327168
0.027771682
0.023796432
0.02858052
0.021709107
0.022349719
0.020465475
0.024779076
0.027692745
0.02047731
0.0253614
0.022975031
0.022065977
0.022554714
0.023077253
0.020837028
0.021015422
0.023326889
0.022287758
0.019486284
0.019915912
0.022691526
0.023680001
0.021211512
0.019068308
0.021336569
0.023083784
0.020712927
0.024620732
0.020142889
0.02100715
0.01897988
0.036542777
0.021085115
0.02036601
0.021823503
0.023863677
0.019273482
0.02062829
0.024494607
0.027507864
0.022911053
0.025750611
0.022319326
0.025825776
0.022782713
0.0232803
0.019581717
0.022355497
0.020515071
0.022636803
0.025884222
0.026234614
0.027116705
0.02488679
0.0191265
0.020134535
0.019085316
0.025561515
0.02321351
0.020446215
0.024958266
0.019528951
0.017998494
0.019136809
0.0214466
0.02988861
0.022857767
0.026226891
0.026192654
0.019368667
0.02440744
0.020781245
0.022656465
0.021580134
0.023678254
0.025596779
0.022331765
0.01944895
0.018026548
0.025597017
0.023904111
0.020336052
0.021709526
0.021546997
0.021443088
0.023279186
0.02528153
0.025759643
0.028283598
0.020888641
0.0193987
0.020697918
0.023899894
0.020988047
0.022280592
0.019652165
0.02643228
0.021708531
0.020684315
0.02555621
0.023221873
0.022289582
0.020878918
0.025280178
0.023331452
0.020710167
0.024757523
0.02213912
0.02188699
0.023438895
0.021231156
0.026591716
0.029567566
0.029931538
0.024586597
0.021595126
0.022364248
0.022585869
0.02181033
0.021131929
0.020750431
0.0243789
0.018951606
0.020992123
0.021207016
0.027710646
0.021568634
0.023564074
0.022431644
0.028393965
0.021743687
0.024563573
0.026439542
0.025673024
0.025061578
0.02578907
0.021447888
0.025611099
0.018825201
0.022065505
0.028729241
0.021781867
0.01981217
0.02262453
0.025501318
0.02711542
0.021174377
0.020770129
0.019741919
0.025058217
0.018255003
0.02609125
0.028005568
0.02634983
0.018335618
0.029083967
0.022853998
0.02482497
0.032970577
0.02507126
0.024460156
0.028589047
0.02265548
0.026017383
0.021933831
0.025521422
0.022584936
0.022998273
0.030706633
0.02169507
0.021019965
0.025992308
0.023679625
0.019810574
0.02056827
0.023011263
0.023559827
0.021505335
0.022622548
0.021559909
0.02957371
0.021917032
0.02369014
0.023685694
0.031198323
0.026899692
0.021241061
0.0227421
0.019776665
0.01781709
0.020698538
0.027850613
0.023898821
0.02092226
0.02185591
0.023468941
0.024967324
0.021176502
0.02176803
0.023538116
0.024617404
0.02580939
0.02491551
0.023572259
0.023064751
0.021759612
0.01864013
0.024927452
0.021325866
0.022606965
0.022127908
0.02326313
0.018563733
0.01977231
0.023021888
0.01790031
0.028586049
0.020360468
0.023324843
0.029054452
0.022343546
0.020549718
0.0185503
0.020221267
0.022512175
0.022353657
0.031834103
0.026771689
0.02558621
0.025915561
0.02699174
0.026715694
0.020230934
0.026349258
0.023342341
0.024416534
0.023547346
0.021940485
0.027879117
0.020612676
0.01976353
0.021417694
0.017468743
0.024155552
0.020561056
0.02226932
0.026152603
0.019393655
0.02148848
0.022036009
0.025070189
0.020303478
0.028578212
0.027535178
0.021049924
0.018505704
0.021800127
0.026964031
0.027279152
0.018095259
0.024925377
0.02442254
0.022557568
0.020670984
0.02309591
0.018891705
0.021018544
0.029440643
0.018908914
0.019879252
0.021916516
0.021748278
0.019952843
0.021670349
0.021296961
0.019514348
0.021789305
0.024805855
0.026284289
0.020911444
0.01961368
0.019679898
0.02983636
0.020804655
0.022636313
0.024468338
0.02410041
0.022222139
0.018769668
0.023436263
0.018596876
0.021293595
0.022048932
0.021211563
0.020166364
0.019337203
0.021283556
0.019552097
0.026364105
0.021667406
0.02300984
0.02146479
0.020337794
0.021099314
0.024666632
0.024010759
0.057434462
0.025327664
0.022201661
0.023639284
0.022327024
0.025233109
0.025719836
0.023463577
0.021951156
0.021897206
0.024467792
0.024559924
0.023547217
0.019354757
0.030849025
0.020856405
0.02023754
0.022646975
0.022950564
0.019224629
0.021142501
0.022266682
0.02398282
0.019322367
0.020314787
0.017420491
0.018726781
0.031812154
0.022902586
0.022813195
0.023216084
0.021675918
0.019611046
0.021001242
