-1.527185887098312378e-01 -1.797806769609451294e-01 -2.223187386989593506e-01
-1.258864849805831909e-01 -1.651561707258224487e-01 -2.210730910301208496e-01
-1.753859370946884155e-01 -1.369656920433044434e-01 -2.110872715711593628e-01
-1.558487862348556519e-01 -9.882406145334243774e-02 -2.113022506237030029e-01
-1.789515018463134766e-01 -1.471108198165893555e-01 -2.118571996688842773e-01
-1.068732440471649170e-01 -9.929291903972625732e-02 -2.309682667255401611e-01
-1.125652641057968140e-01 -1.326856166124343872e-01 -2.273275703191757202e-01
-1.493991613388061523e-01 -9.086553007364273071e-02 -2.194060236215591431e-01
-1.758937537670135498e-01 -8.990405499935150146e-02 -2.072696089744567871e-01
-1.452398896217346191e-01 -1.366569846868515015e-01 -2.134838849306106567e-01
-1.506243050098419189e-01 -9.342366456985473633e-02 -2.189262956380844116e-01
-1.562678217887878418e-01 -1.429092884063720703e-01 -2.201353609561920166e-01
-1.381521224975585938e-01 -9.328541904687881470e-02 -2.209426611661911011e-01
-1.664535850286483765e-01 -1.127369031310081482e-01 -2.101546525955200195e-01
-1.536364853382110596e-01 -1.019379496574401855e-01 -2.111870348453521729e-01
-1.568888723850250244e-01 -1.423811614513397217e-01 -2.198910713195800781e-01
-1.576384454965591431e-01 -1.383175402879714966e-01 -2.081703543663024902e-01
-1.510973274707794189e-01 -1.242766156792640686e-01 -2.161896377801895142e-01
-1.875200569629669189e-01 -1.417218446731567383e-01 -2.160819321870803833e-01
-1.076934710144996643e-01 -1.235767230391502380e-01 -2.295170128345489502e-01
-1.151009500026702881e-01 -1.498050987720489502e-01 -2.238295376300811768e-01
-1.546703577041625977e-01 -9.406282752752304077e-02 -2.179222255945205688e-01
-1.865240931510925293e-01 -1.601608246564865112e-01 -2.184347063302993774e-01
-1.437438577413558960e-01 -1.619302630424499512e-01 -2.230351120233535767e-01
-1.269541531801223755e-01 -1.577983200550079346e-01 -2.226539701223373413e-01
-1.505721807479858398e-01 -1.436915248632431030e-01 -2.134777009487152100e-01
-1.586523205041885376e-01 -1.165853142738342285e-01 -2.100524008274078369e-01
-1.656662374734878540e-01 -1.599630266427993774e-01 -2.147083282470703125e-01
-1.608773618936538696e-01 -1.703184247016906738e-01 -2.235028445720672607e-01
-1.234079450368881226e-01 -9.643363207578659058e-02 -2.205187678337097168e-01
-1.076038107275962830e-01 -1.556023061275482178e-01 -2.217596322298049927e-01
-1.410608887672424316e-01 -1.700279116630554199e-01 -2.221026569604873657e-01
-1.409619748592376709e-01 -8.468027412891387939e-02 -2.218787521123886108e-01
-1.714479923248291016e-01 -1.256859451532363892e-01 -2.104026973247528076e-01
-1.388381868600845337e-01 -7.764002680778503418e-02 -2.234954386949539185e-01
-1.757821589708328247e-01 -1.617121249437332153e-01 -2.169908881187438965e-01
-1.624279618263244629e-01 -1.312089711427688599e-01 -2.163842916488647461e-01
-1.328190565109252930e-01 -1.057706624269485474e-01 -2.088652551174163818e-01
-1.724682152271270752e-01 -1.737232208251953125e-01 -2.234549075365066528e-01
-1.207808852195739746e-01 -8.663465082645416260e-02 -2.237565368413925171e-01
-1.123267561197280884e-01 -1.473465859889984131e-01 -2.243736684322357178e-01
-1.403374820947647095e-01 -1.009685248136520386e-01 -2.193688601255416870e-01
-1.626334637403488159e-01 -1.222023144364356995e-01 -2.164950221776962280e-01
-1.609377861022949219e-01 -1.179833188652992249e-01 -2.165772914886474609e-01
-1.366718858480453491e-01 -1.221940815448760986e-01 -2.147968113422393799e-01
-1.572612375020980835e-01 -1.658011525869369507e-01 -2.232368886470794678e-01
-1.084961220622062683e-01 -1.138138324022293091e-01 -2.303891777992248535e-01
-1.489325016736984253e-01 -1.214152500033378601e-01 -2.084028720855712891e-01
-1.151948571205139160e-01 -9.236238151788711548e-02 -2.213622480630874634e-01
-1.105376631021499634e-01 -1.535715907812118530e-01 -2.226404100656509399e-01
-1.776109635829925537e-01 -1.020155623555183411e-01 -2.078327238559722900e-01
-1.477457582950592041e-01 -1.352429836988449097e-01 -2.206067293882369995e-01
-1.499386876821517944e-01 -1.042496636509895325e-01 -2.181243002414703369e-01
-1.558406352996826172e-01 -1.257928609848022461e-01 -2.091110795736312866e-01
-1.545567810535430908e-01 -1.445094347000122070e-01 -2.143070250749588013e-01
-1.833595186471939087e-01 -1.265187859535217285e-01 -2.144028246402740479e-01
-1.315771192312240601e-01 -1.746697723865509033e-01 -2.196290642023086548e-01
-1.886102408170700073e-01 -1.437068134546279907e-01 -2.162278592586517334e-01
-1.562835425138473511e-01 -1.646005362272262573e-01 -2.231641560792922974e-01
-1.492351889610290527e-01 -8.424139022827148438e-02 -2.136426866054534912e-01
-1.286616325378417969e-01 -1.109664812684059143e-01 -2.165122628211975098e-01
-1.198120862245559692e-01 -1.216830462217330933e-01 -2.266116440296173096e-01
-1.583265364170074463e-01 -8.779544383287429810e-02 -2.171005308628082275e-01
-1.534588038921356201e-01 -8.381865918636322021e-02 -2.129932194948196411e-01
-1.836345344781875610e-01 -1.080234125256538391e-01 -2.072672545909881592e-01
-1.169652044773101807e-01 -1.048450246453285217e-01 -2.269811928272247314e-01
-1.020631790161132812e-01 -1.170256733894348145e-01 -2.320611178874969482e-01
-1.625310778617858887e-01 -8.320822566747665405e-02 -2.109290212392807007e-01
-1.754657477140426636e-01 -1.355179399251937866e-01 -2.110312432050704956e-01
-1.535920351743698120e-01 -1.222085505723953247e-01 -2.165080308914184570e-01
-1.279032081365585327e-01 -1.647251695394515991e-01 -2.214040309190750122e-01
-1.635967195034027100e-01 -9.627171605825424194e-02 -2.157501280307769775e-01
-1.583890020847320557e-01 -1.479943543672561646e-01 -2.207438498735427856e-01
-1.469232589006423950e-01 -1.513828784227371216e-01 -2.226888090372085571e-01
-1.043902337551116943e-01 -1.564553231000900269e-01 -2.211246937513351440e-01
-1.497673988342285156e-01 -1.161279007792472839e-01 -2.169152945280075073e-01
-1.679745316505432129e-01 -1.202662959694862366e-01 -2.160321921110153198e-01
-1.077855974435806274e-01 -1.198155805468559265e-01 -2.300399690866470337e-01
-1.777832806110382080e-01 -1.540055871009826660e-01 -2.116644978523254395e-01
-1.333372890949249268e-01 -1.505864709615707397e-01 -2.235188037157058716e-01
-1.566222608089447021e-01 -8.171033114194869995e-02 -2.176675051450729370e-01
-1.333773434162139893e-01 -8.659602701663970947e-02 -2.142578959465026855e-01
-1.378186643123626709e-01 -1.542787700891494751e-01 -2.232031673192977905e-01
-1.798804104328155518e-01 -1.608670949935913086e-01 -2.177994847297668457e-01
-1.300909668207168579e-01 -1.763456314802169800e-01 -2.188682705163955688e-01
-1.792527735233306885e-01 -1.614131331443786621e-01 -2.176798582077026367e-01
-1.010826602578163147e-01 -1.269134581089019775e-01 -2.303258925676345825e-01
-1.291363835334777832e-01 -9.136480093002319336e-02 -2.125291377305984497e-01
-1.391637474298477173e-01 -1.696529537439346313e-01 -2.219302952289581299e-01
-1.828689128160476685e-01 -1.620133072137832642e-01 -2.182054817676544189e-01
-1.066716909408569336e-01 -1.580733060836791992e-01 -2.208122462034225464e-01
-1.404816359281539917e-01 -1.435396820306777954e-01 -2.228946983814239502e-01
-1.830043345689773560e-01 -1.405004411935806274e-01 -2.116328030824661255e-01
-1.476077735424041748e-01 -8.094897121191024780e-02 -2.205380350351333618e-01
-1.570157855749130249e-01 -8.343297243118286133e-02 -2.175434529781341553e-01
-1.825985312461853027e-01 -1.126902475953102112e-01 -2.122565656900405884e-01
-1.648133844137191772e-01 -1.580117493867874146e-01 -2.148030549287796021e-01
-1.138436868786811829e-01 -1.620817929506301880e-01 -2.201986312866210938e-01
-1.382154971361160278e-01 -1.085589900612831116e-01 -2.178378701210021973e-01
-1.604642122983932495e-01 -1.423611938953399658e-01 -2.157117277383804321e-01
-1.656357944011688232e-01 -9.213384240865707397e-02 -2.149167954921722412e-01
-1.446212828159332275e-01 -1.313494741916656494e-01 -2.143535465002059937e-01
-1.236210390925407410e-01 -9.404389560222625732e-02 -2.213441729545593262e-01
-1.661112904548645020e-01 -1.222334802150726318e-01 -2.102376967668533325e-01
-1.288530975580215454e-01 -1.030862554907798767e-01 -2.188772857189178467e-01
-1.616568565368652344e-01 -8.245868235826492310e-02 -2.111858427524566650e-01
-1.374651640653610229e-01 -1.083310618996620178e-01 -2.089580595493316650e-01
-1.357454061508178711e-01 -8.916933834552764893e-02 -2.219856530427932739e-01
-1.126713529229164124e-01 -9.048850834369659424e-02 -2.217848002910614014e-01
-1.377468556165695190e-01 -8.662823587656021118e-02 -2.142133861780166626e-01
-1.020799651741981506e-01 -1.144191175699234009e-01 -2.324013411998748779e-01
-1.258388161659240723e-01 -1.353023201227188110e-01 -2.249268889427185059e-01
-1.356197148561477661e-01 -8.919166773557662964e-02 -2.219981700181961060e-01
-1.594126671552658081e-01 -1.287526637315750122e-01 -2.093587368726730347e-01
-1.904158443212509155e-01 -1.550335288047790527e-01 -2.132895290851593018e-01
-1.631158888339996338e-01 -1.394253820180892944e-01 -2.093454748392105103e-01
-1.752014458179473877e-01 -9.359879046678543091e-02 -2.077891677618026733e-01
-1.779634952545166016e-01 -1.422359794378280640e-01 -2.115401029586791992e-01
-1.462477296590805054e-01 -1.431320458650588989e-01 -2.124371081590652466e-01
-1.591049432754516602e-01 -1.058714091777801514e-01 -2.168534845113754272e-01
-1.609572619199752808e-01 -1.433170884847640991e-01 -2.157068401575088501e-01
-1.005072593688964844e-01 -1.466395109891891479e-01 -2.244395166635513306e-01
-1.471117436885833740e-01 -1.271768510341644287e-01 -2.154164165258407593e-01
-1.608551442623138428e-01 -1.124109923839569092e-01 -2.102268636226654053e-01
-1.441999673843383789e-01 -9.550768136978149414e-02 -2.123327255249023438e-01
-1.299816220998764038e-01 -8.226704597473144531e-02 -2.244046926498413086e-01
-1.604495495557785034e-01 -8.644060790538787842e-02 -2.163953334093093872e-01
-1.643670946359634399e-01 -1.576751917600631714e-01 -2.147372812032699585e-01
-1.822246015071868896e-01 -1.602599769830703735e-01 -2.181170433759689331e-01
-1.217453107237815857e-01 -1.660057753324508667e-01 -2.202924042940139771e-01
-1.788904070854187012e-01 -1.128474399447441101e-01 -2.088397145271301270e-01
-1.315519064664840698e-01 -8.405892550945281982e-02 -2.237662523984909058e-01
-1.319483667612075806e-01 -9.700065851211547852e-02 -2.112363576889038086e-01
-1.499551236629486084e-01 -1.254280656576156616e-01 -2.159703820943832397e-01
-1.211202964186668396e-01 -1.282087415456771851e-01 -2.260305732488632202e-01
-1.589120775461196899e-01 -1.061788797378540039e-01 -2.168759107589721680e-01
-1.102734059095382690e-01 -1.376183032989501953e-01 -2.266998589038848877e-01
-1.926024854183197021e-01 -1.504702568054199219e-01 -2.166917920112609863e-01
-1.462288051843643188e-01 -9.079204499721527100e-02 -2.130808234214782715e-01
-1.623082607984542847e-01 -1.522217988967895508e-01 -2.150052189826965332e-01
-1.571115553379058838e-01 -1.353616863489151001e-01 -2.083503305912017822e-01
-1.649485230445861816e-01 -1.229073554277420044e-01 -2.163702398538589478e-01
-1.827901005744934082e-01 -1.203880310058593750e-01 -2.091543823480606079e-01
-1.094526201486587524e-01 -1.143345981836318970e-01 -2.300296425819396973e-01
-1.417772024869918823e-01 -1.394054293632507324e-01 -2.223619818687438965e-01
-1.865189373493194580e-01 -1.191652268171310425e-01 -2.083399146795272827e-01
-1.966408044099807739e-01 -1.525346338748931885e-01 -2.162155807018280029e-01
-1.712788939476013184e-01 -1.550215184688568115e-01 -2.099849730730056763e-01
-1.555622816085815430e-01 -1.723032891750335693e-01 -2.233319729566574097e-01
-1.679266542196273804e-01 -1.646387279033660889e-01 -2.223927229642868042e-01
-1.680448651313781738e-01 -9.670469909906387329e-02 -2.096870243549346924e-01
-1.822212487459182739e-01 -1.477483063936233521e-01 -2.122097164392471313e-01
-1.457131654024124146e-01 -1.303017437458038330e-01 -2.147293537855148315e-01
-1.721808612346649170e-01 -1.467086672782897949e-01 -2.169973701238632202e-01
-1.394617706537246704e-01 -1.310861706733703613e-01 -2.133200317621231079e-01
-1.205737441778182983e-01 -8.397173881530761719e-02 -2.139781713485717773e-01
-1.223618239164352417e-01 -1.078921779990196228e-01 -2.166486829519271851e-01
-1.643080860376358032e-01 -1.029271706938743591e-01 -2.103153318166732788e-01
-1.527278721332550049e-01 -1.377936005592346191e-01 -2.069039940834045410e-01
-1.302284449338912964e-01 -1.317793279886245728e-01 -2.241055071353912354e-01
-1.363487541675567627e-01 -1.375853866338729858e-01 -2.230385839939117432e-01
-1.592862755060195923e-01 -1.454138904809951782e-01 -2.200351655483245850e-01
-1.623670011758804321e-01 -1.174380257725715637e-01 -2.164756357669830322e-01
-1.687786132097244263e-01 -1.508366763591766357e-01 -2.097305953502655029e-01
-1.315560042858123779e-01 -8.223334699869155884e-02 -2.241869121789932251e-01
-1.399774253368377686e-01 -1.691591292619705200e-01 -2.221010625362396240e-01
-1.882346123456954956e-01 -1.415929645299911499e-01 -2.159478664398193359e-01
-1.508688926696777344e-01 -9.168595075607299805e-02 -2.190046161413192749e-01
-1.130740568041801453e-01 -1.034028083086013794e-01 -2.285593301057815552e-01
-1.449224948883056641e-01 -1.096244305372238159e-01 -2.098147571086883545e-01
-1.610525697469711304e-01 -1.431730240583419800e-01 -2.084893286228179932e-01
-1.456174254417419434e-01 -1.152736544609069824e-01 -2.170121818780899048e-01
-1.638557314872741699e-01 -1.437845081090927124e-01 -2.091255486011505127e-01
-1.733551323413848877e-01 -1.567960083484649658e-01 -2.168910205364227295e-01
-1.523945629596710205e-01 -1.490786522626876831e-01 -2.218754589557647705e-01
-1.517464071512222290e-01 -1.477583348751068115e-01 -2.130569368600845337e-01
-1.355210393667221069e-01 -1.189973130822181702e-01 -2.060232907533645630e-01
-1.704104244709014893e-01 -1.359413564205169678e-01 -2.166887521743774414e-01
-9.992769360542297363e-02 -1.389520466327667236e-01 -2.270705848932266235e-01
-1.534584462642669678e-01 -1.803249567747116089e-01 -2.223499417304992676e-01
-1.311489641666412354e-01 -1.317299753427505493e-01 -2.239039093255996704e-01
-1.498776376247406006e-01 -1.203361898660659790e-01 -2.087066769599914551e-01
-1.984906345605850220e-01 -1.345014721155166626e-01 -2.086146473884582520e-01
-1.143466755747795105e-01 -1.288681030273437500e-01 -2.275239974260330200e-01
-1.482715755701065063e-01 -8.589290082454681396e-02 -2.135752439498901367e-01
-1.137883290648460388e-01 -1.658719629049301147e-01 -2.190303504467010498e-01
-1.442314833402633667e-01 -1.094445586204528809e-01 -2.097672820091247559e-01
-1.512778103351593018e-01 -1.490834802389144897e-01 -2.126708477735519409e-01
-1.013412177562713623e-01 -1.297645568847656250e-01 -2.295300215482711792e-01
-1.326077431440353394e-01 -1.028099581599235535e-01 -2.191219031810760498e-01
-1.652016341686248779e-01 -8.976376056671142578e-02 -2.100590020418167114e-01
-1.515974849462509155e-01 -1.745393872261047363e-01 -2.228228896856307983e-01
-1.362913399934768677e-01 -9.243513643741607666e-02 -2.128016054630279541e-01
-1.281146705150604248e-01 -1.728090941905975342e-01 -2.194469571113586426e-01
-1.000256687402725220e-01 -1.398653984069824219e-01 -2.267811149358749390e-01
-1.605199426412582397e-01 -9.699891507625579834e-02 -2.165501564741134644e-01
-1.285552233457565308e-01 -1.591263413429260254e-01 -2.225382924079895020e-01
-1.153993085026741028e-01 -1.210580095648765564e-01 -2.278524637222290039e-01
-1.830240637063980103e-01 -1.067435517907142639e-01 -2.072329968214035034e-01
-1.544472426176071167e-01 -1.470651924610137939e-01 -2.212637662887573242e-01
-1.628053039312362671e-01 -1.584331393241882324e-01 -2.219477444887161255e-01
-1.528778225183486938e-01 -1.499797701835632324e-01 -2.219411432743072510e-01
-1.374600082635879517e-01 -7.823266834020614624e-02 -2.162847369909286499e-01
-1.548118293285369873e-01 -1.365809142589569092e-01 -2.153018563985824585e-01
-1.250434517860412598e-01 -1.529804468154907227e-01 -2.232681512832641602e-01
-1.769419908523559570e-01 -1.580746173858642578e-01 -2.174180597066879272e-01
-1.556257456541061401e-01 -1.327667981386184692e-01 -2.157557010650634766e-01
-1.707529425621032715e-01 -1.492228806018829346e-01 -2.168225347995758057e-01
-1.756304502487182617e-01 -1.111973673105239868e-01 -2.091944515705108643e-01
-1.130609065294265747e-01 -1.309474110603332520e-01 -2.275036722421646118e-01
-1.372105032205581665e-01 -1.672377437353134155e-01 -2.220532000064849854e-01
-1.375653743743896484e-01 -7.882626354694366455e-02 -2.161398082971572876e-01
-1.722355037927627563e-01 -1.364247798919677734e-01 -2.166962027549743652e-01
-1.824996769428253174e-01 -1.573558896780014038e-01 -2.125269919633865356e-01
-1.597244739532470703e-01 -8.194583654403686523e-02 -2.165703177452087402e-01
-1.845273524522781372e-01 -1.684083342552185059e-01 -2.182660996913909912e-01
-1.874169260263442993e-01 -1.595569103956222534e-01 -2.133795469999313354e-01
-1.541175544261932373e-01 -1.095353960990905762e-01 -2.173444777727127075e-01
-1.512356400489807129e-01 -8.778624236583709717e-02 -2.129734903573989868e-01
-1.445285528898239136e-01 -1.176257058978080750e-01 -2.165803760290145874e-01
-1.574613153934478760e-01 -1.570328325033187866e-01 -2.223288416862487793e-01
-1.609920561313629150e-01 -1.768018156290054321e-01 -2.235984653234481812e-01
-1.802845299243927002e-01 -1.122153550386428833e-01 -2.128509283065795898e-01
-1.938211172819137573e-01 -1.193678602576255798e-01 -2.066834419965744019e-01
-1.805863380432128906e-01 -1.653192192316055298e-01 -2.177001386880874634e-01
-1.930602192878723145e-01 -1.384058445692062378e-01 -2.105539739131927490e-01
-1.460660994052886963e-01 -1.131971925497055054e-01 -2.173276841640472412e-01
-1.483142822980880737e-01 -1.814706027507781982e-01 -2.212058007717132568e-01
-1.664775311946868896e-01 -1.785888522863388062e-01 -2.239783853292465210e-01
-1.400459706783294678e-01 -1.673716902732849121e-01 -2.223493158817291260e-01
-1.326563060283660889e-01 -1.705116629600524902e-01 -2.208186089992523193e-01
-1.623195856809616089e-01 -1.330444961786270142e-01 -2.095849066972732544e-01
-1.363016813993453979e-01 -9.409765154123306274e-02 -2.209593057632446289e-01
-1.629423201084136963e-01 -1.594078689813613892e-01 -2.221036106348037720e-01
-1.136539354920387268e-01 -1.029375120997428894e-01 -2.282729744911193848e-01
-1.750576347112655640e-01 -1.466347575187683105e-01 -2.112985700368881226e-01
-1.437912434339523315e-01 -9.805268049240112305e-02 -2.118325829505920410e-01
-1.668155044317245483e-01 -1.528653353452682495e-01 -2.200875729322433472e-01
-1.586005985736846924e-01 -9.984221309423446655e-02 -2.170037627220153809e-01
-1.641864329576492310e-01 -1.404377520084381104e-01 -2.163306623697280884e-01
-1.471246331930160522e-01 -1.221247315406799316e-01 -2.160396128892898560e-01
-1.043614819645881653e-01 -1.349163204431533813e-01 -2.279313206672668457e-01
-1.556392610073089600e-01 -1.373065263032913208e-01 -2.077694982290267944e-01
-1.370573788881301880e-01 -1.054473519325256348e-01 -2.095965296030044556e-01
-1.832236647605895996e-01 -1.516328305006027222e-01 -2.176942974328994751e-01
-1.163799837231636047e-01 -1.295899003744125366e-01 -2.270158827304840088e-01
-1.430319696664810181e-01 -7.616071403026580811e-02 -2.159793525934219360e-01
-1.389052718877792358e-01 -7.904737442731857300e-02 -2.159659415483474731e-01
-1.350940465927124023e-01 -1.499876230955123901e-01 -2.234742343425750732e-01
-1.381559967994689941e-01 -1.200483664870262146e-01 -2.064012885093688965e-01
-1.089552491903305054e-01 -1.061372384428977966e-01 -2.303962260484695435e-01
-1.802414506673812866e-01 -1.363026499748229980e-01 -2.111752182245254517e-01
-1.344806700944900513e-01 -1.340349763631820679e-01 -2.232583165168762207e-01
-1.788864582777023315e-01 -1.276890039443969727e-01 -2.153671979904174805e-01
-1.482474207878112793e-01 -9.149986505508422852e-02 -2.196008861064910889e-01
-1.202756911516189575e-01 -8.198188245296478271e-02 -2.146423310041427612e-01
-1.637371182441711426e-01 -1.530550718307495117e-01 -2.152402102947235107e-01
-9.787884354591369629e-02 -1.233459636569023132e-01 -2.318278104066848755e-01
-1.194875389337539673e-01 -1.041370406746864319e-01 -2.174671888351440430e-01
-1.316813677549362183e-01 -1.745046675205230713e-01 -2.196921557188034058e-01
-1.828258037567138672e-01 -1.308524161577224731e-01 -2.105355709791183472e-01
-1.565965265035629272e-01 -1.133713498711585999e-01 -2.168305963277816772e-01
-1.239619180560112000e-01 -9.218370169401168823e-02 -2.115755379199981689e-01
-1.397952884435653687e-01 -1.113229095935821533e-01 -2.174368947744369507e-01
-1.452610790729522705e-01 -1.326683610677719116e-01 -2.142428606748580933e-01
-1.855143159627914429e-01 -1.217763051390647888e-01 -2.130923420190811157e-01
-1.442927271127700806e-01 -1.600607484579086304e-01 -2.230925410985946655e-01
-1.187872588634490967e-01 -1.062330454587936401e-01 -2.166240364313125610e-01
-1.766907125711441040e-01 -1.284586936235427856e-01 -2.157580852508544922e-01
-1.840464472770690918e-01 -1.646489799022674561e-01 -2.125641554594039917e-01
-1.439916193485260010e-01 -1.157402470707893372e-01 -2.085459381341934204e-01
-1.701051294803619385e-01 -9.319730103015899658e-02 -2.090936601161956787e-01
-1.510119587182998657e-01 -1.283442080020904541e-01 -2.078967988491058350e-01
-1.399749964475631714e-01 -8.145304024219512939e-02 -2.153192758560180664e-01
-1.615050882101058960e-01 -1.231268569827079773e-01 -2.165314853191375732e-01
-1.381644159555435181e-01 -7.848578691482543945e-02 -2.235416173934936523e-01
-1.717129200696945190e-01 -9.387120604515075684e-02 -2.087387889623641968e-01
-1.494699865579605103e-01 -1.620593219995498657e-01 -2.231250852346420288e-01
-1.906298398971557617e-01 -1.488337516784667969e-01 -2.124839425086975098e-01
-1.963543295860290527e-01 -1.559351682662963867e-01 -2.169500440359115601e-01
-1.585133522748947144e-01 -1.007513403892517090e-01 -2.109999656677246094e-01
-1.751641929149627686e-01 -1.428271830081939697e-01 -2.112654447555541992e-01
-1.811765432357788086e-01 -1.655795574188232422e-01 -2.116290032863616943e-01
-1.431563496589660645e-01 -1.207015886902809143e-01 -2.073390930891036987e-01
-1.524951756000518799e-01 -1.071795374155044556e-01 -2.176694571971893311e-01
-1.158983558416366577e-01 -1.233449503779411316e-01 -2.276233881711959839e-01
-1.712180823087692261e-01 -1.385409682989120483e-01 -2.167729288339614868e-01
-1.482021212577819824e-01 -9.424740076065063477e-02 -2.193401157855987549e-01
-1.545938551425933838e-01 -1.399055719375610352e-01 -2.071416079998016357e-01
-1.015591695904731750e-01 -1.422587782144546509e-01 -2.259723544120788574e-01
-1.025070920586585999e-01 -1.524985879659652710e-01 -2.222961038351058960e-01
-1.184950545430183411e-01 -8.574664592742919922e-02 -2.129761725664138794e-01
-1.481679230928421021e-01 -1.468059569597244263e-01 -2.122483104467391968e-01
-1.618843674659729004e-01 -1.503829509019851685e-01 -2.151301801204681396e-01
-1.560996323823928833e-01 -1.648474037647247314e-01 -2.231828272342681885e-01
-1.490556746721267700e-01 -1.727839112281799316e-01 -2.226836532354354858e-01
-1.206176355481147766e-01 -1.402555257081985474e-01 -2.252519428730010986e-01
-1.818580180406570435e-01 -1.094705164432525635e-01 -2.119766324758529663e-01
-1.465018391609191895e-01 -1.331627070903778076e-01 -2.059535682201385498e-01
-1.578617393970489502e-01 -1.558088213205337524e-01 -2.132308930158615112e-01
-1.672030389308929443e-01 -1.055224239826202393e-01 -2.151928246021270752e-01
-1.817006468772888184e-01 -1.237682849168777466e-01 -2.097641825675964355e-01
-1.892122924327850342e-01 -1.411960572004318237e-01 -2.157023549079895020e-01
-1.934478580951690674e-01 -1.207068786025047302e-01 -2.070505172014236450e-01
-1.088837385177612305e-01 -1.124604418873786926e-01 -2.303301542997360229e-01
-1.123588085174560547e-01 -1.502205431461334229e-01 -2.236652523279190063e-01
-1.649630665779113770e-01 -1.519562751054763794e-01 -2.156414240598678589e-01
-1.269154548645019531e-01 -1.387198567390441895e-01 -2.246221750974655151e-01
-9.975419938564300537e-02 -1.158813908696174622e-01 -2.328669428825378418e-01
-1.623277664184570312e-01 -1.182440817356109619e-01 -2.101861685514450073e-01
-1.260952800512313843e-01 -9.204295277595520020e-02 -2.220067530870437622e-01
-1.408577710390090942e-01 -1.714103221893310547e-01 -2.218633294105529785e-01
-1.186144948005676270e-01 -1.668131053447723389e-01 -2.195700705051422119e-01
-1.437082439661026001e-01 -1.265481263399124146e-01 -2.064105719327926636e-01
-1.643166989088058472e-01 -1.550863683223724365e-01 -2.210725694894790649e-01
-1.876100897789001465e-01 -1.381621807813644409e-01 -2.111587226390838623e-01
-1.229847222566604614e-01 -9.271278977394104004e-02 -2.217763513326644897e-01
-1.825883090496063232e-01 -1.266997754573822021e-01 -2.145824432373046875e-01
-1.327974200248718262e-01 -1.082526072859764099e-01 -2.176835238933563232e-01
-1.452934145927429199e-01 -1.261515766382217407e-01 -2.068910896778106689e-01
-1.742181926965713501e-01 -1.278548091650009155e-01 -2.105728685855865479e-01
-1.822703331708908081e-01 -1.627621799707412720e-01 -2.122490406036376953e-01
-1.371408700942993164e-01 -7.838145643472671509e-02 -2.238142192363739014e-01
-1.342197656631469727e-01 -1.161794066429138184e-01 -2.064177840948104858e-01
-1.896036118268966675e-01 -1.559870839118957520e-01 -2.179439812898635864e-01
-1.678072959184646606e-01 -1.113918274641036987e-01 -2.100352942943572998e-01
-1.498178690671920776e-01 -1.278529912233352661e-01 -2.156788110733032227e-01
-1.407039165496826172e-01 -9.625210613012313843e-02 -2.121443301439285278e-01
-1.059214547276496887e-01 -1.364119797945022583e-01 -2.274228781461715698e-01
-1.556907445192337036e-01 -1.349683851003646851e-01 -2.080466002225875854e-01
-1.339600980281829834e-01 -8.487755805253982544e-02 -2.232200950384140015e-01
-1.640491634607315063e-01 -9.903135895729064941e-02 -2.104019671678543091e-01
-1.170045807957649231e-01 -1.677325814962387085e-01 -2.190133184194564819e-01
-1.443671584129333496e-01 -9.050188213586807251e-02 -2.132285833358764648e-01
-1.149087548255920410e-01 -1.395071595907211304e-01 -2.257990241050720215e-01
-1.716671884059906006e-01 -1.145224645733833313e-01 -2.098976224660873413e-01
-1.508299708366394043e-01 -9.749231487512588501e-02 -2.117235660552978516e-01
-1.743025183677673340e-01 -1.649339795112609863e-01 -2.162473946809768677e-01
-1.720429211854934692e-01 -1.304398030042648315e-01 -2.106601744890213013e-01
-1.304226517677307129e-01 -1.386042535305023193e-01 -2.240799665451049805e-01
-1.572251766920089722e-01 -1.444978415966033936e-01 -2.148907035589218140e-01
-1.273526996374130249e-01 -9.083310514688491821e-02 -2.223413884639739990e-01
-1.187231615185737610e-01 -1.067847535014152527e-01 -2.263658940792083740e-01
-1.675122678279876709e-01 -9.579499065876007080e-02 -2.097696810960769653e-01
-1.249518096446990967e-01 -9.515625983476638794e-02 -2.106680721044540405e-01
-1.057789325714111328e-01 -1.151050254702568054e-01 -2.311858683824539185e-01
-1.527617722749710083e-01 -8.723846077919006348e-02 -2.128091007471084595e-01
-1.329757869243621826e-01 -1.151396632194519043e-01 -2.063729315996170044e-01
-1.709392219781875610e-01 -9.849073737859725952e-02 -2.091333270072937012e-01
-1.385944783687591553e-01 -1.455938071012496948e-01 -2.232087403535842896e-01
-1.663442552089691162e-01 -1.146302521228790283e-01 -2.159556299448013306e-01
-1.356498450040817261e-01 -1.727676987648010254e-01 -2.208258807659149170e-01
-1.611535698175430298e-01 -1.195681393146514893e-01 -2.165682762861251831e-01
-1.632612347602844238e-01 -1.217345297336578369e-01 -2.101413458585739136e-01
-1.836211979389190674e-01 -1.420777589082717896e-01 -2.166378796100616455e-01
-9.912457317113876343e-02 -1.422624886035919189e-01 -2.259892523288726807e-01
-1.603408902883529663e-01 -1.319119632244110107e-01 -2.092904746532440186e-01
-9.926713258028030396e-02 -1.199789568781852722e-01 -2.322709709405899048e-01
-1.697238683700561523e-01 -1.030850782990455627e-01 -2.094894349575042725e-01
-1.664610803127288818e-01 -1.280299425125122070e-01 -2.163952887058258057e-01
-1.408741623163223267e-01 -9.017121046781539917e-02 -2.133845984935760498e-01
-1.764604598283767700e-01 -1.085747480392456055e-01 -2.133747935295104980e-01
-1.535138934850692749e-01 -1.346693038940429688e-01 -2.075266838073730469e-01
-1.627157181501388550e-01 -1.496573239564895630e-01 -2.202214151620864868e-01
-1.481456011533737183e-01 -1.054701432585716248e-01 -2.107229977846145630e-01
-1.242406293749809265e-01 -1.155739501118659973e-01 -2.250103354454040527e-01
-1.408210843801498413e-01 -7.953523099422454834e-02 -2.156437039375305176e-01
-1.454216241836547852e-01 -1.345519721508026123e-01 -2.210186570882797241e-01
-1.376372426748275757e-01 -1.294666826725006104e-01 -2.221726775169372559e-01
-1.624465137720108032e-01 -1.429521143436431885e-01 -2.159657627344131470e-01
-1.166859418153762817e-01 -9.675395488739013672e-02 -2.198448479175567627e-01
-1.485390514135360718e-01 -1.390805542469024658e-01 -2.210469245910644531e-01
-1.565774828195571899e-01 -8.721800148487091064e-02 -2.121392339468002319e-01
-1.508325636386871338e-01 -9.794587641954421997e-02 -2.184458673000335693e-01
-1.655303090810775757e-01 -1.306135207414627075e-01 -2.101199030876159668e-01
-1.933096498250961304e-01 -1.595255434513092041e-01 -2.138729393482208252e-01
-1.651424616575241089e-01 -1.577149927616119385e-01 -2.214804440736770630e-01
-1.646970957517623901e-01 -1.269442737102508545e-01 -2.100390195846557617e-01
-1.200632303953170776e-01 -1.227144002914428711e-01 -2.265217304229736328e-01
-1.284686625003814697e-01 -8.101932704448699951e-02 -2.157630771398544312e-01
-1.636598259210586548e-01 -1.778302937746047974e-01 -2.237860262393951416e-01
-1.258430033922195435e-01 -1.111585348844528198e-01 -2.160806208848953247e-01
-1.351228654384613037e-01 -8.642380684614181519e-02 -2.143177688121795654e-01
-1.337001174688339233e-01 -9.956909716129302979e-02 -2.199208140373229980e-01
-1.209923028945922852e-01 -1.468070000410079956e-01 -2.243241369724273682e-01
-1.570486873388290405e-01 -1.786461621522903442e-01 -2.230893820524215698e-01
-1.733284145593643188e-01 -9.683882445096969604e-02 -2.128360718488693237e-01
-1.548960059881210327e-01 -1.318807452917098999e-01 -2.157772034406661987e-01
-1.697848290205001831e-01 -1.497250050306320190e-01 -2.100853472948074341e-01
-1.597407460212707520e-01 -1.187972947955131531e-01 -2.166334688663482666e-01
-1.736021488904953003e-01 -1.533679962158203125e-01 -2.170976102352142334e-01
-1.268664896488189697e-01 -9.187603741884231567e-02 -2.121008187532424927e-01
-1.371669918298721313e-01 -1.708827614784240723e-01 -2.214446812868118286e-01
-1.656754016876220703e-01 -9.620358049869537354e-02 -2.101251482963562012e-01
-1.397342830896377563e-01 -1.366668343544006348e-01 -2.121644169092178345e-01
-1.231263726949691772e-01 -1.194130033254623413e-01 -2.255777716636657715e-01
-1.334444880485534668e-01 -1.444018632173538208e-01 -2.236444056034088135e-01
-1.582701206207275391e-01 -1.439808309078216553e-01 -2.199424207210540771e-01
-1.537564545869827271e-01 -1.731096059083938599e-01 -2.231543958187103271e-01
-1.541160345077514648e-01 -1.394398063421249390e-01 -2.070701569318771362e-01
-1.230922862887382507e-01 -9.261390566825866699e-02 -2.218126654624938965e-01
-1.370584815740585327e-01 -1.713315248489379883e-01 -2.213461101055145264e-01
-1.611998677253723145e-01 -1.001289933919906616e-01 -2.164568454027175903e-01
-1.519104093313217163e-01 -1.366281956434249878e-01 -2.198552489280700684e-01
-1.804216057062149048e-01 -1.179179549217224121e-01 -2.136394083499908447e-01
-1.373269408941268921e-01 -8.248664438724517822e-02 -2.230716049671173096e-01
-1.502275317907333374e-01 -9.346098452806472778e-02 -2.123703509569168091e-01
-1.892468482255935669e-01 -1.367003768682479858e-01 -2.107772678136825562e-01
-1.595918685197830200e-01 -8.512431383132934570e-02 -2.166789919137954712e-01
-1.443178802728652954e-01 -1.255607455968856812e-01 -2.152353078126907349e-01
-1.394094675779342651e-01 -1.441597044467926025e-01 -2.230592668056488037e-01
-1.288933604955673218e-01 -1.079230308532714844e-01 -2.174726724624633789e-01
-1.851093322038650513e-01 -1.522498279809951782e-01 -2.177089750766754150e-01
-1.133825480937957764e-01 -1.052653938531875610e-01 -2.285469919443130493e-01
-1.406604200601577759e-01 -1.153777390718460083e-01 -2.080337554216384888e-01
-1.627013832330703735e-01 -1.510062813758850098e-01 -2.152438908815383911e-01
-1.749361157417297363e-01 -1.263096779584884644e-01 -2.157332152128219604e-01
-1.890476644039154053e-01 -1.091655939817428589e-01 -2.060039788484573364e-01
-1.233524307608604431e-01 -1.128799170255661011e-01 -2.251199334859848022e-01
-1.855774819850921631e-01 -1.451040357351303101e-01 -2.121326178312301636e-01
-1.278753131628036499e-01 -8.753567934036254883e-02 -2.136675864458084106e-01
-1.845084130764007568e-01 -1.554947644472122192e-01 -2.180245518684387207e-01
-1.424173116683959961e-01 -1.692560762166976929e-01 -2.223592549562454224e-01
-1.886606067419052124e-01 -1.490563452243804932e-01 -2.170438170433044434e-01
-1.614195853471755981e-01 -1.425473690032958984e-01 -2.158450633287429810e-01
-1.566547155380249023e-01 -9.585209190845489502e-02 -2.173858284950256348e-01
-1.126376911997795105e-01 -1.144001260399818420e-01 -2.289092093706130981e-01
-1.544142067432403564e-01 -1.488429754972457886e-01 -2.135666310787200928e-01
-1.739156395196914673e-01 -1.162337735295295715e-01 -2.148419767618179321e-01
-1.481222361326217651e-01 -1.286407113075256348e-01 -2.071833014488220215e-01
-1.747718006372451782e-01 -1.739926189184188843e-01 -2.232609391212463379e-01
-1.252494603395462036e-01 -1.505263596773147583e-01 -2.235681861639022827e-01
-1.401380449533462524e-01 -1.646930277347564697e-01 -2.226478457450866699e-01
-1.383285671472549438e-01 -1.054730042815208435e-01 -2.185048609972000122e-01
-1.796294152736663818e-01 -1.115466281771659851e-01 -2.129341959953308105e-01
-1.295184046030044556e-01 -1.006223261356353760e-01 -2.098207324743270874e-01
-1.729244887828826904e-01 -8.316478133201599121e-02 -2.076178640127182007e-01
-1.571849137544631958e-01 -1.657162457704544067e-01 -2.232318073511123657e-01
-1.542872190475463867e-01 -1.126778423786163330e-01 -2.170870155096054077e-01
-1.567132771015167236e-01 -1.636230796575546265e-01 -2.230846881866455078e-01
-1.239660307765007019e-01 -1.596994102001190186e-01 -2.220710515975952148e-01
-1.162659972906112671e-01 -1.278389394283294678e-01 -2.272137701511383057e-01
-1.524877846240997314e-01 -1.138116046786308289e-01 -2.170982211828231812e-01
-1.581793725490570068e-01 -1.495690792798995972e-01 -2.210790067911148071e-01
-1.118630245327949524e-01 -1.402578949928283691e-01 -2.259345650672912598e-01
-1.889131516218185425e-01 -1.619461923837661743e-01 -2.136709690093994141e-01
-1.138856336474418640e-01 -1.282604038715362549e-01 -2.276851683855056763e-01
-1.319746971130371094e-01 -8.927201479673385620e-02 -2.134110480546951294e-01
-1.560864746570587158e-01 -1.407593339681625366e-01 -2.197128534317016602e-01
-1.591671109199523926e-01 -1.209827885031700134e-01 -2.166231870651245117e-01
-1.507358253002166748e-01 -1.081586554646492004e-01 -2.105037122964859009e-01
-1.496673226356506348e-01 -1.647441089153289795e-01 -2.231231629848480225e-01
-1.856206655502319336e-01 -1.070259064435958862e-01 -2.066125273704528809e-01
-1.491447389125823975e-01 -1.086729466915130615e-01 -2.177990823984146118e-01
-1.154059618711471558e-01 -1.503944396972656250e-01 -2.236934751272201538e-01
-1.847436875104904175e-01 -1.024066954851150513e-01 -2.061184197664260864e-01
-1.451194882392883301e-01 -1.146956235170364380e-01 -2.170893549919128418e-01
-9.976866841316223145e-02 -1.273440569639205933e-01 -2.304592430591583252e-01
-1.272741109132766724e-01 -1.643354445695877075e-01 -2.214225828647613525e-01
-1.140944212675094604e-01 -1.322568953037261963e-01 -2.271296828985214233e-01
-1.437987387180328369e-01 -7.835342735052108765e-02 -2.154499143362045288e-01
-1.876244843006134033e-01 -1.566853523254394531e-01 -2.181259095668792725e-01
-1.244916394352912903e-01 -1.086036711931228638e-01 -2.167304307222366333e-01
-1.259492188692092896e-01 -1.112427189946174622e-01 -2.160681933164596558e-01
-1.734353452920913696e-01 -1.028834953904151917e-01 -2.133923321962356567e-01
-1.811421960592269897e-01 -1.622736752033233643e-01 -2.179580032825469971e-01
-1.544000208377838135e-01 -1.253901422023773193e-01 -2.089235782623291016e-01
-1.427069306373596191e-01 -1.339940279722213745e-01 -2.215117216110229492e-01
-1.259240806102752686e-01 -8.688162267208099365e-02 -2.136865109205245972e-01
-1.407695859670639038e-01 -1.303534060716629028e-01 -2.137573212385177612e-01
-1.648337543010711670e-01 -1.361768692731857300e-01 -2.098723500967025757e-01
-1.067967861890792847e-01 -1.394580900669097900e-01 -2.265741378068923950e-01
-1.379418224096298218e-01 -1.194536015391349792e-01 -2.064979225397109985e-01
-1.684406101703643799e-01 -1.191681474447250366e-01 -2.102329581975936890e-01
-1.551660448312759399e-01 -1.690146923065185547e-01 -2.233289033174514771e-01
-1.081593111157417297e-01 -1.535017788410186768e-01 -2.224868386983871460e-01
-1.716558039188385010e-01 -1.596734821796417236e-01 -2.206821590662002563e-01
-1.839850991964340210e-01 -1.546603441238403320e-01 -2.127212435007095337e-01
-1.456387490034103394e-01 -1.574688702821731567e-01 -2.230789810419082642e-01
-1.468726098537445068e-01 -1.321323662996292114e-01 -2.062483876943588257e-01
-1.549330353736877441e-01 -1.679320633411407471e-01 -2.233046293258666992e-01
-1.606766581535339355e-01 -8.267081528902053833e-02 -2.162430137395858765e-01
-1.253368258476257324e-01 -1.415333896875381470e-01 -2.246329933404922485e-01
-1.542294919490814209e-01 -9.033893793821334839e-02 -2.122702449560165405e-01
-1.757594794034957886e-01 -1.105795279145240784e-01 -2.138097435235977173e-01
-1.247860267758369446e-01 -1.650007963180541992e-01 -2.209718227386474609e-01
-1.634636521339416504e-01 -9.872268885374069214e-02 -2.158845812082290649e-01
-1.769468188285827637e-01 -1.468816995620727539e-01 -2.173026353120803833e-01
-1.611583530902862549e-01 -1.423297524452209473e-01 -2.158229798078536987e-01
-1.590971946716308594e-01 -1.506502777338027954e-01 -2.211168557405471802e-01
-1.410130411386489868e-01 -1.178817003965377808e-01 -2.162893265485763550e-01
-1.665292829275131226e-01 -1.140602752566337585e-01 -2.158988267183303833e-01
-1.222742497920989990e-01 -1.094007939100265503e-01 -2.161224335432052612e-01
-1.407233774662017822e-01 -1.004103496670722961e-01 -2.112155556678771973e-01
-1.456073373556137085e-01 -1.536558717489242554e-01 -2.229314744472503662e-01
-1.640111505985260010e-01 -8.160904049873352051e-02 -2.105265855789184570e-01
-1.704165786504745483e-01 -1.158120706677436829e-01 -2.154340445995330811e-01
-1.423610448837280273e-01 -1.013933569192886353e-01 -2.110771834850311279e-01
-1.551861464977264404e-01 -1.268632560968399048e-01 -2.162604033946990967e-01
-1.299483478069305420e-01 -1.656581908464431763e-01 -2.214160412549972534e-01
-1.848597526550292969e-01 -1.366524249315261841e-01 -2.111208140850067139e-01
-1.541204303503036499e-01 -1.353932619094848633e-01 -2.152950316667556763e-01
-1.421370953321456909e-01 -8.311390876770019531e-02 -2.218397706747055054e-01
-1.481889486312866211e-01 -1.465142369270324707e-01 -2.123127430677413940e-01
-1.516073793172836304e-01 -1.245423406362533569e-01 -2.085238844156265259e-01
-1.525568962097167969e-01 -1.354101598262786865e-01 -2.194537967443466187e-01
-1.781060695648193359e-01 -1.232949867844581604e-01 -2.149094790220260620e-01
-1.220802292227745056e-01 -1.293459236621856689e-01 -2.257228791713714600e-01
-1.267751902341842651e-01 -1.192301586270332336e-01 -2.243661284446716309e-01
-1.110042929649353027e-01 -1.083458065986633301e-01 -2.296151667833328247e-01
-1.515454649925231934e-01 -1.801225394010543823e-01 -2.220672816038131714e-01
-1.527417898178100586e-01 -1.302982568740844727e-01 -2.157289832830429077e-01
-1.315248459577560425e-01 -1.281650513410568237e-01 -2.236431092023849487e-01
-1.294574737548828125e-01 -1.754717379808425903e-01 -2.189860790967941284e-01
-1.799427568912506104e-01 -1.337208747863769531e-01 -2.159507274627685547e-01
-1.888494044542312622e-01 -1.583952009677886963e-01 -2.134934365749359131e-01
-1.712965071201324463e-01 -1.677264273166656494e-01 -2.225118279457092285e-01
-1.388822942972183228e-01 -7.726872712373733521e-02 -2.235336005687713623e-01
-1.924063712358474731e-01 -1.586488932371139526e-01 -2.137497514486312866e-01
-1.278807520866394043e-01 -1.549171060323715210e-01 -2.231201678514480591e-01
-1.574242562055587769e-01 -1.397260576486587524e-01 -2.079489678144454956e-01
-1.354809850454330444e-01 -1.017562896013259888e-01 -2.103965580463409424e-01
-1.464076042175292969e-01 -1.279346644878387451e-01 -2.068711370229721069e-01
-1.331013143062591553e-01 -8.210906386375427246e-02 -2.155254483222961426e-01
-1.695262491703033447e-01 -1.581065058708190918e-01 -2.159786820411682129e-01
-1.679171323776245117e-01 -1.301796138286590576e-01 -2.164726108312606812e-01
-1.619459688663482666e-01 -1.274613291025161743e-01 -2.164244949817657471e-01
-1.649137139320373535e-01 -1.221499964594841003e-01 -2.163633853197097778e-01
-1.526330560445785522e-01 -1.302093863487243652e-01 -2.157268673181533813e-01
-1.808934658765792847e-01 -1.615935117006301880e-01 -2.119807302951812744e-01
-1.176328286528587341e-01 -9.704407304525375366e-02 -2.198405414819717407e-01
-1.769770979881286621e-01 -1.452511548995971680e-01 -2.115588635206222534e-01
-1.873493492603302002e-01 -1.391765326261520386e-01 -2.156991064548492432e-01
-1.755324900150299072e-01 -1.020290032029151917e-01 -2.082621306180953979e-01
-1.786779165267944336e-01 -1.481011807918548584e-01 -2.118497192859649658e-01
-1.274988204240798950e-01 -8.305471390485763550e-02 -2.245022803544998169e-01
-1.206484586000442505e-01 -1.278370618820190430e-01 -2.261703312397003174e-01
-1.750632375478744507e-01 -1.673782318830490112e-01 -2.160522043704986572e-01
-1.595296114683151245e-01 -1.006900891661643982e-01 -2.109105139970779419e-01
-1.044133305549621582e-01 -1.359935253858566284e-01 -2.276609241962432861e-01
-1.525876373052597046e-01 -1.702038198709487915e-01 -2.231749445199966431e-01
-1.665577292442321777e-01 -1.117615550756454468e-01 -2.101155817508697510e-01
-1.529331058263778687e-01 -9.975680708885192871e-02 -2.113840579986572266e-01
-1.382573395967483521e-01 -1.389807909727096558e-01 -2.228716164827346802e-01
-1.242146342992782593e-01 -1.131885647773742676e-01 -2.248315811157226562e-01
-1.735165715217590332e-01 -1.018160507082939148e-01 -2.132246941328048706e-01
-1.593470126390457153e-01 -9.981736540794372559e-02 -2.109619528055191040e-01
-1.627864688634872437e-01 -1.039734333753585815e-01 -2.161650955677032471e-01
-1.410037130117416382e-01 -1.237099021673202515e-01 -2.150480151176452637e-01
-1.819287985563278198e-01 -1.605077385902404785e-01 -2.180839031934738159e-01
-1.449120342731475830e-01 -1.627114713191986084e-01 -2.230483740568161011e-01
-1.895446777343750000e-01 -1.382495909929275513e-01 -2.151126861572265625e-01
-1.914713978767395020e-01 -1.515950709581375122e-01 -2.170715779066085815e-01
-1.480805575847625732e-01 -8.847617357969284058e-02 -2.198941558599472046e-01
-1.744870394468307495e-01 -9.457033872604370117e-02 -2.080638557672500610e-01
-1.165344193577766418e-01 -1.109119579195976257e-01 -2.274706363677978516e-01
-1.511849910020828247e-01 -8.925766497850418091e-02 -2.128126770257949829e-01
-1.318882554769515991e-01 -8.756797015666961670e-02 -2.228761315345764160e-01
-1.369864493608474731e-01 -1.658913046121597290e-01 -2.222138345241546631e-01
-1.464263051748275757e-01 -8.977052569389343262e-02 -2.201412767171859741e-01
-1.764409244060516357e-01 -1.471054702997207642e-01 -2.115181982517242432e-01
-1.381663531064987183e-01 -1.481257230043411255e-01 -2.232992649078369141e-01
-1.891463994979858398e-01 -1.574944108724594116e-01 -2.134572565555572510e-01
-1.856430619955062866e-01 -1.267032176256179810e-01 -2.139296531677246094e-01
-1.646044999361038208e-01 -1.541399806737899780e-01 -2.153092175722122192e-01
-1.505144387483596802e-01 -9.274494647979736328e-02 -2.190041244029998779e-01
-1.172814369201660156e-01 -9.132675081491470337e-02 -2.219565808773040771e-01
-1.959817707538604736e-01 -1.299994736909866333e-01 -2.082899361848831177e-01
-1.276150941848754883e-01 -1.601421982049942017e-01 -2.222979068756103516e-01
-1.635793894529342651e-01 -1.326929181814193726e-01 -2.164430022239685059e-01
-1.407403945922851562e-01 -1.397582143545150757e-01 -2.225630730390548706e-01
-1.281829029321670532e-01 -1.567319035530090332e-01 -2.228859215974807739e-01
-1.330476850271224976e-01 -1.034170538187026978e-01 -2.095906585454940796e-01
-1.410578042268753052e-01 -1.106870174407958984e-01 -2.090867012739181519e-01
-1.384400278329849243e-01 -1.017496585845947266e-01 -2.107171863317489624e-01
-1.295414566993713379e-01 -1.664866954088211060e-01 -2.211909294128417969e-01
-1.283307224512100220e-01 -8.679794520139694214e-02 -2.139469087123870850e-01
-1.413902640342712402e-01 -1.619665175676345825e-01 -2.229320853948593140e-01
-1.090458109974861145e-01 -1.138974279165267944e-01 -2.301963418722152710e-01
-1.233889162540435791e-01 -1.056098863482475281e-01 -2.175575792789459229e-01
-1.694421321153640747e-01 -1.369801163673400879e-01 -2.105340659618377686e-01
-1.536870300769805908e-01 -1.639208793640136719e-01 -2.231293469667434692e-01
-1.330136805772781372e-01 -1.529964804649353027e-01 -2.233798652887344360e-01
-1.445582807064056396e-01 -9.077656269073486328e-02 -2.203977108001708984e-01
-1.645310819149017334e-01 -1.113581955432891846e-01 -2.160134166479110718e-01
-1.598164290189743042e-01 -9.668657928705215454e-02 -2.110079228878021240e-01
-1.604424715042114258e-01 -1.382000893354415894e-01 -2.160066068172454834e-01
-1.470290571451187134e-01 -7.866530120372772217e-02 -2.148186117410659790e-01
-1.049408093094825745e-01 -1.567604094743728638e-01 -2.210793197154998779e-01
-1.772652566432952881e-01 -1.502581834793090820e-01 -2.116517424583435059e-01
-1.179720908403396606e-01 -1.077775508165359497e-01 -2.267540097236633301e-01
-1.495360285043716431e-01 -1.071176752448081970e-01 -2.179219126701354980e-01
-1.490453183650970459e-01 -1.564043015241622925e-01 -2.229301780462265015e-01
-1.202519983053207397e-01 -1.051948070526123047e-01 -2.172294259071350098e-01
-1.901351362466812134e-01 -1.460058242082595825e-01 -2.121205627918243408e-01
-1.694984138011932373e-01 -1.775992363691329956e-01 -2.240303009748458862e-01
-1.310756057500839233e-01 -1.345868259668350220e-01 -2.239867746829986572e-01
-1.441348046064376831e-01 -1.287770122289657593e-01 -2.203107476234436035e-01
-1.401170641183853149e-01 -1.419274508953094482e-01 -2.228334695100784302e-01
-1.726614683866500854e-01 -1.152848899364471436e-01 -2.149962931871414185e-01
-1.216273531317710876e-01 -8.522825688123703003e-02 -2.242074310779571533e-01
-1.738963276147842407e-01 -1.467227786779403687e-01 -2.111011594533920288e-01
-1.506574004888534546e-01 -9.129270911216735840e-02 -2.190836817026138306e-01
-1.236378997564315796e-01 -1.315219104290008545e-01 -2.253871411085128784e-01
-1.440196782350540161e-01 -1.808899790048599243e-01 -2.204809039831161499e-01
-1.067021563649177551e-01 -1.400736123323440552e-01 -2.264174073934555054e-01
-1.543217748403549194e-01 -1.411934047937393188e-01 -2.147115319967269897e-01
-1.629317253828048706e-01 -1.127935647964477539e-01 -2.102351486682891846e-01
-1.776389777660369873e-01 -1.209059655666351318e-01 -2.146550863981246948e-01
-1.745884269475936890e-01 -1.482040733098983765e-01 -2.112016528844833374e-01
-1.580103635787963867e-01 -8.261992037296295166e-02 -2.121058702468872070e-01
-1.358244717121124268e-01 -1.300837695598602295e-01 -2.227023839950561523e-01
-1.319667696952819824e-01 -1.272692382335662842e-01 -2.125371992588043213e-01
-9.768321365118026733e-02 -1.323655396699905396e-01 -2.292725294828414917e-01
-1.565378010272979736e-01 -1.419809609651565552e-01 -2.150568366050720215e-01
-1.585780382156372070e-01 -1.250466257333755493e-01 -2.164977341890335083e-01
-1.567775309085845947e-01 -1.388527005910873413e-01 -2.078835517168045044e-01
-1.703859716653823853e-01 -1.074143275618553162e-01 -2.095740139484405518e-01
-1.529161334037780762e-01 -1.566394418478012085e-01 -2.227084189653396606e-01
-1.738080829381942749e-01 -1.505350768566131592e-01 -2.171700149774551392e-01
-1.242717355489730835e-01 -1.543320268392562866e-01 -2.230416536331176758e-01
-1.648625880479812622e-01 -1.518461108207702637e-01 -2.084853798151016235e-01
-1.708280891180038452e-01 -1.762917041778564453e-01 -2.238958925008773804e-01
-1.284736990928649902e-01 -1.302629709243774414e-01 -2.244353145360946655e-01
-1.319010853767395020e-01 -8.313038200139999390e-02 -2.152351886034011841e-01
-1.342747956514358521e-01 -8.461356163024902344e-02 -2.148244529962539673e-01
-1.368598788976669312e-01 -1.557687371969223022e-01 -2.231382727622985840e-01
-1.869446188211441040e-01 -1.586772203445434570e-01 -2.132806032896041870e-01
-1.501969844102859497e-01 -1.095826849341392517e-01 -2.176515161991119385e-01
-1.757213920354843140e-01 -1.692752987146377563e-01 -2.221212536096572876e-01
-1.775167435407638550e-01 -9.145459532737731934e-02 -2.069183588027954102e-01
-1.226005777716636658e-01 -8.983440697193145752e-02 -2.227255403995513916e-01
-1.380793750286102295e-01 -1.212656125426292419e-01 -2.152266800403594971e-01
-1.407800018787384033e-01 -1.693248897790908813e-01 -2.221726030111312866e-01
-1.283113062381744385e-01 -1.149830743670463562e-01 -2.234902381896972656e-01
-1.607129722833633423e-01 -1.249902620911598206e-01 -2.097985446453094482e-01
-1.461889147758483887e-01 -8.920915424823760986e-02 -2.202431708574295044e-01
-1.844493299722671509e-01 -1.657099723815917969e-01 -2.183798402547836304e-01
-1.723519116640090942e-01 -8.025658130645751953e-02 -2.076982110738754272e-01
-1.046772673726081848e-01 -1.179298162460327148e-01 -2.311903238296508789e-01
-1.619647890329360962e-01 -1.663174182176589966e-01 -2.231543511152267456e-01
-1.142798662185668945e-01 -1.523685455322265625e-01 -2.231736034154891968e-01
-1.628491133451461792e-01 -1.196046993136405945e-01 -2.101771533489227295e-01
-1.296434998512268066e-01 -8.459006994962692261e-02 -2.147290706634521484e-01
-1.477507203817367554e-01 -1.280636042356491089e-01 -2.153847217559814453e-01
-1.323733627796173096e-01 -1.736461669206619263e-01 -2.200425714254379272e-01
-1.377118378877639771e-01 -9.359712898731231689e-02 -2.209325581789016724e-01
-1.787487715482711792e-01 -1.534183770418167114e-01 -2.118694484233856201e-01
-1.252028793096542358e-01 -1.221546083688735962e-01 -2.249884307384490967e-01
-1.747851073741912842e-01 -9.979592263698577881e-02 -2.083094865083694458e-01
-1.327965855598449707e-01 -1.016033887863159180e-01 -2.100723981857299805e-01
-1.660171300172805786e-01 -1.352909058332443237e-01 -2.100949287414550781e-01
-1.239739209413528442e-01 -1.111926510930061340e-01 -2.247340530157089233e-01
-1.261126846075057983e-01 -8.990141749382019043e-02 -2.126840949058532715e-01
-1.596973538398742676e-01 -8.339222520589828491e-02 -2.116664797067642212e-01
-1.619623303413391113e-01 -9.095288813114166260e-02 -2.159207016229629517e-01
-1.775848120450973511e-01 -1.468778699636459351e-01 -2.173202931880950928e-01
-1.833091229200363159e-01 -1.633164137601852417e-01 -2.182558923959732056e-01
-1.113327518105506897e-01 -1.278065294027328491e-01 -2.282478511333465576e-01
-1.796978563070297241e-01 -1.401628106832504272e-01 -2.167089432477951050e-01
-1.612670719623565674e-01 -1.029766798019409180e-01 -2.164714038372039795e-01
-1.654041409492492676e-01 -1.526577174663543701e-01 -2.085405737161636353e-01
-1.317564249038696289e-01 -9.691227227449417114e-02 -2.112359255552291870e-01
-1.035047695040702820e-01 -1.231421157717704773e-01 -2.306433171033859253e-01
-1.816935539245605469e-01 -1.348584294319152832e-01 -2.110154926776885986e-01
-1.611884087324142456e-01 -8.519222587347030640e-02 -2.112248837947845459e-01
-1.672150194644927979e-01 -1.272274106740951538e-01 -2.163453400135040283e-01
-1.497106254100799561e-01 -1.315598636865615845e-01 -2.070915699005126953e-01
-1.804560422897338867e-01 -1.489212214946746826e-01 -2.174948900938034058e-01
-1.163712367415428162e-01 -1.600198149681091309e-01 -2.211245596408843994e-01
-1.422467380762100220e-01 -8.213806897401809692e-02 -2.149228155612945557e-01
-1.647075861692428589e-01 -1.559149175882339478e-01 -2.150955647230148315e-01
-1.464688628911972046e-01 -1.111948788166046143e-01 -2.175984680652618408e-01
-1.852605044841766357e-01 -1.239412501454353333e-01 -2.093283683061599731e-01
-1.409574002027511597e-01 -1.751613169908523560e-01 -2.211846411228179932e-01
-1.952869445085525513e-01 -1.568044573068618774e-01 -2.173371762037277222e-01
-1.460564136505126953e-01 -1.801010519266128540e-01 -2.210697531700134277e-01
-1.329918354749679565e-01 -1.160622984170913696e-01 -2.157380133867263794e-01
-1.653485447168350220e-01 -9.921667724847793579e-02 -2.102013230323791504e-01
-1.446176767349243164e-01 -1.432157456874847412e-01 -2.119641155004501343e-01
-1.213726028800010681e-01 -1.265404373407363892e-01 -2.260490804910659790e-01
-1.537444591522216797e-01 -1.453503817319869995e-01 -2.210761755704879761e-01
-1.464801728725433350e-01 -1.634612381458282471e-01 -2.230757772922515869e-01
-1.737967431545257568e-01 -1.316312402486801147e-01 -2.163364738225936890e-01
-1.770166158676147461e-01 -1.440883129835128784e-01 -2.171327322721481323e-01
-1.813518404960632324e-01 -1.576448678970336914e-01 -2.122942060232162476e-01
-1.380732804536819458e-01 -1.236135065555572510e-01 -2.054818868637084961e-01
-1.396805346012115479e-01 -1.144232228398323059e-01 -2.168590128421783447e-01
-1.584271192550659180e-01 -1.267866343259811401e-01 -2.093953788280487061e-01
-1.127793565392494202e-01 -1.357592791318893433e-01 -2.267605215311050415e-01
-1.462352126836776733e-01 -1.514165401458740234e-01 -2.227410525083541870e-01
-1.378760337829589844e-01 -7.624945789575576782e-02 -2.166850715875625610e-01
-1.718599200248718262e-01 -1.464483290910720825e-01 -2.169657945632934570e-01
-1.375821530818939209e-01 -1.088968068361282349e-01 -2.088584601879119873e-01
-1.514233052730560303e-01 -1.095345839858055115e-01 -2.103571146726608276e-01
-1.832675039768218994e-01 -1.089260280132293701e-01 -2.074819505214691162e-01
-1.388394683599472046e-01 -1.507996469736099243e-01 -2.232510447502136230e-01
-1.782531440258026123e-01 -9.735169261693954468e-02 -2.072203755378723145e-01
-1.538932770490646362e-01 -7.352875918149948120e-02 -2.137555778026580811e-01
-1.694215685129165649e-01 -1.186937019228935242e-01 -2.101942747831344604e-01
-1.565160453319549561e-01 -1.071011424064636230e-01 -2.172032147645950317e-01
-1.401298940181732178e-01 -7.674992829561233521e-02 -2.163047343492507935e-01
-1.698315888643264771e-01 -1.090764999389648438e-01 -2.097429633140563965e-01
-1.654003709554672241e-01 -1.570914983749389648e-01 -2.213089466094970703e-01
-1.623858511447906494e-01 -1.672365665435791016e-01 -2.232322692871093750e-01
-1.900402456521987915e-01 -1.373629122972488403e-01 -2.148478925228118896e-01
-1.294240951538085938e-01 -8.856812119483947754e-02 -2.228608131408691406e-01
-1.827673763036727905e-01 -1.200469061732292175e-01 -2.134639769792556763e-01
-1.674587726593017578e-01 -1.228639632463455200e-01 -2.161755561828613281e-01
-1.677099168300628662e-01 -1.234744787216186523e-01 -2.161697298288345337e-01
-1.618018597364425659e-01 -1.401647925376892090e-01 -2.160633653402328491e-01
-1.314000189304351807e-01 -1.228825971484184265e-01 -2.232240885496139526e-01
-1.401790827512741089e-01 -9.404998272657394409e-02 -2.126031816005706787e-01
-1.339066624641418457e-01 -1.164017617702484131e-01 -2.157893627882003784e-01
-1.691202670335769653e-01 -1.085638329386711121e-01 -2.097808420658111572e-01
-1.709126383066177368e-01 -9.310854226350784302e-02 -2.088976204395294189e-01
-1.764748692512512207e-01 -9.333246201276779175e-02 -2.074050605297088623e-01
-1.060830950736999512e-01 -1.176898702979087830e-01 -2.308133840560913086e-01
-1.063820570707321167e-01 -1.138196736574172974e-01 -2.311019301414489746e-01
-1.108616963028907776e-01 -1.555308401584625244e-01 -2.220664918422698975e-01
-1.017736643552780151e-01 -1.370873749256134033e-01 -2.275508940219879150e-01
-1.485878825187683105e-01 -9.010554105043411255e-02 -2.129898220300674438e-01
-1.493415683507919312e-01 -1.165366098284721375e-01 -2.091366052627563477e-01
-1.753805577754974365e-01 -1.665892452001571655e-01 -2.162765264511108398e-01
-1.564645618200302124e-01 -1.690059304237365723e-01 -2.233755588531494141e-01
-1.494413018226623535e-01 -7.360801100730895996e-02 -2.204117476940155029e-01
-1.260379701852798462e-01 -1.692582666873931885e-01 -2.200342714786529541e-01
-1.534667611122131348e-01 -1.485167294740676880e-01 -2.216480374336242676e-01
-1.804266721010208130e-01 -9.814231097698211670e-02 -2.066438198089599609e-01
-1.109073013067245483e-01 -1.091737225651741028e-01 -2.296570688486099243e-01
-1.541827470064163208e-01 -1.136987805366516113e-01 -2.170044481754302979e-01
-1.282913684844970703e-01 -1.393406093120574951e-01 -2.243895977735519409e-01
-1.427326947450637817e-01 -1.593363434076309204e-01 -2.230757027864456177e-01
-1.259849518537521362e-01 -8.123921602964401245e-02 -2.155442088842391968e-01
-1.438739299774169922e-01 -1.365238428115844727e-01 -2.132031619548797607e-01
-1.338291317224502563e-01 -1.019365340471267700e-01 -2.193578034639358521e-01
-1.910542100667953491e-01 -1.609574705362319946e-01 -2.138796895742416382e-01
-1.343563199043273926e-01 -1.145504713058471680e-01 -2.068609297275543213e-01
-1.717310547828674316e-01 -9.339273720979690552e-02 -2.087044119834899902e-01
-1.542127430438995361e-01 -1.055821552872657776e-01 -2.108509689569473267e-01
-1.838369071483612061e-01 -1.212192252278327942e-01 -2.091292440891265869e-01
-1.276266127824783325e-01 -1.026668399572372437e-01 -2.088359296321868896e-01
-1.220684871077537537e-01 -1.580321043729782104e-01 -2.222302109003067017e-01
-1.343806385993957520e-01 -1.091454774141311646e-01 -2.175253033638000488e-01
-1.575076431035995483e-01 -1.217859312891960144e-01 -2.166167944669723511e-01
-1.587179452180862427e-01 -1.407385319471359253e-01 -2.155705392360687256e-01
-1.473675966262817383e-01 -1.337094157934188843e-01 -2.204303592443466187e-01
-1.319300681352615356e-01 -1.341290622949600220e-01 -2.238102108240127563e-01
-1.180137842893600464e-01 -1.074372157454490662e-01 -2.267186939716339111e-01
-1.390060633420944214e-01 -1.128323972225189209e-01 -2.171100825071334839e-01
-1.850824803113937378e-01 -1.431767344474792480e-01 -2.166284322738647461e-01
-1.443692445755004883e-01 -7.503925263881683350e-02 -2.159271985292434692e-01
-1.572886258363723755e-01 -8.992758393287658691e-02 -2.173845618963241577e-01
-1.662987172603607178e-01 -9.595439583063125610e-02 -2.149810940027236938e-01
-1.481384932994842529e-01 -1.350774168968200684e-01 -2.204903811216354370e-01
-1.589499562978744507e-01 -8.981428295373916626e-02 -2.168798744678497314e-01
-1.622020751237869263e-01 -1.187515780329704285e-01 -2.165025025606155396e-01
-1.457124650478363037e-01 -1.116149425506591797e-01 -2.175496965646743774e-01
-1.245799511671066284e-01 -1.369583010673522949e-01 -2.250512689352035522e-01
-1.495465636253356934e-01 -1.065229848027229309e-01 -2.179736495018005371e-01
-1.418863236904144287e-01 -1.300391256809234619e-01 -2.140520364046096802e-01
-1.748145371675491333e-01 -1.258664429187774658e-01 -2.104216367006301880e-01
-1.475539803504943848e-01 -8.435916900634765625e-02 -2.138496339321136475e-01
-1.399260759353637695e-01 -1.321974247694015503e-01 -2.131967991590499878e-01
-9.935363382101058960e-02 -1.417627781629562378e-01 -2.261598557233810425e-01
-1.640644967555999756e-01 -7.837941497564315796e-02 -2.105061560869216919e-01
-1.612373888492584229e-01 -7.806230336427688599e-02 -2.113697677850723267e-01
-1.575823575258255005e-01 -1.215058565139770508e-01 -2.166257351636886597e-01
-1.405664980411529541e-01 -7.854583859443664551e-02 -2.229019105434417725e-01
-9.826832264661788940e-02 -1.292553246021270752e-01 -2.301626056432723999e-01
-1.861030906438827515e-01 -1.464408338069915771e-01 -2.169651389122009277e-01
-1.273934990167617798e-01 -9.919669479131698608e-02 -2.098632007837295532e-01
-1.789254695177078247e-01 -1.099217236042022705e-01 -2.128957808017730713e-01
-1.739790290594100952e-01 -1.557331979274749756e-01 -2.170586735010147095e-01
-1.550742685794830322e-01 -1.193551570177078247e-01 -2.095676362514495850e-01
-1.565037816762924194e-01 -9.673669934272766113e-02 -2.174199819564819336e-01
-1.779899597167968750e-01 -1.388347297906875610e-01 -2.113232910633087158e-01
-1.339645385742187500e-01 -8.049526810646057129e-02 -2.159429639577865601e-01
-1.568986773490905762e-01 -1.009928882122039795e-01 -2.173198759555816650e-01
-1.481865793466567993e-01 -1.603378206491470337e-01 -2.231119126081466675e-01
-1.212793663144111633e-01 -1.629825234413146973e-01 -2.210221141576766968e-01
-1.711043268442153931e-01 -1.339759826660156250e-01 -2.166017740964889526e-01
-1.287468075752258301e-01 -9.296511113643646240e-02 -2.216506451368331909e-01
-1.718761175870895386e-01 -1.578417718410491943e-01 -2.165227234363555908e-01
-1.703300029039382935e-01 -1.539505720138549805e-01 -2.098358720541000366e-01
-1.253051012754440308e-01 -1.068176254630088806e-01 -2.174192219972610474e-01
-1.599929481744766235e-01 -7.956190407276153564e-02 -2.117012441158294678e-01
-1.270595937967300415e-01 -1.383499205112457275e-01 -2.246188968420028687e-01
-1.507928669452667236e-01 -1.772241592407226562e-01 -2.224053144454956055e-01
-1.546161323785781860e-01 -8.581087738275527954e-02 -2.126186639070510864e-01
-1.415397077798843384e-01 -1.457121521234512329e-01 -2.228886038064956665e-01
-1.547737121582031250e-01 -1.760935932397842407e-01 -2.230542153120040894e-01
-1.729409694671630859e-01 -1.395837217569351196e-01 -2.109289616346359253e-01
-1.505562514066696167e-01 -1.271006762981414795e-01 -2.079766839742660522e-01
-1.804116219282150269e-01 -1.604253202676773071e-01 -2.178871035575866699e-01
-1.215664818882942200e-01 -1.165277659893035889e-01 -2.259777635335922241e-01
-1.310683488845825195e-01 -1.086995303630828857e-01 -2.076452821493148804e-01
-1.493321359157562256e-01 -1.084738075733184814e-01 -2.103860378265380859e-01
-1.536399722099304199e-01 -9.483578801155090332e-02 -2.181236147880554199e-01
-1.458164453506469727e-01 -1.127381473779678345e-01 -2.093793302774429321e-01
-1.472266912460327148e-01 -9.145674109458923340e-02 -2.129054367542266846e-01
-1.559215486049652100e-01 -1.693905442953109741e-01 -2.233645915985107422e-01
-1.273057013750076294e-01 -9.124372899532318115e-02 -2.222187966108322144e-01
-1.883702874183654785e-01 -1.415577679872512817e-01 -2.159195989370346069e-01
-1.531108021736145020e-01 -8.837325870990753174e-02 -2.126426696777343750e-01
-1.701868921518325806e-01 -1.242613568902015686e-01 -2.159835547208786011e-01
-1.308502256870269775e-01 -7.852972298860549927e-02 -2.165299803018569946e-01
-1.339209228754043579e-01 -7.845999300479888916e-02 -2.164714038372039795e-01
-1.596300750970840454e-01 -7.753469049930572510e-02 -2.118389159440994263e-01
-1.195238754153251648e-01 -1.094483733177185059e-01 -2.156201750040054321e-01
-1.904767304658889771e-01 -1.505452692508697510e-01 -2.127286344766616821e-01
-1.480677276849746704e-01 -1.065419614315032959e-01 -2.105757445096969604e-01
-1.755864471197128296e-01 -1.096684858202934265e-01 -2.137364745140075684e-01
-1.403598487377166748e-01 -1.702840626239776611e-01 -2.219809442758560181e-01
-1.800400912761688232e-01 -1.502223163843154907e-01 -2.175759524106979370e-01
-1.280648112297058105e-01 -1.423322111368179321e-01 -2.242421656847000122e-01
-1.599208116531372070e-01 -1.115981936454772949e-01 -2.165424078702926636e-01
-1.491582989692687988e-01 -1.757899224758148193e-01 -2.223596274852752686e-01
-1.865146011114120483e-01 -1.592437028884887695e-01 -2.132354080677032471e-01
-1.814005672931671143e-01 -1.562588661909103394e-01 -2.123253792524337769e-01
-1.882548928260803223e-01 -1.322258412837982178e-01 -2.101435512304306030e-01
-1.729002892971038818e-01 -1.596494466066360474e-01 -2.098839730024337769e-01
-1.316858828067779541e-01 -9.894303232431411743e-02 -2.106587886810302734e-01
-1.451487541198730469e-01 -1.038245111703872681e-01 -2.107595354318618774e-01
-1.729646176099777222e-01 -9.565427154302597046e-02 -2.128435522317886353e-01
-1.422471553087234497e-01 -1.288640797138214111e-01 -2.143398970365524292e-01
-1.556605100631713867e-01 -1.432792395353317261e-01 -2.069580703973770142e-01
-1.731620579957962036e-01 -1.480344086885452271e-01 -2.109334021806716919e-01
-1.936308145523071289e-01 -1.549374461174011230e-01 -2.132626473903656006e-01
-1.163743957877159119e-01 -1.421272307634353638e-01 -2.253179401159286499e-01
-1.559230238199234009e-01 -1.433279514312744141e-01 -2.070289850234985352e-01
-1.254596412181854248e-01 -1.171491295099258423e-01 -2.246911078691482544e-01
-1.907877326011657715e-01 -1.404686868190765381e-01 -2.112217843532562256e-01
-1.639585644006729126e-01 -1.420969814062118530e-01 -2.162251472473144531e-01
-1.575878560543060303e-01 -1.601756066083908081e-01 -2.226985841989517212e-01
-1.223027855157852173e-01 -8.944307267665863037e-02 -2.228511124849319458e-01
-1.142352595925331116e-01 -1.499187499284744263e-01 -2.237888574600219727e-01
-1.721788346767425537e-01 -1.351102441549301147e-01 -2.108138501644134521e-01
-1.763792335987091064e-01 -9.999169409275054932e-02 -2.079165726900100708e-01
-1.089141368865966797e-01 -1.404972821474075317e-01 -2.261396199464797974e-01
-1.825035214424133301e-01 -1.161077246069908142e-01 -2.128330171108245850e-01
-1.336536109447479248e-01 -1.296093016862869263e-01 -2.122269272804260254e-01
-1.486271023750305176e-01 -9.947353601455688477e-02 -2.115069180727005005e-01
-1.970953941345214844e-01 -1.344379335641860962e-01 -2.089575380086898804e-01
-1.690782159566879272e-01 -1.562481820583343506e-01 -2.204136848449707031e-01
-1.163524165749549866e-01 -1.148821264505386353e-01 -2.276101559400558472e-01
-1.667167395353317261e-01 -9.315078705549240112e-02 -2.098504602909088135e-01
-1.694858968257904053e-01 -1.264933198690414429e-01 -2.162050902843475342e-01
-1.521258503198623657e-01 -1.120375171303749084e-01 -2.100609242916107178e-01
-1.750687509775161743e-01 -1.083749011158943176e-01 -2.137000411748886108e-01
-1.851451098918914795e-01 -1.491730809211730957e-01 -2.173806726932525635e-01
-1.817798316478729248e-01 -1.157475709915161133e-01 -2.129480391740798950e-01
-1.086764410138130188e-01 -1.250560432672500610e-01 -2.291096895933151245e-01
-1.524530202150344849e-01 -1.113998964428901672e-01 -2.101636379957199097e-01
-1.143246665596961975e-01 -9.584219008684158325e-02 -2.198940515518188477e-01
-1.652239263057708740e-01 -8.016727119684219360e-02 -2.101549506187438965e-01
-1.551725864410400391e-01 -1.254944950342178345e-01 -2.163643538951873779e-01
-1.657440066337585449e-01 -1.104026660323143005e-01 -2.101109772920608521e-01
-1.636770367622375488e-01 -1.233635842800140381e-01 -2.164452672004699707e-01
-1.324373334646224976e-01 -1.190651282668113708e-01 -2.224512398242950439e-01
-1.945935040712356567e-01 -1.576959639787673950e-01 -2.176198512315750122e-01
-1.880871802568435669e-01 -1.070863753557205200e-01 -2.059348374605178833e-01
-1.844553202390670776e-01 -1.426097154617309570e-01 -2.166193574666976929e-01
-1.539092063903808594e-01 -8.167411386966705322e-02 -2.185722589492797852e-01
-1.768730729818344116e-01 -9.269341081380844116e-02 -2.072261869907379150e-01
-1.702560782432556152e-01 -9.707947820425033569e-02 -2.138650417327880859e-01
-1.504564732313156128e-01 -7.561051100492477417e-02 -2.144808620214462280e-01
-1.850272417068481445e-01 -1.211248263716697693e-01 -2.089253962039947510e-01
-1.351188123226165771e-01 -1.774222999811172485e-01 -2.195893377065658569e-01
-1.660804748535156250e-01 -1.512932926416397095e-01 -2.159349322319030762e-01
-1.442098766565322876e-01 -1.377164572477340698e-01 -2.217285037040710449e-01
-1.593276411294937134e-01 -1.693804115056991577e-01 -2.234439253807067871e-01
-1.429246962070465088e-01 -1.206900030374526978e-01 -2.072957456111907959e-01
-1.547448933124542236e-01 -1.504445075988769531e-01 -2.217659801244735718e-01
-1.480524092912673950e-01 -7.376176863908767700e-02 -2.209303230047225952e-01
-1.639054864645004272e-01 -1.192609146237373352e-01 -2.102226316928863525e-01
-1.768795996904373169e-01 -1.715603172779083252e-01 -2.224263548851013184e-01
-1.818277239799499512e-01 -1.433450132608413696e-01 -2.118706703186035156e-01
-9.984890371561050415e-02 -1.281158775091171265e-01 -2.302336543798446655e-01
-1.761073470115661621e-01 -1.493109911680221558e-01 -2.173573970794677734e-01
-1.466241925954818726e-01 -9.060393273830413818e-02 -2.130794674158096313e-01
-1.393143832683563232e-01 -1.713642328977584839e-01 -2.216654270887374878e-01
-1.799160838127136230e-01 -1.143301650881767273e-01 -2.088187634944915771e-01
-1.391419917345046997e-01 -1.071421205997467041e-01 -2.181145250797271729e-01
-1.111156642436981201e-01 -1.495401114225387573e-01 -2.238019704818725586e-01
-1.216089800000190735e-01 -8.934442698955535889e-02 -2.122119367122650146e-01
-1.249788254499435425e-01 -1.419662535190582275e-01 -2.246348708868026733e-01
-1.769965440034866333e-01 -1.259925812482833862e-01 -2.103694230318069458e-01
-1.821428686380386353e-01 -1.015080884099006653e-01 -2.066809386014938354e-01
-1.649663597345352173e-01 -1.191848218441009521e-01 -2.162972986698150635e-01
-1.802242249250411987e-01 -1.705458015203475952e-01 -2.169526666402816772e-01
-1.703786253929138184e-01 -1.120410561561584473e-01 -2.098727375268936157e-01
-1.570352017879486084e-01 -1.440705806016921997e-01 -2.072480469942092896e-01
-1.876101642847061157e-01 -1.291553378105163574e-01 -2.097626179456710815e-01
-1.732829809188842773e-01 -1.105507090687751770e-01 -2.143838703632354736e-01
-1.724035888910293579e-01 -1.273165345191955566e-01 -2.160736769437789917e-01
-1.564887911081314087e-01 -1.725401729345321655e-01 -2.233905941247940063e-01
-1.463875472545623779e-01 -1.398150920867919922e-01 -2.215843051671981812e-01
-1.167773827910423279e-01 -9.813684225082397461e-02 -2.193156927824020386e-01
-1.798378825187683105e-01 -1.009742990136146545e-01 -2.071826606988906860e-01
-1.450448781251907349e-01 -7.758263498544692993e-02 -2.216826975345611572e-01
-1.072431132197380066e-01 -1.389759480953216553e-01 -2.266651540994644165e-01
-1.641797721385955811e-01 -9.916563332080841064e-02 -2.157220840454101562e-01
-1.382959932088851929e-01 -1.050918847322463989e-01 -2.185925096273422241e-01
-1.503769606351852417e-01 -8.691856265068054199e-02 -2.131898701190948486e-01
-1.407124698162078857e-01 -1.135823056101799011e-01 -2.084288895130157471e-01
-1.878295838832855225e-01 -1.346077322959899902e-01 -2.148103117942810059e-01
-1.360654383897781372e-01 -1.777600198984146118e-01 -2.196861058473587036e-01
-1.661818325519561768e-01 -1.354287117719650269e-01 -2.165759950876235962e-01
-1.665721684694290161e-01 -1.510163545608520508e-01 -2.090969681739807129e-01
-1.676520556211471558e-01 -1.523635983467102051e-01 -2.161541879177093506e-01
-1.552716642618179321e-01 -1.514318585395812988e-01 -2.218382060527801514e-01
-1.354586482048034668e-01 -1.200110986828804016e-01 -2.151470929384231567e-01
-1.733241528272628784e-01 -9.249270707368850708e-02 -2.082310914993286133e-01
-1.256506294012069702e-01 -9.011234343051910400e-02 -2.226158678531646729e-01
-1.518221199512481689e-01 -1.253889203071594238e-01 -2.084592133760452271e-01
-1.429729461669921875e-01 -1.658828854560852051e-01 -2.227630466222763062e-01
-1.906486749649047852e-01 -1.344263106584548950e-01 -2.141423970460891724e-01
-1.503709107637405396e-01 -1.028301864862442017e-01 -2.181842774152755737e-01
-1.639386564493179321e-01 -7.961690425872802734e-02 -2.105532884597778320e-01
-1.815042793750762939e-01 -1.401356011629104614e-01 -2.165775895118713379e-01
-1.261146813631057739e-01 -9.056510776281356812e-02 -2.124554663896560669e-01
-1.559942215681076050e-01 -9.890134632587432861e-02 -2.112872153520584106e-01
-1.497664153575897217e-01 -1.199209988117218018e-01 -2.164687067270278931e-01
-1.543630957603454590e-01 -1.471496075391769409e-01 -2.138457000255584717e-01
-1.474927365779876709e-01 -1.380178034305572510e-01 -2.211082428693771362e-01
-1.531691253185272217e-01 -1.222483739256858826e-01 -2.164888232946395874e-01
-1.484726816415786743e-01 -9.408625960350036621e-02 -2.124148905277252197e-01
-1.379429399967193604e-01 -1.502618640661239624e-01 -2.233130931854248047e-01
-1.311602294445037842e-01 -8.195879310369491577e-02 -2.155615389347076416e-01
-1.856738924980163574e-01 -1.437349617481231689e-01 -2.119801789522171021e-01
-1.740876883268356323e-01 -1.126060858368873596e-01 -2.144362330436706543e-01
-1.812927722930908203e-01 -9.473728388547897339e-02 -2.060369402170181274e-01
-1.575885862112045288e-01 -1.297510862350463867e-01 -2.161825299263000488e-01
-1.341008245944976807e-01 -9.304440766572952271e-02 -2.125022113323211670e-01
-1.547293215990066528e-01 -1.222403571009635925e-01 -2.092849314212799072e-01
-1.641444712877273560e-01 -9.606954455375671387e-02 -2.103875279426574707e-01
-1.146070212125778198e-01 -9.870079904794692993e-02 -2.187939584255218506e-01
-1.268432885408401489e-01 -1.011733487248420715e-01 -2.091446220874786377e-01
-1.387696862220764160e-01 -7.708776742219924927e-02 -2.235887497663497925e-01
-1.261258423328399658e-01 -9.965366125106811523e-02 -2.094747424125671387e-01
-1.178771257400512695e-01 -1.675380617380142212e-01 -2.192267328500747681e-01
-1.680770814418792725e-01 -1.559805124998092651e-01 -2.158934921026229858e-01
-1.395049840211868286e-01 -1.556913256645202637e-01 -2.230832129716873169e-01
-1.419762074947357178e-01 -1.240517646074295044e-01 -2.063965648412704468e-01
-1.684490889310836792e-01 -9.621186554431915283e-02 -2.143635153770446777e-01
-1.425724476575851440e-01 -9.538216143846511841e-02 -2.201038450002670288e-01
-1.233163625001907349e-01 -1.572386175394058228e-01 -2.224908471107482910e-01
-1.819352209568023682e-01 -1.264510005712509155e-01 -2.100819796323776245e-01
-1.123815625905990601e-01 -1.240751668810844421e-01 -2.284198105335235596e-01
-1.794189363718032837e-01 -1.006441712379455566e-01 -2.072364240884780884e-01
-1.245530173182487488e-01 -9.246553480625152588e-02 -2.218813002109527588e-01
-1.676615625619888306e-01 -1.128946319222450256e-01 -2.100972980260848999e-01
-1.651336848735809326e-01 -1.140608713030815125e-01 -2.160851955413818359e-01
-1.400011479854583740e-01 -1.523997932672500610e-01 -2.231603115797042847e-01
-1.014461964368820190e-01 -1.316889822483062744e-01 -2.289861887693405151e-01
-1.530294567346572876e-01 -9.241088479757308960e-02 -2.122042775154113770e-01
-1.754482090473175049e-01 -1.186702027916908264e-01 -2.147748470306396484e-01
-1.380534470081329346e-01 -9.365990757942199707e-02 -2.208881676197052002e-01
-1.907907724380493164e-01 -1.512574851512908936e-01 -2.128203809261322021e-01
-1.277250945568084717e-01 -1.114159300923347473e-01 -2.162542343139648438e-01
-1.540644168853759766e-01 -1.267350465059280396e-01 -2.162010073661804199e-01
-1.266061216592788696e-01 -1.077334806323051453e-01 -2.172854989767074585e-01
-1.414617598056793213e-01 -1.131879240274429321e-01 -2.171970605850219727e-01
-1.432446837425231934e-01 -1.159491688013076782e-01 -2.168069481849670410e-01
-1.403438448905944824e-01 -8.010419458150863647e-02 -2.155765742063522339e-01
-1.200989037752151489e-01 -1.421871036291122437e-01 -2.250634133815765381e-01
-1.370460689067840576e-01 -9.523517638444900513e-02 -2.206901311874389648e-01
-1.894297599792480469e-01 -1.097445935010910034e-01 -2.059903889894485474e-01
-1.664102673530578613e-01 -1.154252737760543823e-01 -2.159916013479232788e-01
-1.669590324163436890e-01 -9.433865547180175781e-02 -2.098385393619537354e-01
-1.476260274648666382e-01 -1.643975973129272461e-01 -2.230832874774932861e-01
-1.225392371416091919e-01 -1.132322549819946289e-01 -2.148311734199523926e-01
-1.343050897121429443e-01 -7.946246117353439331e-02 -2.242587953805923462e-01
-1.225952729582786560e-01 -1.584573239088058472e-01 -2.221935689449310303e-01
-1.188068091869354248e-01 -1.172572076320648193e-01 -2.268919944763183594e-01
-1.496904790401458740e-01 -1.051462292671203613e-01 -2.108351290225982666e-01
-1.025701239705085754e-01 -1.187596842646598816e-01 -2.316572815179824829e-01
-1.780625432729721069e-01 -1.091677695512771606e-01 -2.130233794450759888e-01
-1.885937750339508057e-01 -1.607678234577178955e-01 -2.185270190238952637e-01
-1.234422773122787476e-01 -1.364647001028060913e-01 -2.252426296472549438e-01
-1.731791347265243530e-01 -1.304443478584289551e-01 -2.162845879793167114e-01
-1.746655404567718506e-01 -1.288277059793472290e-01 -2.160162925720214844e-01
-1.493882983922958374e-01 -1.096547991037368774e-01 -2.102219462394714355e-01
-1.382261067628860474e-01 -1.057211905717849731e-01 -2.184495329856872559e-01
-1.692091375589370728e-01 -1.515792012214660645e-01 -2.164952754974365234e-01
-1.164891645312309265e-01 -1.242191493511199951e-01 -2.274233251810073853e-01
-1.931029707193374634e-01 -1.369678974151611328e-01 -2.102808654308319092e-01
-1.836038082838058472e-01 -1.455870717763900757e-01 -2.170744836330413818e-01
-1.288490444421768188e-01 -7.985451072454452515e-02 -2.251258939504623413e-01
-1.558420658111572266e-01 -1.409069597721099854e-01 -2.073586583137512207e-01
-1.460586488246917725e-01 -1.112342402338981628e-01 -2.175969779491424561e-01
-1.240087002515792847e-01 -8.192985504865646362e-02 -2.151394337415695190e-01
-1.369692534208297729e-01 -8.226939290761947632e-02 -2.231860309839248657e-01
-1.689036339521408081e-01 -9.172485023736953735e-02 -2.138306647539138794e-01
-1.542459279298782349e-01 -1.703482419252395630e-01 -2.232816666364669800e-01
-1.348219215869903564e-01 -1.759330630302429199e-01 -2.199245244264602661e-01
-1.777090281248092651e-01 -1.627485007047653198e-01 -2.109439820051193237e-01
-1.560046225786209106e-01 -1.167780458927154541e-01 -2.167701721191406250e-01
-1.417302042245864868e-01 -1.777383536100387573e-01 -2.207522988319396973e-01
