-2.443390190601348877e-01 -2.382758706808090210e-01 4.432661533355712891e-01
-2.749534547328948975e-01 -2.451186776161193848e-01 4.552688002586364746e-01
-2.717417478561401367e-01 -2.403352558612823486e-01 4.576025903224945068e-01
-2.683767974376678467e-01 -2.622981965541839600e-01 4.611690938472747803e-01
-2.695888280868530273e-01 -2.658485174179077148e-01 4.581870436668395996e-01
-2.482253611087799072e-01 -2.390152066946029663e-01 4.466780126094818115e-01
-2.578640282154083252e-01 -2.474363148212432861e-01 4.586340785026550293e-01
-2.597380280494689941e-01 -2.592205107212066650e-01 4.119006991386413574e-01
-2.589411735534667969e-01 -2.547741532325744629e-01 4.529937207698822021e-01
-2.708786129951477051e-01 -2.534260749816894531e-01 4.544841647148132324e-01
-2.710723876953125000e-01 -2.591798901557922363e-01 4.577955901622772217e-01
-2.712559401988983154e-01 -2.349210977554321289e-01 4.657032787799835205e-01
-2.701516151428222656e-01 -2.572863399982452393e-01 4.561322033405303955e-01
-2.764409482479095459e-01 -2.540662884712219238e-01 4.532602727413177490e-01
-2.724348902702331543e-01 -2.656787633895874023e-01 4.562602937221527100e-01
-2.735997140407562256e-01 -2.445660680532455444e-01 4.698930978775024414e-01
-2.688254415988922119e-01 -2.479528486728668213e-01 4.604168534278869629e-01
-2.589308619499206543e-01 -2.551057636737823486e-01 4.733651578426361084e-01
-2.690327465534210205e-01 -2.316310703754425049e-01 4.677563905715942383e-01
-2.804062664508819580e-01 -2.525548040866851807e-01 4.562470614910125732e-01
-2.742071151733398438e-01 -2.583413720130920410e-01 4.527174532413482666e-01
-2.579944431781768799e-01 -2.483457624912261963e-01 4.720365703105926514e-01
-2.726899683475494385e-01 -2.314492315053939819e-01 4.647132754325866699e-01
-2.701906859874725342e-01 -2.276892364025115967e-01 4.668751657009124756e-01
-2.634136676788330078e-01 -2.470180988311767578e-01 4.615732729434967041e-01
-2.726285755634307861e-01 -2.600350081920623779e-01 4.576857089996337891e-01
-2.517585456371307373e-01 -2.529489099979400635e-01 4.202173352241516113e-01
-2.802054286003112793e-01 -2.534209787845611572e-01 4.525529742240905762e-01
-2.698838114738464355e-01 -2.382028400897979736e-01 4.680414497852325439e-01
-2.721432745456695557e-01 -2.479448616504669189e-01 4.527240991592407227e-01
-2.657822966575622559e-01 -2.516029775142669678e-01 4.472512304782867432e-01
-2.595517337322235107e-01 -2.558116912841796875e-01 4.720824956893920898e-01
-2.607808113098144531e-01 -2.473555505275726318e-01 4.566186070442199707e-01
-2.728089690208435059e-01 -2.495032697916030884e-01 4.534207582473754883e-01
-2.729282677173614502e-01 -2.601474821567535400e-01 4.587670564651489258e-01
-2.720308005809783936e-01 -2.469134777784347534e-01 4.523946046829223633e-01
-2.706516087055206299e-01 -2.353742718696594238e-01 4.670896530151367188e-01
-2.435059994459152222e-01 -2.380282729864120483e-01 4.439637362957000732e-01
-2.706893384456634521e-01 -2.616797387599945068e-01 4.536215960979461670e-01
-2.497068643569946289e-01 -2.440366148948669434e-01 4.481011927127838135e-01
-2.725686430931091309e-01 -2.494982331991195679e-01 4.641714692115783691e-01
-2.720650136470794678e-01 -2.349599748849868774e-01 4.691241979598999023e-01
-2.455571144819259644e-01 -2.376278042793273926e-01 4.379951655864715576e-01
-2.501211762428283691e-01 -2.444078326225280762e-01 4.479832947254180908e-01
-2.596799731254577637e-01 -2.557145059108734131e-01 4.703618288040161133e-01
-2.650226950645446777e-01 -2.610163390636444092e-01 4.538489580154418945e-01
-2.735802829265594482e-01 -2.587224841117858887e-01 4.561502337455749512e-01
-2.577510178089141846e-01 -2.476205676794052124e-01 4.718796312808990479e-01
-2.723219394683837891e-01 -2.325796782970428467e-01 4.681213200092315674e-01
-2.687740027904510498e-01 -2.323977947235107422e-01 4.653131067752838135e-01
-2.717951834201812744e-01 -2.573840618133544922e-01 4.544997513294219971e-01
-2.597218155860900879e-01 -2.513667643070220947e-01 4.654684960842132568e-01
-2.757093608379364014e-01 -2.449239939451217651e-01 4.526749849319458008e-01
-2.721893191337585449e-01 -2.552608847618103027e-01 4.523360729217529297e-01
-2.656154632568359375e-01 -2.546952068805694580e-01 4.561632573604583740e-01
-2.712211310863494873e-01 -2.451468706130981445e-01 4.553366601467132568e-01
-2.686379551887512207e-01 -2.700169086456298828e-01 4.437447786331176758e-01
-2.640872597694396973e-01 -2.640758752822875977e-01 4.641643166542053223e-01
-2.715107798576354980e-01 -2.488980442285537720e-01 4.595484137535095215e-01
-2.716253399848937988e-01 -2.379291504621505737e-01 4.728448092937469482e-01
-2.736661732196807861e-01 -2.518469989299774170e-01 4.511340558528900146e-01
-2.691825926303863525e-01 -2.325973510742187500e-01 4.644373953342437744e-01
-2.272180914878845215e-01 -2.333209663629531860e-01 4.503641724586486816e-01
-2.721252143383026123e-01 -2.610609829425811768e-01 4.579374194145202637e-01
-2.715425789356231689e-01 -2.587912082672119141e-01 4.577049314975738525e-01
-2.723399102687835693e-01 -2.503058016300201416e-01 4.641307294368743896e-01
-2.619292438030242920e-01 -2.456583082675933838e-01 4.570469856262207031e-01
-2.648268640041351318e-01 -2.575330138206481934e-01 4.551496207714080811e-01
-2.609551846981048584e-01 -2.557696700096130371e-01 4.701774120330810547e-01
-2.566897869110107422e-01 -2.530804276466369629e-01 4.755457341670989990e-01
-2.578524649143218994e-01 -2.495703250169754028e-01 4.781785607337951660e-01
-2.698088288307189941e-01 -2.619351744651794434e-01 4.358726441860198975e-01
-2.688553929328918457e-01 -2.605960667133331299e-01 4.391269385814666748e-01
-2.610269486904144287e-01 -2.309363037347793579e-01 4.766014516353607178e-01
-2.691738307476043701e-01 -2.421623766422271729e-01 4.531714916229248047e-01
-2.664491832256317139e-01 -2.393207550048828125e-01 4.619944989681243896e-01
-2.435002475976943970e-01 -2.377705276012420654e-01 4.434807896614074707e-01
-2.776858210563659668e-01 -2.571851611137390137e-01 4.491103291511535645e-01
-2.693469226360321045e-01 -2.561217844486236572e-01 4.557945132255554199e-01
-2.680479288101196289e-01 -2.318667322397232056e-01 4.703004062175750732e-01
-2.828527092933654785e-01 -2.463503628969192505e-01 4.575003385543823242e-01
-2.733239531517028809e-01 -2.401873469352722168e-01 4.523835778236389160e-01
-2.623874545097351074e-01 -2.517654299736022949e-01 4.653293490409851074e-01
-2.568106949329376221e-01 -2.503445446491241455e-01 4.706548452377319336e-01
-2.655067145824432373e-01 -2.453429400920867920e-01 4.626204669475555420e-01
-2.625386416912078857e-01 -2.509445548057556152e-01 4.577068984508514404e-01
-2.725966870784759521e-01 -2.580239176750183105e-01 4.557778239250183105e-01
-2.761602997779846191e-01 -2.546565830707550049e-01 4.567471742630004883e-01
-2.380387187004089355e-01 -2.423838675022125244e-01 4.383654892444610596e-01
-2.697114646434783936e-01 -2.501775920391082764e-01 4.595675766468048096e-01
-2.724949121475219727e-01 -2.535845637321472168e-01 4.544595479965209961e-01
-2.679271697998046875e-01 -2.513827383518218994e-01 4.599276185035705566e-01
-2.697585523128509521e-01 -2.530095875263214111e-01 4.578367173671722412e-01
-2.755452394485473633e-01 -2.558645009994506836e-01 4.616824090480804443e-01
-2.700820267200469971e-01 -2.376784682273864746e-01 4.638355076313018799e-01
-2.727257609367370605e-01 -2.487008422613143921e-01 4.620811641216278076e-01
-2.810297906398773193e-01 -2.456875443458557129e-01 4.610719978809356689e-01
-2.653415501117706299e-01 -2.511800527572631836e-01 4.617796540260314941e-01
-2.588845193386077881e-01 -2.541384994983673096e-01 4.726797044277191162e-01
-2.743622958660125732e-01 -2.357343733310699463e-01 4.692872166633605957e-01
-2.423613816499710083e-01 -2.359596788883209229e-01 4.402536749839782715e-01
-2.760664820671081543e-01 -2.539455890655517578e-01 4.627692103385925293e-01
-2.654494643211364746e-01 -2.423420250415802002e-01 4.640798270702362061e-01
-2.743972241878509521e-01 -2.585667371749877930e-01 4.530703127384185791e-01
-2.677742838859558105e-01 -2.580780684947967529e-01 4.611377418041229248e-01
-2.634298503398895264e-01 -2.528312802314758301e-01 4.641898572444915771e-01
-2.641753852367401123e-01 -2.403016984462738037e-01 4.634053111076354980e-01
-2.605601251125335693e-01 -2.329244762659072876e-01 4.727010726928710938e-01
-2.727044224739074707e-01 -2.548446059226989746e-01 4.578348398208618164e-01
-2.490468323230743408e-01 -2.431547194719314575e-01 4.481995701789855957e-01
-2.821807563304901123e-01 -2.506572306156158447e-01 4.558843970298767090e-01
-2.585728764533996582e-01 -2.662065625190734863e-01 4.508893787860870361e-01
-2.632074058055877686e-01 -2.431521266698837280e-01 4.581614732742309570e-01
-2.611304819583892822e-01 -2.580051720142364502e-01 4.547557234764099121e-01
-2.713932991027832031e-01 -2.286292165517807007e-01 4.687706232070922852e-01
-2.434823662042617798e-01 -2.396091073751449585e-01 4.433827102184295654e-01
-2.612010836601257324e-01 -2.462395131587982178e-01 4.619579017162322998e-01
-2.637556195259094238e-01 -2.493118345737457275e-01 4.576449394226074219e-01
-2.490863800048828125e-01 -2.386070936918258667e-01 4.461180567741394043e-01
-2.614440917968750000e-01 -2.324782907962799072e-01 4.739783704280853271e-01
-2.689864337444305420e-01 -2.610934972763061523e-01 4.368683993816375732e-01
-2.622578144073486328e-01 -2.354899048805236816e-01 4.690732061862945557e-01
-2.587842941284179688e-01 -2.501500844955444336e-01 4.610775411128997803e-01
-2.718861997127532959e-01 -2.273270487785339355e-01 4.657751023769378662e-01
-2.486407458782196045e-01 -2.414165437221527100e-01 4.435744881629943848e-01
-2.556730806827545166e-01 -2.486409991979598999e-01 4.718698263168334961e-01
-2.774828076362609863e-01 -2.583878636360168457e-01 4.553192257881164551e-01
-2.690890729427337646e-01 -2.308488190174102783e-01 4.678525328636169434e-01
-2.719396948814392090e-01 -2.559724748134613037e-01 4.587330818176269531e-01
-2.597391903400421143e-01 -2.501107156276702881e-01 4.608357250690460205e-01
-2.490195631980895996e-01 -2.405788749456405640e-01 4.448534548282623291e-01
-2.716820538043975830e-01 -2.495416402816772461e-01 4.601589739322662354e-01
-2.449631392955780029e-01 -2.381245642900466919e-01 4.438060224056243896e-01
-2.659238576889038086e-01 -2.489737719297409058e-01 4.517788290977478027e-01
-2.714399099349975586e-01 -2.604723870754241943e-01 4.574524164199829102e-01
-2.725448012351989746e-01 -2.461272776126861572e-01 4.503028690814971924e-01
-2.703470289707183838e-01 -2.400236129760742188e-01 4.664015173912048340e-01
-2.491625547409057617e-01 -2.387625277042388916e-01 4.462527036666870117e-01
-2.528820037841796875e-01 -2.493085712194442749e-01 4.506422281265258789e-01
-2.692848145961761475e-01 -2.632872760295867920e-01 4.354903399944305420e-01
-2.396774441003799438e-01 -2.348912507295608521e-01 4.379888772964477539e-01
-2.627418935298919678e-01 -2.576911747455596924e-01 4.665020406246185303e-01
-2.725583612918853760e-01 -2.520942986011505127e-01 4.530906975269317627e-01
-2.501212954521179199e-01 -2.448387145996093750e-01 4.489747583866119385e-01
-2.711956799030303955e-01 -2.705340981483459473e-01 4.407483339309692383e-01
-2.705293595790863037e-01 -2.444234192371368408e-01 4.555658102035522461e-01
-2.629310488700866699e-01 -2.579352855682373047e-01 4.677171409130096436e-01
-2.620710730552673340e-01 -2.349484711885452271e-01 4.698081314563751221e-01
-2.697617411613464355e-01 -2.661551535129547119e-01 4.528299570083618164e-01
-2.693709433078765869e-01 -2.674638032913208008e-01 4.519416987895965576e-01
-2.709009945392608643e-01 -2.351369857788085938e-01 4.700142443180084229e-01
-2.666473686695098877e-01 -2.379319369792938232e-01 4.628835916519165039e-01
-2.462470084428787231e-01 -2.413482666015625000e-01 4.472471475601196289e-01
-2.724475860595703125e-01 -2.626551389694213867e-01 4.581762552261352539e-01
-2.732912302017211914e-01 -2.513654530048370361e-01 4.642007350921630859e-01
-2.737674713134765625e-01 -2.326198369264602661e-01 4.664362370967864990e-01
-2.795969843864440918e-01 -2.427499145269393921e-01 4.613894522190093994e-01
-2.731766700744628906e-01 -2.310209274291992188e-01 4.659290015697479248e-01
-2.592404484748840332e-01 -2.484996467828750610e-01 4.680892825126647949e-01
-2.635735869407653809e-01 -2.673123478889465332e-01 4.476971626281738281e-01
-2.652218639850616455e-01 -2.498712092638015747e-01 4.590783119201660156e-01
-2.712342143058776855e-01 -2.698489725589752197e-01 4.401698410511016846e-01
-2.655995488166809082e-01 -2.517272830009460449e-01 4.608087539672851562e-01
-2.709788680076599121e-01 -2.695584893226623535e-01 4.432612955570220947e-01
-2.727705240249633789e-01 -2.550690472126007080e-01 4.543190002441406250e-01
-2.598749101161956787e-01 -2.482933849096298218e-01 4.585386514663696289e-01
-2.290512174367904663e-01 -2.344682365655899048e-01 4.484692215919494629e-01
-2.688867449760437012e-01 -2.592090070247650146e-01 4.404774904251098633e-01
-2.683447897434234619e-01 -2.568064332008361816e-01 4.538261890411376953e-01
-2.716887891292572021e-01 -2.557267248630523682e-01 4.664360582828521729e-01
-2.717736363410949707e-01 -2.603894770145416260e-01 4.572935402393341064e-01
-2.766921222209930420e-01 -2.539649903774261475e-01 4.621227979660034180e-01
-2.685959637165069580e-01 -2.432405054569244385e-01 4.644334316253662109e-01
-2.720055580139160156e-01 -2.611863613128662109e-01 4.581930637359619141e-01
-2.694741189479827881e-01 -2.544374763965606689e-01 4.577563703060150146e-01
-2.693364322185516357e-01 -2.588525414466857910e-01 4.537563323974609375e-01
-2.643954455852508545e-01 -2.424603402614593506e-01 4.598438739776611328e-01
-2.294829636812210083e-01 -2.348934710025787354e-01 4.486744999885559082e-01
-2.662026584148406982e-01 -2.503335177898406982e-01 4.479221403598785400e-01
-2.680850923061370850e-01 -2.430758923292160034e-01 4.633406400680541992e-01
-2.612828612327575684e-01 -2.508103847503662109e-01 4.558525979518890381e-01
-2.614573240280151367e-01 -2.356346696615219116e-01 4.712354540824890137e-01
-2.603661715984344482e-01 -2.341995537281036377e-01 4.720676243305206299e-01
-2.819941043853759766e-01 -2.458472102880477905e-01 4.595868289470672607e-01
-2.411896586418151855e-01 -2.357748448848724365e-01 4.399202764034271240e-01
-2.580037713050842285e-01 -2.482265681028366089e-01 4.624802470207214355e-01
-2.633504271507263184e-01 -2.585893273353576660e-01 4.654204249382019043e-01
-2.750640511512756348e-01 -2.465014755725860596e-01 4.523644149303436279e-01
-2.605891227722167969e-01 -2.480835765600204468e-01 4.617162048816680908e-01
-2.596571743488311768e-01 -2.510259747505187988e-01 4.704224467277526855e-01
-2.725464701652526855e-01 -2.656183540821075439e-01 4.562338590621948242e-01
-2.615866661071777344e-01 -2.496683150529861450e-01 4.566650688648223877e-01
-2.565807700157165527e-01 -2.567957043647766113e-01 4.157640039920806885e-01
-2.611971497535705566e-01 -2.335922420024871826e-01 4.715087413787841797e-01
-2.620548605918884277e-01 -2.496520876884460449e-01 4.569122195243835449e-01
-2.695572376251220703e-01 -2.410664558410644531e-01 4.637117087841033936e-01
-2.403720915317535400e-01 -2.441563755273818970e-01 4.334575533866882324e-01
-2.492622584104537964e-01 -2.440495789051055908e-01 4.434142410755157471e-01
-2.573691010475158691e-01 -2.524701654911041260e-01 4.527474939823150635e-01
-2.556408643722534180e-01 -2.487792223691940308e-01 4.679064154624938965e-01
-2.668151855468750000e-01 -2.516528069972991943e-01 4.484421610832214355e-01
-2.607876062393188477e-01 -2.317164093255996704e-01 4.743784368038177490e-01
-2.685966193675994873e-01 -2.313657552003860474e-01 4.719014167785644531e-01
-2.720796763896942139e-01 -2.409152984619140625e-01 4.575335383415222168e-01
-2.708833813667297363e-01 -2.673725783824920654e-01 4.331404268741607666e-01
-2.725444734096527100e-01 -2.369216978549957275e-01 4.665035009384155273e-01
-2.664149105548858643e-01 -2.479617148637771606e-01 4.650078117847442627e-01
-2.802247703075408936e-01 -2.480636090040206909e-01 4.580651223659515381e-01
-2.601233422756195068e-01 -2.514286935329437256e-01 4.563874006271362305e-01
-2.687741219997406006e-01 -2.566181421279907227e-01 4.416874945163726807e-01
-2.667381465435028076e-01 -2.505350112915039062e-01 4.614799916744232178e-01
-2.652023434638977051e-01 -2.385064661502838135e-01 4.635142087936401367e-01
-2.719057500362396240e-01 -2.613077759742736816e-01 4.578413963317871094e-01
-2.598975896835327148e-01 -2.498143017292022705e-01 4.676815569400787354e-01
-2.727299928665161133e-01 -2.449283152818679810e-01 4.689525663852691650e-01
-2.701658904552459717e-01 -2.303171604871749878e-01 4.665458500385284424e-01
-2.679643630981445312e-01 -2.469510287046432495e-01 4.621270895004272461e-01
-2.719545066356658936e-01 -2.585665881633758545e-01 4.592627286911010742e-01
-2.639469802379608154e-01 -2.678062617778778076e-01 4.479034543037414551e-01
-2.819549739360809326e-01 -2.459204345941543579e-01 4.595544636249542236e-01
-2.660602331161499023e-01 -2.378342151641845703e-01 4.673941135406494141e-01
-2.557311654090881348e-01 -2.664148807525634766e-01 4.522518217563629150e-01
-2.809893190860748291e-01 -2.475702315568923950e-01 4.574915766716003418e-01
-2.738771736621856689e-01 -2.590849399566650391e-01 4.543383121490478516e-01
-2.712998390197753906e-01 -2.631170749664306641e-01 4.586504697799682617e-01
-2.599180638790130615e-01 -2.500343024730682373e-01 4.669928252696990967e-01
-2.700695693492889404e-01 -2.605541348457336426e-01 4.597271680831909180e-01
-2.768105268478393555e-01 -2.543771266937255859e-01 4.519847035408020020e-01
-2.752169966697692871e-01 -2.599594891071319580e-01 4.524098038673400879e-01
-2.685780823230743408e-01 -2.297511547803878784e-01 4.687966406345367432e-01
-2.722283005714416504e-01 -2.297900170087814331e-01 4.690831303596496582e-01
-2.661210596561431885e-01 -2.692913115024566650e-01 4.452371299266815186e-01
-2.591088712215423584e-01 -2.661227583885192871e-01 4.501779973506927490e-01
-2.721973061561584473e-01 -2.633673548698425293e-01 4.597521424293518066e-01
-2.454303056001663208e-01 -2.415143549442291260e-01 4.388323128223419189e-01
-2.605071365833282471e-01 -2.512408494949340820e-01 4.561189711093902588e-01
-2.695018947124481201e-01 -2.541712522506713867e-01 4.539244771003723145e-01
-2.712415158748626709e-01 -2.509354650974273682e-01 4.714197516441345215e-01
-2.787344157695770264e-01 -2.486141175031661987e-01 4.631985425949096680e-01
-2.620719671249389648e-01 -2.346161752939224243e-01 4.706787765026092529e-01
-2.744532227516174316e-01 -2.598945200443267822e-01 4.582072496414184570e-01
-2.752344608306884766e-01 -2.439120262861251831e-01 4.552486538887023926e-01
-2.602559030055999756e-01 -2.449714243412017822e-01 4.705457985401153564e-01
-2.729528844356536865e-01 -2.615136504173278809e-01 4.584506154060363770e-01
-2.816363871097564697e-01 -2.452481389045715332e-01 4.595052897930145264e-01
-2.803716659545898438e-01 -2.439251691102981567e-01 4.623454511165618896e-01
-2.606914341449737549e-01 -2.315146625041961670e-01 4.771032929420471191e-01
-2.407725900411605835e-01 -2.349734306335449219e-01 4.376767277717590332e-01
-2.424779534339904785e-01 -2.464741468429565430e-01 4.326928853988647461e-01
-2.737985253334045410e-01 -2.552251815795898438e-01 4.486503303050994873e-01
-2.592282593250274658e-01 -2.590009868144989014e-01 4.118696749210357666e-01
-2.465030401945114136e-01 -2.451660782098770142e-01 4.481774270534515381e-01
-2.709014713764190674e-01 -2.385597079992294312e-01 4.731825292110443115e-01
-2.496124207973480225e-01 -2.649565041065216064e-01 4.540058970451354980e-01
-2.733019292354583740e-01 -2.552287578582763672e-01 4.559893608093261719e-01
-2.727537453174591064e-01 -2.600775957107543945e-01 4.578796625137329102e-01
-2.586751580238342285e-01 -2.501426935195922852e-01 4.676734805107116699e-01
-2.720482349395751953e-01 -2.644718587398529053e-01 4.595609605312347412e-01
-2.688964605331420898e-01 -2.688192129135131836e-01 4.446010589599609375e-01
-2.543431818485260010e-01 -2.492415010929107666e-01 4.790635108947753906e-01
-2.603840529918670654e-01 -2.484122514724731445e-01 4.688235223293304443e-01
-2.579009234905242920e-01 -2.498935312032699585e-01 4.729156792163848877e-01
-2.462024539709091187e-01 -2.418360710144042969e-01 4.399690926074981689e-01
-2.591306865215301514e-01 -2.593339383602142334e-01 4.132641851902008057e-01
-2.715208232402801514e-01 -2.592099308967590332e-01 4.621223211288452148e-01
-2.694835960865020752e-01 -2.548925280570983887e-01 4.552657604217529297e-01
-2.721024155616760254e-01 -2.459920197725296021e-01 4.551573097705841064e-01
-2.767738699913024902e-01 -2.487681359052658081e-01 4.647818505764007568e-01
-2.560256719589233398e-01 -2.578203380107879639e-01 4.160200357437133789e-01
-2.719572782516479492e-01 -2.591340541839599609e-01 4.628355801105499268e-01
-2.611224353313446045e-01 -2.504949271678924561e-01 4.558215439319610596e-01
-2.737297415733337402e-01 -2.517502307891845703e-01 4.582840204238891602e-01
-2.682528197765350342e-01 -2.573954463005065918e-01 4.401637613773345947e-01
-2.687303423881530762e-01 -2.406246513128280640e-01 4.630866944789886475e-01
-2.616898417472839355e-01 -2.338885664939880371e-01 4.732029736042022705e-01
-2.476723790168762207e-01 -2.499449551105499268e-01 4.265345931053161621e-01
-2.804703414440155029e-01 -2.513294219970703125e-01 4.565622210502624512e-01
-2.641504406929016113e-01 -2.453794777393341064e-01 4.566398859024047852e-01
-2.657223045825958252e-01 -2.467531859874725342e-01 4.537241756916046143e-01
-2.744466960430145264e-01 -2.324729263782501221e-01 4.644379615783691406e-01
-2.588517367839813232e-01 -2.552134096622467041e-01 4.543245136737823486e-01
-2.716873586177825928e-01 -2.347362786531448364e-01 4.653749465942382812e-01
-2.685395479202270508e-01 -2.334667742252349854e-01 4.675185084342956543e-01
-2.511711120605468750e-01 -2.433817088603973389e-01 4.449634850025177002e-01
-2.752429246902465820e-01 -2.559524476528167725e-01 4.568300247192382812e-01
-2.716019451618194580e-01 -2.675977051258087158e-01 4.553517103195190430e-01
-2.717404067516326904e-01 -2.424264550209045410e-01 4.648782610893249512e-01
-2.690795361995697021e-01 -2.575993239879608154e-01 4.550339281558990479e-01
-2.420906126499176025e-01 -2.363841831684112549e-01 4.390993714332580566e-01
-2.686100006103515625e-01 -2.317408919334411621e-01 4.653075933456420898e-01
-2.722388803958892822e-01 -2.407731860876083374e-01 4.576069414615631104e-01
-2.635125219821929932e-01 -2.484575808048248291e-01 4.644302427768707275e-01
-2.599203884601593018e-01 -2.478481978178024292e-01 4.706990420818328857e-01
-2.712399959564208984e-01 -2.664057314395904541e-01 4.338172674179077148e-01
-2.608485519886016846e-01 -2.489825040102005005e-01 4.571315050125122070e-01
-2.424079477787017822e-01 -2.368534505367279053e-01 4.411693513393402100e-01
-2.726814448833465576e-01 -2.591482102870941162e-01 4.567488431930541992e-01
-2.432909607887268066e-01 -2.373949438333511353e-01 4.417644739151000977e-01
-2.623474895954132080e-01 -2.478064745664596558e-01 4.561225473880767822e-01
-2.654011547565460205e-01 -2.495425343513488770e-01 4.587256908416748047e-01
-2.474614828824996948e-01 -2.424725294113159180e-01 4.419627487659454346e-01
-2.326739579439163208e-01 -2.385147809982299805e-01 4.448220729827880859e-01
-2.613741159439086914e-01 -2.471515536308288574e-01 4.705097079277038574e-01
-2.717384397983551025e-01 -2.349366247653961182e-01 4.688958525657653809e-01
-2.624234855175018311e-01 -2.506254911422729492e-01 4.684678018093109131e-01
-2.699824571609497070e-01 -2.627077698707580566e-01 4.371300935745239258e-01
-2.643213868141174316e-01 -2.602026462554931641e-01 4.544841051101684570e-01
-2.712292969226837158e-01 -2.349285781383514404e-01 4.695635437965393066e-01
-2.700623869895935059e-01 -2.666628360748291016e-01 4.520663619041442871e-01
-2.500766217708587646e-01 -2.421411275863647461e-01 4.419603645801544189e-01
-2.785039544105529785e-01 -2.559214532375335693e-01 4.520556032657623291e-01
-2.719945311546325684e-01 -2.642203271389007568e-01 4.604075551033020020e-01
-2.451270967721939087e-01 -2.445498108863830566e-01 4.418501555919647217e-01
-2.344533503055572510e-01 -2.281995117664337158e-01 4.325425028800964355e-01
-2.714267373085021973e-01 -2.401920855045318604e-01 4.715180695056915283e-01
-2.550515532493591309e-01 -2.651416063308715820e-01 4.524567425251007080e-01
-2.431525886058807373e-01 -2.370811998844146729e-01 4.419931769371032715e-01
-2.301692813634872437e-01 -2.591638863086700439e-01 4.608141481876373291e-01
-2.756026983261108398e-01 -2.485580742359161377e-01 4.585906565189361572e-01
-2.562610805034637451e-01 -2.484532147645950317e-01 4.590036571025848389e-01
-2.688197493553161621e-01 -2.399144768714904785e-01 4.642947614192962646e-01
-2.709661722183227539e-01 -2.575849294662475586e-01 4.535560905933380127e-01
-2.711959481239318848e-01 -2.574329674243927002e-01 4.548931121826171875e-01
-2.451800107955932617e-01 -2.427046746015548706e-01 4.455542564392089844e-01
-2.674185931682586670e-01 -2.499261498451232910e-01 4.610866606235504150e-01
-2.596213817596435547e-01 -2.477557212114334106e-01 4.738890528678894043e-01
-2.725780606269836426e-01 -2.640600800514221191e-01 4.599905908107757568e-01
-2.606588304042816162e-01 -2.342058420181274414e-01 4.710950851440429688e-01
-2.670417129993438721e-01 -2.377202361822128296e-01 4.628441333770751953e-01
-2.313427925109863281e-01 -2.592966556549072266e-01 4.604991376399993896e-01
-2.702389955520629883e-01 -2.412633746862411499e-01 4.657409191131591797e-01
-2.500133514404296875e-01 -2.404058128595352173e-01 4.474094510078430176e-01
-2.760798931121826172e-01 -2.489574104547500610e-01 4.656828641891479492e-01
-2.530359029769897461e-01 -2.490492612123489380e-01 4.503625631332397461e-01
-2.592356503009796143e-01 -2.504577338695526123e-01 4.607067108154296875e-01
-2.542471587657928467e-01 -2.547660171985626221e-01 4.179309904575347900e-01
-2.713732719421386719e-01 -2.507920563220977783e-01 4.575572907924652100e-01
-2.429074048995971680e-01 -2.403541505336761475e-01 4.446956813335418701e-01
-2.705264985561370850e-01 -2.424561679363250732e-01 4.635570943355560303e-01
-2.615088224411010742e-01 -2.513222396373748779e-01 4.662667512893676758e-01
-2.728982567787170410e-01 -2.445865422487258911e-01 4.545457065105438232e-01
-2.474196404218673706e-01 -2.425508797168731689e-01 4.419404268264770508e-01
-2.245581001043319702e-01 -2.585528194904327393e-01 4.636396765708923340e-01
-2.715141177177429199e-01 -2.472568005323410034e-01 4.629831910133361816e-01
-2.461342215538024902e-01 -2.394252568483352661e-01 4.464287161827087402e-01
-2.686216235160827637e-01 -2.531489133834838867e-01 4.520175158977508545e-01
-2.387537658214569092e-01 -2.330604046583175659e-01 4.372597038745880127e-01
-2.452884167432785034e-01 -2.494173198938369751e-01 4.267895519733428955e-01
-2.530628144741058350e-01 -2.485581338405609131e-01 4.501262307167053223e-01
-2.660369277000427246e-01 -2.568801641464233398e-01 4.560836851596832275e-01
-2.715184986591339111e-01 -2.564484477043151855e-01 4.561434090137481689e-01
-2.826741039752960205e-01 -2.409900426864624023e-01 4.590301811695098877e-01
-2.451156377792358398e-01 -2.424914985895156860e-01 4.480089247226715088e-01
-2.725342512130737305e-01 -2.321349084377288818e-01 4.647496938705444336e-01
-2.456032037734985352e-01 -2.422036081552505493e-01 4.463758170604705811e-01
-2.539072930812835693e-01 -2.550126910209655762e-01 4.189975261688232422e-01
-2.472792714834213257e-01 -2.450405061244964600e-01 4.485302567481994629e-01
-2.728589773178100586e-01 -2.521670758724212646e-01 4.584992825984954834e-01
-2.503421008586883545e-01 -2.644280195236206055e-01 4.549945294857025146e-01
-2.595227062702178955e-01 -2.464345693588256836e-01 4.578367769718170166e-01
-2.709025144577026367e-01 -2.553359270095825195e-01 4.557510018348693848e-01
-2.705500125885009766e-01 -2.554500401020050049e-01 4.525396525859832764e-01
-2.704981863498687744e-01 -2.639875710010528564e-01 4.358927905559539795e-01
-2.765586972236633301e-01 -2.546847462654113770e-01 4.508100748062133789e-01
-2.647348940372467041e-01 -2.418029904365539551e-01 4.621655941009521484e-01
-2.389671355485916138e-01 -2.613677680492401123e-01 4.593012928962707520e-01
-2.770819962024688721e-01 -2.550933063030242920e-01 4.529797434806823730e-01
-2.756536006927490234e-01 -2.514783143997192383e-01 4.580408036708831787e-01
-2.620685696601867676e-01 -2.475504130125045776e-01 4.612907171249389648e-01
-2.803209722042083740e-01 -2.443359792232513428e-01 4.581797719001770020e-01
-2.714070081710815430e-01 -2.478297650814056396e-01 4.622574746608734131e-01
-2.667833566665649414e-01 -2.417129278182983398e-01 4.608675241470336914e-01
-2.734412848949432373e-01 -2.588020861148834229e-01 4.602053463459014893e-01
-2.481652051210403442e-01 -2.415947318077087402e-01 4.427407681941986084e-01
-2.457745671272277832e-01 -2.401813715696334839e-01 4.386206567287445068e-01
-2.579358816146850586e-01 -2.531307041645050049e-01 4.754492640495300293e-01
-2.688219845294952393e-01 -2.386687994003295898e-01 4.614958763122558594e-01
-2.512719035148620605e-01 -2.537078559398651123e-01 4.196623861789703369e-01
-2.715483009815216064e-01 -2.258796989917755127e-01 4.663136005401611328e-01
-2.680750489234924316e-01 -2.528312206268310547e-01 4.540244638919830322e-01
-2.539831995964050293e-01 -2.566204667091369629e-01 4.169837832450866699e-01
-2.455290853977203369e-01 -2.402291148900985718e-01 4.428588747978210449e-01
-2.702789902687072754e-01 -2.462956011295318604e-01 4.513151347637176514e-01
-2.756279408931732178e-01 -2.449997514486312866e-01 4.529537558555603027e-01
-2.523437440395355225e-01 -2.507358789443969727e-01 4.787616431713104248e-01
-2.741017937660217285e-01 -2.457090467214584351e-01 4.554441571235656738e-01
-2.815900146961212158e-01 -2.453757524490356445e-01 4.607085287570953369e-01
-2.579222619533538818e-01 -2.494880706071853638e-01 4.655598104000091553e-01
-2.726370990276336670e-01 -2.558884024620056152e-01 4.544717967510223389e-01
-2.585989832878112793e-01 -2.468348741531372070e-01 4.692980647087097168e-01
-2.439800798892974854e-01 -2.440300881862640381e-01 4.441503584384918213e-01
-2.671801149845123291e-01 -2.527337670326232910e-01 4.471574723720550537e-01
-2.489761412143707275e-01 -2.639126777648925781e-01 4.555314481258392334e-01
-2.431048452854156494e-01 -2.415188401937484741e-01 4.417586624622344971e-01
-2.719772756099700928e-01 -2.560181915760040283e-01 4.542984962463378906e-01
-2.490153610706329346e-01 -2.412116527557373047e-01 4.460578858852386475e-01
-2.636826634407043457e-01 -2.630758285522460938e-01 4.634804427623748779e-01
-2.730691730976104736e-01 -2.446235567331314087e-01 4.520974457263946533e-01
-2.715791463851928711e-01 -2.513353824615478516e-01 4.588934183120727539e-01
-2.734314501285552979e-01 -2.514268755912780762e-01 4.582241475582122803e-01
-2.656699419021606445e-01 -2.488887608051300049e-01 4.625199437141418457e-01
-2.708520591259002686e-01 -2.570048868656158447e-01 4.567434191703796387e-01
-2.498741447925567627e-01 -2.522006034851074219e-01 4.214498102664947510e-01
-2.683082818984985352e-01 -2.553461790084838867e-01 4.436392784118652344e-01
-2.718697786331176758e-01 -2.343568205833435059e-01 4.641827940940856934e-01
-2.805230617523193359e-01 -2.455794662237167358e-01 4.575603306293487549e-01
-2.723259329795837402e-01 -2.630055844783782959e-01 4.581444263458251953e-01
-2.696861028671264648e-01 -2.559989690780639648e-01 4.556665420532226562e-01
-2.392701655626296997e-01 -2.337474673986434937e-01 4.363361001014709473e-01
-2.293881922960281372e-01 -2.368622422218322754e-01 4.469020366668701172e-01
-2.710581123828887939e-01 -2.576385736465454102e-01 4.555124044418334961e-01
-2.583391070365905762e-01 -2.504987120628356934e-01 4.719707071781158447e-01
-2.489748001098632812e-01 -2.441525608301162720e-01 4.446378946304321289e-01
-2.612612247467041016e-01 -2.680768668651580811e-01 4.483417570590972900e-01
-2.610966861248016357e-01 -2.618241906166076660e-01 4.691229164600372314e-01
-2.720867693424224854e-01 -2.692495882511138916e-01 4.357237815856933594e-01
-2.628148198127746582e-01 -2.498450428247451782e-01 4.559285044670104980e-01
-2.661690711975097656e-01 -2.402835786342620850e-01 4.690714478492736816e-01
-2.608875036239624023e-01 -2.336460649967193604e-01 4.742402136325836182e-01
-2.285906374454498291e-01 -2.592874169349670410e-01 4.627293944358825684e-01
-2.587772309780120850e-01 -2.493485659360885620e-01 4.731346368789672852e-01
-2.736180722713470459e-01 -2.434996664524078369e-01 4.532321691513061523e-01
-2.741385996341705322e-01 -2.535972297191619873e-01 4.582306146621704102e-01
-2.739503085613250732e-01 -2.448988258838653564e-01 4.691998064517974854e-01
-2.590648829936981201e-01 -2.486201822757720947e-01 4.736333191394805908e-01
-2.600236535072326660e-01 -2.307469546794891357e-01 4.758411347866058350e-01
-2.720581889152526855e-01 -2.517147958278656006e-01 4.537145197391510010e-01
-2.628586292266845703e-01 -2.538019120693206787e-01 4.638067781925201416e-01
-2.498305886983871460e-01 -2.519262135028839111e-01 4.217485189437866211e-01
-2.641448080539703369e-01 -2.455406039953231812e-01 4.543816745281219482e-01
-2.482918053865432739e-01 -2.404282093048095703e-01 4.428355693817138672e-01
-2.707679569721221924e-01 -2.668122053146362305e-01 4.336075186729431152e-01
-2.721959054470062256e-01 -2.593125700950622559e-01 4.612612128257751465e-01
-2.729353010654449463e-01 -2.588716149330139160e-01 4.564423263072967529e-01
-2.610830068588256836e-01 -2.461012899875640869e-01 4.669615626335144043e-01
-2.701694667339324951e-01 -2.297062873840332031e-01 4.642406105995178223e-01
-2.599526941776275635e-01 -2.317434847354888916e-01 4.770074188709259033e-01
-2.445996552705764771e-01 -2.384925931692123413e-01 4.370124638080596924e-01
-2.591407597064971924e-01 -2.485943138599395752e-01 4.711802899837493896e-01
-2.590180635452270508e-01 -2.519002556800842285e-01 4.701620936393737793e-01
-2.679884731769561768e-01 -2.546827197074890137e-01 4.557120800018310547e-01
-2.716084420680999756e-01 -2.420887500047683716e-01 4.505459964275360107e-01
-2.727244496345520020e-01 -2.437783330678939819e-01 4.546485245227813721e-01
-2.629712820053100586e-01 -2.491819560527801514e-01 4.558309614658355713e-01
-2.728619873523712158e-01 -2.600889205932617188e-01 4.539755880832672119e-01
-2.660402357578277588e-01 -2.382075488567352295e-01 4.677225351333618164e-01
-2.480226308107376099e-01 -2.414215058088302612e-01 4.395081698894500732e-01
-2.683309316635131836e-01 -2.587535679340362549e-01 4.545768499374389648e-01
-2.796433568000793457e-01 -2.558907270431518555e-01 4.520523548126220703e-01
-2.610129415988922119e-01 -2.343702763319015503e-01 4.705085158348083496e-01
-2.697282731533050537e-01 -2.575013041496276855e-01 4.545387923717498779e-01
-2.477450519800186157e-01 -2.432148754596710205e-01 4.428350627422332764e-01
-2.737795412540435791e-01 -2.514798343181610107e-01 4.503890573978424072e-01
-2.747551798820495605e-01 -2.335474193096160889e-01 4.648188948631286621e-01
-2.754107415676116943e-01 -2.480446249246597290e-01 4.596109986305236816e-01
-2.720224261283874512e-01 -2.615038156509399414e-01 4.597775638103485107e-01
-2.751779556274414062e-01 -2.320212274789810181e-01 4.684620797634124756e-01
-2.504798173904418945e-01 -2.647149562835693359e-01 4.533752501010894775e-01
-2.506615519523620605e-01 -2.642990946769714355e-01 4.547834992408752441e-01
-2.721805274486541748e-01 -2.544462978839874268e-01 4.617229104042053223e-01
-2.544402480125427246e-01 -2.494810223579406738e-01 4.520669877529144287e-01
-2.357195466756820679e-01 -2.412383407354354858e-01 4.386307597160339355e-01
-2.714921534061431885e-01 -2.659538686275482178e-01 4.589700400829315186e-01
-2.665508091449737549e-01 -2.415871769189834595e-01 4.632543325424194336e-01
-2.682571113109588623e-01 -2.406243383884429932e-01 4.651039540767669678e-01
-2.764142453670501709e-01 -2.537858486175537109e-01 4.518823921680450439e-01
-2.699723541736602783e-01 -2.658150196075439453e-01 4.335698485374450684e-01
-2.690872848033905029e-01 -2.608402371406555176e-01 4.369641244411468506e-01
-2.683610320091247559e-01 -2.472531497478485107e-01 4.624883830547332764e-01
-2.707146108150482178e-01 -2.684229612350463867e-01 4.510281085968017578e-01
-2.585537135601043701e-01 -2.493697702884674072e-01 4.694456458091735840e-01
-2.716603875160217285e-01 -2.605403065681457520e-01 4.587936103343963623e-01
-2.731171548366546631e-01 -2.506780326366424561e-01 4.572041332721710205e-01
-2.585790753364562988e-01 -2.503921687602996826e-01 4.666169285774230957e-01
-2.547842264175415039e-01 -2.528425157070159912e-01 4.773972928524017334e-01
-2.444117963314056396e-01 -2.437992542982101440e-01 4.474718272686004639e-01
-2.638910114765167236e-01 -2.585119307041168213e-01 4.664410650730133057e-01
-2.500973939895629883e-01 -2.420319765806198120e-01 4.458166956901550293e-01
-2.612006664276123047e-01 -2.476075738668441772e-01 4.715502560138702393e-01
-2.363834977149963379e-01 -2.615709006786346436e-01 4.597476124763488770e-01
-2.597184777259826660e-01 -2.504385411739349365e-01 4.605195522308349609e-01
-2.717893421649932861e-01 -2.695952355861663818e-01 4.491991996765136719e-01
-2.808226048946380615e-01 -2.467949539422988892e-01 4.591922760009765625e-01
-2.469791471958160400e-01 -2.408266365528106689e-01 4.479271471500396729e-01
-2.739978730678558350e-01 -2.443772703409194946e-01 4.558830857276916504e-01
-2.720731794834136963e-01 -2.582378983497619629e-01 4.601808786392211914e-01
-2.768832743167877197e-01 -2.560845017433166504e-01 4.561962485313415527e-01
-2.443920373916625977e-01 -2.443418949842453003e-01 4.404189288616180420e-01
-2.714076042175292969e-01 -2.327455580234527588e-01 4.646831154823303223e-01
-2.720853388309478760e-01 -2.621978521347045898e-01 4.590509235858917236e-01
-2.625980973243713379e-01 -2.391484230756759644e-01 4.659631848335266113e-01
-2.675833702087402344e-01 -2.532525360584259033e-01 4.447894394397735596e-01
-2.737533748149871826e-01 -2.571306824684143066e-01 4.540068507194519043e-01
-2.663336098194122314e-01 -2.650134861469268799e-01 4.620994031429290771e-01
-2.798529565334320068e-01 -2.458937317132949829e-01 4.586268663406372070e-01
-2.610751390457153320e-01 -2.317356616258621216e-01 4.762684404850006104e-01
-2.464161962270736694e-01 -2.376687973737716675e-01 4.409430325031280518e-01
-2.731072306632995605e-01 -2.493175417184829712e-01 4.658195674419403076e-01
-2.587277889251708984e-01 -2.485277354717254639e-01 4.668246507644653320e-01
-2.685983777046203613e-01 -2.576955854892730713e-01 4.559304714202880859e-01
-2.691628932952880859e-01 -2.392626553773880005e-01 4.632188677787780762e-01
-2.429682016372680664e-01 -2.472250461578369141e-01 4.296827614307403564e-01
-2.633213996887207031e-01 -2.436443269252777100e-01 4.585905373096466064e-01
-2.810351550579071045e-01 -2.514171898365020752e-01 4.560223817825317383e-01
-2.436122447252273560e-01 -2.373460978269577026e-01 4.407902657985687256e-01
-2.670970857143402100e-01 -2.543906867504119873e-01 4.434697628021240234e-01
-2.716895341873168945e-01 -2.490137666463851929e-01 4.625211358070373535e-01
-2.746194601058959961e-01 -2.561251521110534668e-01 4.612432718276977539e-01
-2.662268280982971191e-01 -2.531948685646057129e-01 4.455721676349639893e-01
-2.764530181884765625e-01 -2.399797886610031128e-01 4.542282819747924805e-01
-2.667114138603210449e-01 -2.487783879041671753e-01 4.614565372467041016e-01
-2.481585144996643066e-01 -2.516707479953765869e-01 4.232510328292846680e-01
-2.676015794277191162e-01 -2.299352437257766724e-01 4.701725542545318604e-01
-2.583839893341064453e-01 -2.484218329191207886e-01 4.712192416191101074e-01
-2.772240042686462402e-01 -2.527985274791717529e-01 4.574247896671295166e-01
-2.660006880760192871e-01 -2.487018704414367676e-01 4.651317894458770752e-01
-2.599744498729705811e-01 -2.327305227518081665e-01 4.749887287616729736e-01
-2.703371345996856689e-01 -2.406937628984451294e-01 4.637332856655120850e-01
-2.719264328479766846e-01 -2.618192434310913086e-01 4.579640328884124756e-01
-2.710563540458679199e-01 -2.455016374588012695e-01 4.551262259483337402e-01
-2.606362700462341309e-01 -2.454339563846588135e-01 4.689987003803253174e-01
-2.746670246124267578e-01 -2.563886344432830811e-01 4.568301439285278320e-01
-2.222182005643844604e-01 -2.564392089843750000e-01 4.642994403839111328e-01
-2.460154145956039429e-01 -2.431444972753524780e-01 4.396734535694122314e-01
-2.456325143575668335e-01 -2.403200417757034302e-01 4.465577006340026855e-01
-2.515142858028411865e-01 -2.527732253074645996e-01 4.216528236865997314e-01
-2.726954817771911621e-01 -2.580811083316802979e-01 4.574240148067474365e-01
-2.557688057422637939e-01 -2.486080825328826904e-01 4.720965325832366943e-01
-2.651618719100952148e-01 -2.594524323940277100e-01 4.644184410572052002e-01
-2.598206698894500732e-01 -2.461899071931838989e-01 4.678956270217895508e-01
-2.611245214939117432e-01 -2.573423385620117188e-01 4.693030118942260742e-01
-2.701998949050903320e-01 -2.353879213333129883e-01 4.653341174125671387e-01
-2.719739377498626709e-01 -2.611802518367767334e-01 4.577007889747619629e-01
-2.723396718502044678e-01 -2.692985832691192627e-01 4.405317008495330811e-01
-2.349803000688552856e-01 -2.412205189466476440e-01 4.397136569023132324e-01
-2.744385600090026855e-01 -2.630383968353271484e-01 4.584273695945739746e-01
-2.759162485599517822e-01 -2.581602334976196289e-01 4.560921788215637207e-01
-2.739854156970977783e-01 -2.445372641086578369e-01 4.538837075233459473e-01
-2.750522494316101074e-01 -2.617795169353485107e-01 4.585449695587158203e-01
-2.482506036758422852e-01 -2.430673837661743164e-01 4.412766993045806885e-01
-2.812731266021728516e-01 -2.470706552267074585e-01 4.570241272449493408e-01
-2.728687822818756104e-01 -2.632943987846374512e-01 4.584180712699890137e-01
-2.553978264331817627e-01 -2.570142447948455811e-01 4.150012135505676270e-01
-2.485915422439575195e-01 -2.443814277648925781e-01 4.450545608997344971e-01
-2.678199112415313721e-01 -2.271688580513000488e-01 4.681087434291839600e-01
-2.590136826038360596e-01 -2.550946474075317383e-01 4.733115434646606445e-01
-2.430109083652496338e-01 -2.458866238594055176e-01 4.307602047920227051e-01
-2.295353263616561890e-01 -2.597460150718688965e-01 4.621976912021636963e-01
-2.657342851161956787e-01 -2.471426725387573242e-01 4.536483883857727051e-01
-2.590939998626708984e-01 -2.488126903772354126e-01 4.654557704925537109e-01
-2.683857381343841553e-01 -2.661040127277374268e-01 4.524590373039245605e-01
-2.714392840862274170e-01 -2.331907451152801514e-01 4.671840965747833252e-01
-2.636412978172302246e-01 -2.531762123107910156e-01 4.636034369468688965e-01
-2.564964890480041504e-01 -2.577942907810211182e-01 4.158941805362701416e-01
-2.466792315244674683e-01 -2.395132929086685181e-01 4.453731775283813477e-01
-2.347761094570159912e-01 -2.283373177051544189e-01 4.312721192836761475e-01
-2.715292572975158691e-01 -2.393905073404312134e-01 4.712108075618743896e-01
-2.695258557796478271e-01 -2.541671097278594971e-01 4.538202583789825439e-01
-2.679221630096435547e-01 -2.543795108795166016e-01 4.553279578685760498e-01
-2.673394978046417236e-01 -2.368712276220321655e-01 4.635481238365173340e-01
-2.715830206871032715e-01 -2.550642490386962891e-01 4.571197032928466797e-01
-2.699393332004547119e-01 -2.352986037731170654e-01 4.652407169342041016e-01
-2.591252028942108154e-01 -2.458599060773849487e-01 4.587803483009338379e-01
-2.726145982742309570e-01 -2.530471384525299072e-01 4.573014080524444580e-01
-2.690385878086090088e-01 -2.326967567205429077e-01 4.668267071247100830e-01
-2.498909831047058105e-01 -2.436511814594268799e-01 4.466956257820129395e-01
-2.705936133861541748e-01 -2.597678899765014648e-01 4.578499197959899902e-01
-2.452834695577621460e-01 -2.391866296529769897e-01 4.455173909664154053e-01
-2.739772498607635498e-01 -2.603248953819274902e-01 4.576022028923034668e-01
-2.491094321012496948e-01 -2.443969994783401489e-01 4.451442956924438477e-01
-2.372139692306518555e-01 -2.429528683423995972e-01 4.368253946304321289e-01
-2.502476274967193604e-01 -2.461986094713211060e-01 4.496135711669921875e-01
-2.582453787326812744e-01 -2.466260194778442383e-01 4.720214009284973145e-01
-2.502202689647674561e-01 -2.446008622646331787e-01 4.464026987552642822e-01
-2.701433002948760986e-01 -2.417689412832260132e-01 4.562562108039855957e-01
-2.536745667457580566e-01 -2.656649053096771240e-01 4.533784687519073486e-01
-2.235770672559738159e-01 -2.573907375335693359e-01 4.645937681198120117e-01
-2.610558867454528809e-01 -2.326585203409194946e-01 4.753617346286773682e-01
-2.460081726312637329e-01 -2.430377751588821411e-01 4.487655460834503174e-01
-2.577138245105743408e-01 -2.540864944458007812e-01 4.539851546287536621e-01
-2.677034139633178711e-01 -2.423744052648544312e-01 4.610997140407562256e-01
-2.767851650714874268e-01 -2.575289309024810791e-01 4.600144624710083008e-01
-2.702884972095489502e-01 -2.394810616970062256e-01 4.669483900070190430e-01
-2.724872231483459473e-01 -2.690042853355407715e-01 4.496122002601623535e-01
-2.525681257247924805e-01 -2.487041205167770386e-01 4.501678347587585449e-01
-2.676925957202911377e-01 -2.308021783828735352e-01 4.682839810848236084e-01
-2.478087246417999268e-01 -2.414559572935104370e-01 4.421083629131317139e-01
-2.731687426567077637e-01 -2.440212965011596680e-01 4.523632228374481201e-01
-2.368445992469787598e-01 -2.312135845422744751e-01 4.352565109729766846e-01
-2.721498608589172363e-01 -2.509034276008605957e-01 4.529235064983367920e-01
-2.725953459739685059e-01 -2.469817548990249634e-01 4.670099318027496338e-01
-2.702494561672210693e-01 -2.644783854484558105e-01 4.336780905723571777e-01
-2.656926214694976807e-01 -2.639368176460266113e-01 4.612531960010528564e-01
-2.613569796085357666e-01 -2.516642212867736816e-01 4.660638272762298584e-01
-2.453113794326782227e-01 -2.392615526914596558e-01 4.456238448619842529e-01
-2.632596194744110107e-01 -2.589327096939086914e-01 4.542873501777648926e-01
-2.595519125461578369e-01 -2.612918913364410400e-01 4.704541265964508057e-01
-2.683481574058532715e-01 -2.662048339843750000e-01 4.524990916252136230e-01
-2.489288747310638428e-01 -2.426476180553436279e-01 4.443255960941314697e-01
-2.420882731676101685e-01 -2.455110251903533936e-01 4.334002435207366943e-01
-2.568025887012481689e-01 -2.477089911699295044e-01 4.709506928920745850e-01
-2.656274735927581787e-01 -2.639477252960205078e-01 4.612554013729095459e-01
-2.393284440040588379e-01 -2.343858778476715088e-01 4.377557337284088135e-01
-2.816534638404846191e-01 -2.465993314981460571e-01 4.569483399391174316e-01
-2.716197073459625244e-01 -2.571769356727600098e-01 4.635659456253051758e-01
-2.399315983057022095e-01 -2.438782453536987305e-01 4.339191913604736328e-01
-2.797256410121917725e-01 -2.526712417602539062e-01 4.564650058746337891e-01
-2.720246315002441406e-01 -2.592208981513977051e-01 4.569879174232482910e-01
-2.425336837768554688e-01 -2.464736849069595337e-01 4.326718449592590332e-01
-2.601351141929626465e-01 -2.493094354867935181e-01 4.587360322475433350e-01
-2.719407677650451660e-01 -2.532197237014770508e-01 4.539215266704559326e-01
-2.679125666618347168e-01 -2.647065222263336182e-01 4.540267586708068848e-01
-2.582176923751831055e-01 -2.507482767105102539e-01 4.778352379798889160e-01
-2.507698535919189453e-01 -2.423920780420303345e-01 4.474032521247863770e-01
-2.761532664299011230e-01 -2.532480359077453613e-01 4.628108143806457520e-01
-2.727378308773040771e-01 -2.464804500341415405e-01 4.516794681549072266e-01
-2.701286375522613525e-01 -2.424799352884292603e-01 4.636225998401641846e-01
-2.720412611961364746e-01 -2.574854791164398193e-01 4.546546339988708496e-01
-2.648099362850189209e-01 -2.676521837711334229e-01 4.469805061817169189e-01
-2.659095227718353271e-01 -2.471011877059936523e-01 4.594312608242034912e-01
-2.720951437950134277e-01 -2.541300952434539795e-01 4.669265151023864746e-01
-2.434684336185455322e-01 -2.369148433208465576e-01 4.413936138153076172e-01
-2.702668011188507080e-01 -2.576600611209869385e-01 4.582210779190063477e-01
-2.774682044982910156e-01 -2.583411931991577148e-01 4.536310434341430664e-01
-2.475412636995315552e-01 -2.364524155855178833e-01 4.431589543819427490e-01
-2.594433724880218506e-01 -2.482961714267730713e-01 4.703691005706787109e-01
-2.747699618339538574e-01 -2.578638195991516113e-01 4.571599960327148438e-01
-2.480787187814712524e-01 -2.444753944873809814e-01 4.480143785476684570e-01
-2.719210982322692871e-01 -2.640698850154876709e-01 4.579577744007110596e-01
-2.718690931797027588e-01 -2.525836527347564697e-01 4.588079452514648438e-01
-2.473107129335403442e-01 -2.417256981134414673e-01 4.392089545726776123e-01
-2.612758576869964600e-01 -2.347262948751449585e-01 4.726297557353973389e-01
-2.689960300922393799e-01 -2.545081973075866699e-01 4.592068791389465332e-01
-2.628628313541412354e-01 -2.503171563148498535e-01 4.681156575679779053e-01
-2.712480723857879639e-01 -2.668499350547790527e-01 4.569261372089385986e-01
-2.232622802257537842e-01 -2.581653296947479248e-01 4.642106592655181885e-01
-2.699485719203948975e-01 -2.365679442882537842e-01 4.655235111713409424e-01
-2.451605051755905151e-01 -2.379260510206222534e-01 4.374695122241973877e-01
-2.655446529388427734e-01 -2.494074851274490356e-01 4.492334723472595215e-01
-2.668194472789764404e-01 -2.642975151538848877e-01 4.542706608772277832e-01
-2.810574471950531006e-01 -2.554258704185485840e-01 4.492573738098144531e-01
-2.714693248271942139e-01 -2.470363825559616089e-01 4.540354013442993164e-01
-2.811305522918701172e-01 -2.509650290012359619e-01 4.542326033115386963e-01
-2.626065015792846680e-01 -2.597302198410034180e-01 4.536886811256408691e-01
-2.274515032768249512e-01 -2.592044174671173096e-01 4.629083871841430664e-01
-2.459146976470947266e-01 -2.402970790863037109e-01 4.468719363212585449e-01
-2.701137065887451172e-01 -2.641505300998687744e-01 4.339831769466400146e-01
-2.721170485019683838e-01 -2.496881633996963501e-01 4.528512060642242432e-01
-2.482040524482727051e-01 -2.396982461214065552e-01 4.427061975002288818e-01
-2.707033455371856689e-01 -2.649274468421936035e-01 4.332601428031921387e-01
-2.575314640998840332e-01 -2.473165690898895264e-01 4.722009301185607910e-01
-2.530282735824584961e-01 -2.495349347591400146e-01 4.509102404117584229e-01
-2.720460295677185059e-01 -2.540411353111267090e-01 4.670056104660034180e-01
-2.740000784397125244e-01 -2.361025810241699219e-01 4.674485325813293457e-01
-2.757168412208557129e-01 -2.296863049268722534e-01 4.651462435722351074e-01
-2.599937915802001953e-01 -2.475320547819137573e-01 4.600600898265838623e-01
-2.665196657180786133e-01 -2.500483989715576172e-01 4.614475369453430176e-01
-2.546349167823791504e-01 -2.495783716440200806e-01 4.783175587654113770e-01
-2.647952437400817871e-01 -2.443766444921493530e-01 4.556180834770202637e-01
-2.683044672012329102e-01 -2.411656677722930908e-01 4.646573662757873535e-01
-2.548553347587585449e-01 -2.510145902633666992e-01 4.527179598808288574e-01
-2.477779835462570190e-01 -2.387523353099822998e-01 4.420842528343200684e-01
-2.464448213577270508e-01 -2.384076416492462158e-01 4.392905831336975098e-01
-2.685782015323638916e-01 -2.498806416988372803e-01 4.598114192485809326e-01
-2.616139054298400879e-01 -2.522388994693756104e-01 4.654884636402130127e-01
-2.450105696916580200e-01 -2.438093572854995728e-01 4.453638195991516113e-01
-2.721253633499145508e-01 -2.652907073497772217e-01 4.565507769584655762e-01
-2.680247128009796143e-01 -2.476432472467422485e-01 4.609479904174804688e-01
-2.702779173851013184e-01 -2.575650513172149658e-01 4.552840888500213623e-01
-2.766789197921752930e-01 -2.418000251054763794e-01 4.522098302841186523e-01
-2.758130133152008057e-01 -2.440663278102874756e-01 4.513363838195800781e-01
-2.508721053600311279e-01 -2.537234127521514893e-01 4.200857579708099365e-01
-2.667787671089172363e-01 -2.419495731592178345e-01 4.676349759101867676e-01
-2.762615084648132324e-01 -2.549028694629669189e-01 4.570383727550506592e-01
-2.703498601913452148e-01 -2.273935079574584961e-01 4.667886197566986084e-01
-2.587397098541259766e-01 -2.459779977798461914e-01 4.591450691223144531e-01
-2.749787867069244385e-01 -2.557828426361083984e-01 4.517067074775695801e-01
-2.616327106952667236e-01 -2.360510528087615967e-01 4.678555727005004883e-01
-2.754154801368713379e-01 -2.519022524356842041e-01 4.575935900211334229e-01
-2.340892255306243896e-01 -2.393283098936080933e-01 4.409446716308593750e-01
-2.594178318977355957e-01 -2.501634359359741211e-01 4.718085229396820068e-01
-2.647523283958435059e-01 -2.411247640848159790e-01 4.648068547248840332e-01
-2.438086271286010742e-01 -2.389411926269531250e-01 4.438516199588775635e-01
-2.413805425167083740e-01 -2.615614533424377441e-01 4.574032723903656006e-01
-2.665919065475463867e-01 -2.430468946695327759e-01 4.652431011199951172e-01
-2.724687755107879639e-01 -2.634828984737396240e-01 4.583124816417694092e-01
-2.571053206920623779e-01 -2.539072334766387939e-01 4.748708009719848633e-01
-2.693254947662353516e-01 -2.487436085939407349e-01 4.729102849960327148e-01
-2.732366323471069336e-01 -2.436325103044509888e-01 4.503089189529418945e-01
-2.263358533382415771e-01 -2.581879496574401855e-01 4.636735916137695312e-01
-2.473572492599487305e-01 -2.442182749509811401e-01 4.489987790584564209e-01
-2.650715112686157227e-01 -2.682471275329589844e-01 4.472566843032836914e-01
-2.226678580045700073e-01 -2.565907835960388184e-01 4.640577733516693115e-01
-2.577312588691711426e-01 -2.509987056255340576e-01 4.711148738861083984e-01
-2.646978199481964111e-01 -2.604272663593292236e-01 4.647749960422515869e-01
-2.417791038751602173e-01 -2.625879645347595215e-01 4.568569362163543701e-01
-2.610718309879302979e-01 -2.494200021028518677e-01 4.567571878433227539e-01
-2.753587961196899414e-01 -2.567415535449981689e-01 4.580232203006744385e-01
-2.713527977466583252e-01 -2.301264256238937378e-01 4.640876352787017822e-01
-2.372507452964782715e-01 -2.611118257045745850e-01 4.599550664424896240e-01
-2.686516046524047852e-01 -2.590561807155609131e-01 4.533382356166839600e-01
-2.605313956737518311e-01 -2.441239356994628906e-01 4.585325717926025391e-01
-2.500256597995758057e-01 -2.430117577314376831e-01 4.470864236354827881e-01
-2.735069096088409424e-01 -2.479052394628524780e-01 4.608884453773498535e-01
-2.813086509704589844e-01 -2.519519925117492676e-01 4.559435546398162842e-01
-2.722556889057159424e-01 -2.542107999324798584e-01 4.546751677989959717e-01
-2.662291228771209717e-01 -2.631195187568664551e-01 4.531961679458618164e-01
-2.805142998695373535e-01 -2.515659630298614502e-01 4.561423659324645996e-01
-2.713879942893981934e-01 -2.534352540969848633e-01 4.571292400360107422e-01
-2.561606168746948242e-01 -2.466953396797180176e-01 4.700016379356384277e-01
-2.726089358329772949e-01 -2.608169317245483398e-01 4.585521221160888672e-01
-2.714859247207641602e-01 -2.609917521476745605e-01 4.586521089076995850e-01
-2.641806602478027344e-01 -2.681408524513244629e-01 4.461070001125335693e-01
-2.577841579914093018e-01 -2.471435815095901489e-01 4.697323143482208252e-01
-2.774191796779632568e-01 -2.532735168933868408e-01 4.581013023853302002e-01
-2.608121335506439209e-01 -2.514187991619110107e-01 4.673500657081604004e-01
-2.579250037670135498e-01 -2.486522942781448364e-01 4.740238189697265625e-01
-2.496214509010314941e-01 -2.420944124460220337e-01 4.466384947299957275e-01
-2.633218169212341309e-01 -2.487453669309616089e-01 4.595599174499511719e-01
-2.661425173282623291e-01 -2.518165707588195801e-01 4.605609774589538574e-01
-2.356393933296203613e-01 -2.397434413433074951e-01 4.404756426811218262e-01
-2.503712475299835205e-01 -2.524930834770202637e-01 4.230952262878417969e-01
-2.730694115161895752e-01 -2.597008347511291504e-01 4.585302174091339111e-01
-2.758259177207946777e-01 -2.507114112377166748e-01 4.577286243438720703e-01
-2.729327976703643799e-01 -2.510976493358612061e-01 4.532564282417297363e-01
-2.493542581796646118e-01 -2.407279163599014282e-01 4.451953470706939697e-01
-2.709993720054626465e-01 -2.486622482538223267e-01 4.716233909130096436e-01
-2.626242041587829590e-01 -2.366237342357635498e-01 4.674445092678070068e-01
-2.551669180393218994e-01 -2.509753406047821045e-01 4.762648046016693115e-01
-2.454396635293960571e-01 -2.415715456008911133e-01 4.388729035854339600e-01
-2.602345943450927734e-01 -2.488774210214614868e-01 4.580698907375335693e-01
-2.654025852680206299e-01 -2.496643066406250000e-01 4.638540148735046387e-01
-2.653228938579559326e-01 -2.583744823932647705e-01 4.533551931381225586e-01
-2.727970778942108154e-01 -2.347204387187957764e-01 4.685468971729278564e-01
-2.741696536540985107e-01 -2.299655228853225708e-01 4.670023024082183838e-01
-2.802093029022216797e-01 -2.492140829563140869e-01 4.578748345375061035e-01
-2.699572443962097168e-01 -2.570907473564147949e-01 4.547620713710784912e-01
-2.714563906192779541e-01 -2.626432776451110840e-01 4.569685161113739014e-01
-2.601999044418334961e-01 -2.514818012714385986e-01 4.577089846134185791e-01
-2.712208628654479980e-01 -2.592253386974334717e-01 4.576777219772338867e-01
-2.578805983066558838e-01 -2.469684034585952759e-01 4.708083570003509521e-01
-2.364165484905242920e-01 -2.292811870574951172e-01 4.334332644939422607e-01
-2.716748714447021484e-01 -2.641101181507110596e-01 4.579956829547882080e-01
-2.748291492462158203e-01 -2.440113574266433716e-01 4.558994770050048828e-01
-2.718483805656433105e-01 -2.568340301513671875e-01 4.556737840175628662e-01
-2.601268589496612549e-01 -2.499458193778991699e-01 4.608210921287536621e-01
-2.614188492298126221e-01 -2.482629716396331787e-01 4.713727831840515137e-01
-2.710955142974853516e-01 -2.583690583705902100e-01 4.539254009723663330e-01
-2.785244882106781006e-01 -2.505777776241302490e-01 4.582662284374237061e-01
-2.432515323162078857e-01 -2.419604659080505371e-01 4.464163482189178467e-01
-2.601590454578399658e-01 -2.601535320281982422e-01 4.711307287216186523e-01
-2.733065485954284668e-01 -2.431063205003738403e-01 4.504294395446777344e-01
-2.497501820325851440e-01 -2.396670728921890259e-01 4.450294077396392822e-01
-2.621370851993560791e-01 -2.352784126996994019e-01 4.691867530345916748e-01
-2.730869352817535400e-01 -2.457134574651718140e-01 4.520280659198760986e-01
-2.410639673471450806e-01 -2.453195899724960327e-01 4.344491362571716309e-01
-2.670892775058746338e-01 -2.560174465179443359e-01 4.433550536632537842e-01
-2.623048424720764160e-01 -2.598558962345123291e-01 4.541549980640411377e-01
-2.616483271121978760e-01 -2.668052911758422852e-01 4.488106071949005127e-01
-2.451123893260955811e-01 -2.406649440526962280e-01 4.431537985801696777e-01
-2.668415606021881104e-01 -2.383027970790863037e-01 4.624706208705902100e-01
-2.376942932605743408e-01 -2.434731125831604004e-01 4.365001320838928223e-01
-2.679064869880676270e-01 -2.316586822271347046e-01 4.696199893951416016e-01
-2.761636376380920410e-01 -2.493574768304824829e-01 4.581475853919982910e-01
-2.718269824981689453e-01 -2.586354315280914307e-01 4.632687866687774658e-01
-2.571823298931121826e-01 -2.597046792507171631e-01 4.738692641258239746e-01
-2.709007263183593750e-01 -2.349423915147781372e-01 4.644314646720886230e-01
-2.499733120203018188e-01 -2.532361745834350586e-01 4.224584996700286865e-01
-2.760534286499023438e-01 -2.490114420652389526e-01 4.659897685050964355e-01
-2.658748328685760498e-01 -2.429412752389907837e-01 4.620255827903747559e-01
-2.631258666515350342e-01 -2.370309680700302124e-01 4.661764204502105713e-01
-2.813027799129486084e-01 -2.528822124004364014e-01 4.558007717132568359e-01
-2.433871924877166748e-01 -2.374399751424789429e-01 4.418086111545562744e-01
-2.721531689167022705e-01 -2.688745856285095215e-01 4.507985115051269531e-01
-2.730252444744110107e-01 -2.588185369968414307e-01 4.571535885334014893e-01
-2.645515501499176025e-01 -2.608787417411804199e-01 4.547517299652099609e-01
-2.618528008460998535e-01 -2.516581714153289795e-01 4.587802886962890625e-01
-2.564785182476043701e-01 -2.473047226667404175e-01 4.683599770069122314e-01
-2.752278447151184082e-01 -2.460291087627410889e-01 4.511900246143341064e-01
-2.729491293430328369e-01 -2.337406128644943237e-01 4.710437655448913574e-01
-2.588399052619934082e-01 -2.470465600490570068e-01 4.628618061542510986e-01
-2.728457152843475342e-01 -2.639461457729339600e-01 4.590373337268829346e-01
-2.727673053741455078e-01 -2.637809813022613525e-01 4.587856233119964600e-01
-2.599864304065704346e-01 -2.601005733013153076e-01 4.697262048721313477e-01
-2.411762624979019165e-01 -2.448729276657104492e-01 4.323958754539489746e-01
-2.711796164512634277e-01 -2.588360607624053955e-01 4.582443237304687500e-01
-2.821129858493804932e-01 -2.461144924163818359e-01 4.571194946765899658e-01
-2.495345175266265869e-01 -2.408122569322586060e-01 4.456547498703002930e-01
-2.731772661209106445e-01 -2.527917623519897461e-01 4.578483402729034424e-01
-2.824370861053466797e-01 -2.502644062042236328e-01 4.544570744037628174e-01
-2.460715472698211670e-01 -2.398370057344436646e-01 4.462072253227233887e-01
-2.714697122573852539e-01 -2.617600858211517334e-01 4.573534131050109863e-01
-2.713248133659362793e-01 -2.584112584590911865e-01 4.583407938480377197e-01
-2.675890326499938965e-01 -2.370971441268920898e-01 4.674122035503387451e-01
-2.782960832118988037e-01 -2.542359232902526855e-01 4.556882679462432861e-01
-2.663118541240692139e-01 -2.541160881519317627e-01 4.569634199142456055e-01
-2.450693845748901367e-01 -2.396284639835357666e-01 4.423309266567230225e-01
-2.676003277301788330e-01 -2.514386773109436035e-01 4.615097939968109131e-01
-2.744717895984649658e-01 -2.533797025680541992e-01 4.521734118461608887e-01
-2.646888494491577148e-01 -2.616247832775115967e-01 4.548008739948272705e-01
-2.714983224868774414e-01 -2.583151161670684814e-01 4.578176736831665039e-01
-2.687774896621704102e-01 -2.670761048793792725e-01 4.580256938934326172e-01
-2.594844102859497070e-01 -2.525747120380401611e-01 4.679290056228637695e-01
-2.717066705226898193e-01 -2.682023346424102783e-01 4.535481631755828857e-01
-2.419101744890213013e-01 -2.394195199012756348e-01 4.379422664642333984e-01
-2.624240219593048096e-01 -2.371509522199630737e-01 4.685922861099243164e-01
-2.476229518651962280e-01 -2.380966991186141968e-01 4.400990307331085205e-01
-2.703133821487426758e-01 -2.412253618240356445e-01 4.634912014007568359e-01
-2.709947526454925537e-01 -2.406268119812011719e-01 4.653560817241668701e-01
-2.613110840320587158e-01 -2.324631065130233765e-01 4.751063287258148193e-01
-2.471849918365478516e-01 -2.414702177047729492e-01 4.445108771324157715e-01
-2.468462139368057251e-01 -2.457129508256912231e-01 4.443035721778869629e-01
-2.467613965272903442e-01 -2.377232760190963745e-01 4.399949610233306885e-01
-2.676696479320526123e-01 -2.697518169879913330e-01 4.443734586238861084e-01
-2.623052299022674561e-01 -2.583887875080108643e-01 4.536311030387878418e-01
-2.729704976081848145e-01 -2.306711375713348389e-01 4.641206860542297363e-01
-2.356056720018386841e-01 -2.613426744937896729e-01 4.600792229175567627e-01
-2.343022376298904419e-01 -2.400395274162292480e-01 4.403846859931945801e-01
-2.383850961923599243e-01 -2.334444075822830200e-01 4.366255402565002441e-01
-2.622062861919403076e-01 -2.488133758306503296e-01 4.583342373371124268e-01
-2.681836485862731934e-01 -2.571396231651306152e-01 4.546571075916290283e-01
-2.734479308128356934e-01 -2.577575743198394775e-01 4.538944363594055176e-01
-2.453705370426177979e-01 -2.411980479955673218e-01 4.386004805564880371e-01
-2.292509227991104126e-01 -2.364857196807861328e-01 4.482561945915222168e-01
-2.797132432460784912e-01 -2.429449409246444702e-01 4.607405662536621094e-01
-2.660925984382629395e-01 -2.455929219722747803e-01 4.636037945747375488e-01
-2.462437748908996582e-01 -2.424436062574386597e-01 4.403659403324127197e-01
-2.777956128120422363e-01 -2.481966018676757812e-01 4.641804695129394531e-01
-2.752796709537506104e-01 -2.445891797542572021e-01 4.510251581668853760e-01
-2.700360119342803955e-01 -2.677963078022003174e-01 4.574810266494750977e-01
-2.723261415958404541e-01 -2.324622273445129395e-01 4.704499840736389160e-01
-2.531256675720214844e-01 -2.544629275798797607e-01 4.198834896087646484e-01
-2.484082132577896118e-01 -2.395430803298950195e-01 4.433140754699707031e-01
-2.489580363035202026e-01 -2.401374876499176025e-01 4.443570971488952637e-01
-2.413581162691116333e-01 -2.445918321609497070e-01 4.326739013195037842e-01
-2.724328637123107910e-01 -2.586374282836914062e-01 4.556198716163635254e-01
-2.700298726558685303e-01 -2.657111883163452148e-01 4.341254234313964844e-01
-2.693308889865875244e-01 -2.564660310745239258e-01 4.558566510677337646e-01
-2.721237540245056152e-01 -2.415228039026260376e-01 4.717268049716949463e-01
-2.780263125896453857e-01 -2.542489171028137207e-01 4.567738175392150879e-01
-2.483424097299575806e-01 -2.413600087165832520e-01 4.397500753402709961e-01
-2.617844045162200928e-01 -2.507081627845764160e-01 4.570688605308532715e-01
-2.574389576911926270e-01 -2.491039782762527466e-01 4.684736728668212891e-01
-2.574165463447570801e-01 -2.508250772953033447e-01 4.678380787372589111e-01
-2.702403664588928223e-01 -2.617594599723815918e-01 4.599981009960174561e-01
-2.644551694393157959e-01 -2.628335058689117432e-01 4.646453261375427246e-01
-2.458993047475814819e-01 -2.411643117666244507e-01 4.479118585586547852e-01
-2.650735378265380859e-01 -2.602174878120422363e-01 4.648900926113128662e-01
-2.608350515365600586e-01 -2.457124590873718262e-01 4.699877202510833740e-01
-2.704340517520904541e-01 -2.286022007465362549e-01 4.665122032165527344e-01
-2.689526677131652832e-01 -2.577375173568725586e-01 4.515670537948608398e-01
-2.708480358123779297e-01 -2.612248957157135010e-01 4.581219851970672607e-01
-2.681789398193359375e-01 -2.456912696361541748e-01 4.602488577365875244e-01
-2.731457948684692383e-01 -2.529400289058685303e-01 4.584665596485137939e-01
-2.743687629699707031e-01 -2.322335839271545410e-01 4.683986604213714600e-01
-2.596056163311004639e-01 -2.444119751453399658e-01 4.710870385169982910e-01
-2.605383992195129395e-01 -2.505144178867340088e-01 4.669674336910247803e-01
-2.751561999320983887e-01 -2.576393187046051025e-01 4.565504789352416992e-01
-2.800571024417877197e-01 -2.496398836374282837e-01 4.585561156272888184e-01
-2.813841104507446289e-01 -2.460472434759140015e-01 4.590156972408294678e-01
-2.688495814800262451e-01 -2.588749825954437256e-01 4.387417137622833252e-01
-2.666684687137603760e-01 -2.502919137477874756e-01 4.481409192085266113e-01
-2.350498437881469727e-01 -2.405399829149246216e-01 4.394799470901489258e-01
-2.688781023025512695e-01 -2.337566018104553223e-01 4.705284833908081055e-01
-2.691865265369415283e-01 -2.321298122406005859e-01 4.676947891712188721e-01
-2.685018181800842285e-01 -2.625815272331237793e-01 4.605007767677307129e-01
-2.776595652103424072e-01 -2.542807161808013916e-01 4.563414156436920166e-01
-2.697289288043975830e-01 -2.572707831859588623e-01 4.540282189846038818e-01
-2.673392891883850098e-01 -2.509433329105377197e-01 4.597976803779602051e-01
-2.714512646198272705e-01 -2.391798645257949829e-01 4.713184535503387451e-01
-2.647398710250854492e-01 -2.602206170558929443e-01 4.650616347789764404e-01
-2.713263630867004395e-01 -2.580481767654418945e-01 4.555576741695404053e-01
-2.725882828235626221e-01 -2.354144603013992310e-01 4.649789929389953613e-01
-2.708958685398101807e-01 -2.638131678104400635e-01 4.346748292446136475e-01
-2.723328173160552979e-01 -2.655169665813446045e-01 4.551086425781250000e-01
-2.700205147266387939e-01 -2.321601957082748413e-01 4.642829596996307373e-01
-2.234093993902206421e-01 -2.568920254707336426e-01 4.643599390983581543e-01
-2.618470788002014160e-01 -2.347311228513717651e-01 4.720603525638580322e-01
-2.695927619934082031e-01 -2.541571557521820068e-01 4.522218108177185059e-01
-2.588599324226379395e-01 -2.555019259452819824e-01 4.721235036849975586e-01
-2.623246908187866211e-01 -2.486916631460189819e-01 4.676980078220367432e-01
-2.640941143035888672e-01 -2.479237765073776245e-01 4.599809646606445312e-01
-2.729845046997070312e-01 -2.599547207355499268e-01 4.584940373897552490e-01
-2.756378054618835449e-01 -2.433547526597976685e-01 4.549385607242584229e-01
-2.656491398811340332e-01 -2.514145970344543457e-01 4.615931808948516846e-01
-2.468004673719406128e-01 -2.396476715803146362e-01 4.399864971637725830e-01
-2.645321786403656006e-01 -2.626630365848541260e-01 4.642561972141265869e-01
-2.704878151416778564e-01 -2.433293461799621582e-01 4.562776088714599609e-01
-2.779932618141174316e-01 -2.529599368572235107e-01 4.581053256988525391e-01
-2.565719783306121826e-01 -2.579417824745178223e-01 4.157290160655975342e-01
-2.671240568161010742e-01 -2.522254884243011475e-01 4.537518918514251709e-01
-2.335975170135498047e-01 -2.382327318191528320e-01 4.436508715152740479e-01
-2.471437156200408936e-01 -2.416089475154876709e-01 4.485270082950592041e-01
-2.675032019615173340e-01 -2.520293295383453369e-01 4.595041573047637939e-01
-2.613877356052398682e-01 -2.449636161327362061e-01 4.586094915866851807e-01
-2.596941292285919189e-01 -2.476230263710021973e-01 4.589697420597076416e-01
-2.809039652347564697e-01 -2.471731305122375488e-01 4.608197212219238281e-01
-2.758872210979461670e-01 -2.508069276809692383e-01 4.581687152385711670e-01
-2.634277045726776123e-01 -2.515708506107330322e-01 4.574435949325561523e-01
-2.691027820110321045e-01 -2.544577717781066895e-01 4.552751183509826660e-01
-2.620579302310943604e-01 -2.582552731037139893e-01 4.677720069885253906e-01
-2.605388462543487549e-01 -2.340177744626998901e-01 4.735529124736785889e-01
-2.684590220451354980e-01 -2.699193954467773438e-01 4.437330663204193115e-01
-2.797976732254028320e-01 -2.463259100914001465e-01 4.599170982837677002e-01
-2.686442434787750244e-01 -2.576890289783477783e-01 4.570795595645904541e-01
-2.483882755041122437e-01 -2.425569742918014526e-01 4.460669159889221191e-01
-2.226342707872390747e-01 -2.566023766994476318e-01 4.640174806118011475e-01
-2.604432404041290283e-01 -2.477352172136306763e-01 4.686385393142700195e-01
-2.432772070169448853e-01 -2.374116629362106323e-01 4.417810738086700439e-01
-2.764109671115875244e-01 -2.486112713813781738e-01 4.668390154838562012e-01
-2.603543102741241455e-01 -2.441613078117370605e-01 4.594993591308593750e-01
-2.814730107784271240e-01 -2.510778009891510010e-01 4.554657638072967529e-01
-2.735928297042846680e-01 -2.509187757968902588e-01 4.588341414928436279e-01
-2.442567646503448486e-01 -2.431397736072540283e-01 4.440836906433105469e-01
-2.664830982685089111e-01 -2.481471151113510132e-01 4.653279185295104980e-01
-2.714937925338745117e-01 -2.297152727842330933e-01 4.689453542232513428e-01
-2.752110958099365234e-01 -2.568712234497070312e-01 4.558421969413757324e-01
-2.722890675067901611e-01 -2.577549517154693604e-01 4.548035264015197754e-01
-2.794821262359619141e-01 -2.510010600090026855e-01 4.559859931468963623e-01
-2.638334333896636963e-01 -2.524245083332061768e-01 4.572673141956329346e-01
-2.554487287998199463e-01 -2.488133311271667480e-01 4.697994887828826904e-01
-2.466611117124557495e-01 -2.403666377067565918e-01 4.476264715194702148e-01
-2.674488723278045654e-01 -2.292341291904449463e-01 4.693416357040405273e-01
-2.480748742818832397e-01 -2.438606917858123779e-01 4.440133571624755859e-01
-2.694067060947418213e-01 -2.378180474042892456e-01 4.695086479187011719e-01
-2.684284746646881104e-01 -2.383261770009994507e-01 4.657921493053436279e-01
-2.663982510566711426e-01 -2.641846835613250732e-01 4.623621106147766113e-01
-2.808839678764343262e-01 -2.508535683155059814e-01 4.559139013290405273e-01
-2.702011466026306152e-01 -2.525922954082489014e-01 4.579108953475952148e-01
-2.456950098276138306e-01 -2.411083430051803589e-01 4.479067027568817139e-01
-2.728845179080963135e-01 -2.587703764438629150e-01 4.566577672958374023e-01
-2.812809944152832031e-01 -2.501147091388702393e-01 4.589107930660247803e-01
-2.684487998485565186e-01 -2.626201510429382324e-01 4.604032039642333984e-01
-2.607801258563995361e-01 -2.482195496559143066e-01 4.680981338024139404e-01
-2.697629332542419434e-01 -2.575739324092864990e-01 4.518330991268157959e-01
-2.831786274909973145e-01 -2.454070597887039185e-01 4.571085274219512939e-01
-2.550045251846313477e-01 -2.508129775524139404e-01 4.764293134212493896e-01
-2.729188501834869385e-01 -2.459255307912826538e-01 4.537416398525238037e-01
-2.686193287372589111e-01 -2.655353546142578125e-01 4.583672881126403809e-01
-2.801247239112854004e-01 -2.511312961578369141e-01 4.529483318328857422e-01
-2.332519143819808960e-01 -2.605505287647247314e-01 4.598456025123596191e-01
-2.425390630960464478e-01 -2.418504506349563599e-01 4.423610568046569824e-01
-2.668279707431793213e-01 -2.414255589246749878e-01 4.624932706356048584e-01
-2.666222155094146729e-01 -2.570956349372863770e-01 4.619114696979522705e-01
-2.441966980695724487e-01 -2.429807633161544800e-01 4.434277415275573730e-01
-2.732559740543365479e-01 -2.341983467340469360e-01 4.684845209121704102e-01
-2.555112242698669434e-01 -2.515653073787689209e-01 4.774475097656250000e-01
-2.605578303337097168e-01 -2.444548308849334717e-01 4.599595367908477783e-01
-2.678975164890289307e-01 -2.380231469869613647e-01 4.622164070606231689e-01
-2.712433040142059326e-01 -2.437259554862976074e-01 4.501340687274932861e-01
-2.745330631732940674e-01 -2.291089445352554321e-01 4.645029306411743164e-01
-2.464142292737960815e-01 -2.377986609935760498e-01 4.445060193538665771e-01
-2.704902589321136475e-01 -2.622549533843994141e-01 4.533356130123138428e-01
-2.648272514343261719e-01 -2.509274780750274658e-01 4.618576467037200928e-01
-2.496583759784698486e-01 -2.410785853862762451e-01 4.459078609943389893e-01
-2.630067765712738037e-01 -2.379158586263656616e-01 4.654614925384521484e-01
-2.442974001169204712e-01 -2.423179447650909424e-01 4.441598057746887207e-01
-2.711895108222961426e-01 -2.569101452827453613e-01 4.559414684772491455e-01
-2.726904451847076416e-01 -2.559151351451873779e-01 4.559100270271301270e-01
-2.680829465389251709e-01 -2.595661580562591553e-01 4.391867518424987793e-01
-2.691545486450195312e-01 -2.306746989488601685e-01 4.686634242534637451e-01
-2.481095790863037109e-01 -2.371269315481185913e-01 4.429549574851989746e-01
-2.726587355136871338e-01 -2.503967285156250000e-01 4.575484097003936768e-01
-2.773972749710083008e-01 -2.584742605686187744e-01 4.538458883762359619e-01
-2.718268632888793945e-01 -2.300619632005691528e-01 4.653277695178985596e-01
-2.593779265880584717e-01 -2.453996241092681885e-01 4.593580663204193115e-01
-2.721349000930786133e-01 -2.692712843418121338e-01 4.456653296947479248e-01
-2.821121513843536377e-01 -2.460923492908477783e-01 4.564349353313446045e-01
-2.623557746410369873e-01 -2.508510947227478027e-01 4.592277705669403076e-01
-2.579593062400817871e-01 -2.489648908376693726e-01 4.576783180236816406e-01
-2.664011716842651367e-01 -2.425690740346908569e-01 4.614990651607513428e-01
-2.761909365653991699e-01 -2.491341829299926758e-01 4.603880643844604492e-01
-2.665549516677856445e-01 -2.404116988182067871e-01 4.686791598796844482e-01
-2.748865485191345215e-01 -2.333207577466964722e-01 4.650068879127502441e-01
-2.648251950740814209e-01 -2.371686249971389771e-01 4.658848345279693604e-01
-2.565382421016693115e-01 -2.571963071823120117e-01 4.142385423183441162e-01
-2.612166106700897217e-01 -2.489744424819946289e-01 4.591025412082672119e-01
-2.596789002418518066e-01 -2.498980909585952759e-01 4.610153734683990479e-01
-2.706986963748931885e-01 -2.673168182373046875e-01 4.560011923313140869e-01
-2.479795664548873901e-01 -2.380857765674591064e-01 4.456285238265991211e-01
-2.459173649549484253e-01 -2.442678809165954590e-01 4.458755850791931152e-01
-2.789355516433715820e-01 -2.528787851333618164e-01 4.530599117279052734e-01
-2.328441441059112549e-01 -2.395466566085815430e-01 4.424415230751037598e-01
-2.806335985660552979e-01 -2.527517080307006836e-01 4.526121318340301514e-01
-2.725576162338256836e-01 -2.463564425706863403e-01 4.517938792705535889e-01
-2.452553510665893555e-01 -2.384045869112014771e-01 4.441685378551483154e-01
-2.456608265638351440e-01 -2.438516467809677124e-01 4.456618130207061768e-01
-2.746611833572387695e-01 -2.560139596462249756e-01 4.612570703029632568e-01
-2.739807367324829102e-01 -2.617365419864654541e-01 4.586655497550964355e-01
-2.530050277709960938e-01 -2.657908201217651367e-01 4.535260498523712158e-01
-2.771348655223846436e-01 -2.556742429733276367e-01 4.559946060180664062e-01
-2.714895606040954590e-01 -2.530316412448883057e-01 4.697177708148956299e-01
-2.713585197925567627e-01 -2.578515708446502686e-01 4.549741446971893311e-01
-2.722205817699432373e-01 -2.451843768358230591e-01 4.501316845417022705e-01
-2.718229591846466064e-01 -2.671947479248046875e-01 4.558209478855133057e-01
-2.641181647777557373e-01 -2.378337681293487549e-01 4.661108255386352539e-01
-2.492575943470001221e-01 -2.433480918407440186e-01 4.426737129688262939e-01
-2.500827610492706299e-01 -2.414028048515319824e-01 4.446121156215667725e-01
-2.547409534454345703e-01 -2.552678287029266357e-01 4.170636534690856934e-01
-2.444561421871185303e-01 -2.398099005222320557e-01 4.457431137561798096e-01
