-3.481898605823516846e-01 -3.764897584915161133e-01 -2.246981710195541382e-01
-3.351052701473236084e-01 -3.236681520938873291e-01 -2.247813344001770020e-01
-3.348525464534759521e-01 -3.244702219963073730e-01 -2.248588204383850098e-01
-3.436146676540374756e-01 -3.029999732971191406e-01 -2.192163169384002686e-01
-2.817182540893554688e-01 -3.370564877986907959e-01 -2.333398610353469849e-01
-3.854140043258666992e-01 -3.906861245632171631e-01 -2.383695840835571289e-01
-3.053358793258666992e-01 -3.231353163719177246e-01 -2.325315624475479126e-01
-3.067051768302917480e-01 -3.770413994789123535e-01 -2.435386627912521362e-01
-3.049510121345520020e-01 -3.232440948486328125e-01 -2.243228107690811157e-01
-3.522957563400268555e-01 -3.337207138538360596e-01 -2.238294929265975952e-01
-2.886287569999694824e-01 -3.483074605464935303e-01 -2.345814406871795654e-01
-3.600458502769470215e-01 -2.990995049476623535e-01 -2.181291431188583374e-01
-3.336922228336334229e-01 -3.095440268516540527e-01 -2.231279164552688599e-01
-3.227207660675048828e-01 -3.067578971385955811e-01 -2.252019345760345459e-01
-2.804595530033111572e-01 -3.231656551361083984e-01 -2.344408482313156128e-01
-3.638891279697418213e-01 -3.735153675079345703e-01 -2.297908514738082886e-01
-3.574375510215759277e-01 -3.413655757904052734e-01 -2.247423380613327026e-01
-3.642529249191284180e-01 -3.609320521354675293e-01 -2.283297181129455566e-01
-3.810335099697113037e-01 -3.845570683479309082e-01 -2.362357527017593384e-01
-3.757483661174774170e-01 -3.721733689308166504e-01 -2.322527021169662476e-01
-3.726254701614379883e-01 -3.864603936672210693e-01 -2.336130738258361816e-01
-3.557600677013397217e-01 -3.610500395298004150e-01 -2.270423769950866699e-01
-3.569966554641723633e-01 -3.821639418601989746e-01 -2.276020646095275879e-01
-2.710404694080352783e-01 -3.794259428977966309e-01 -2.138222754001617432e-01
-3.554837703704833984e-01 -3.157147765159606934e-01 -2.170361727476119995e-01
-3.430826067924499512e-01 -3.010862171649932861e-01 -2.194973230361938477e-01
-2.904462516307830811e-01 -3.553612232208251953e-01 -2.351928353309631348e-01
-3.246451616287231445e-01 -3.388977944850921631e-01 -2.239965051412582397e-01
-3.366356194019317627e-01 -3.340189754962921143e-01 -2.248871028423309326e-01
-2.826713621616363525e-01 -3.239396214485168457e-01 -2.346568107604980469e-01
-3.441935777664184570e-01 -3.451704084873199463e-01 -2.250141203403472900e-01
-3.136495351791381836e-01 -3.469141125679016113e-01 -2.364294826984405518e-01
-3.843238055706024170e-01 -3.204546868801116943e-01 -2.178714871406555176e-01
-3.443090915679931641e-01 -3.307548463344573975e-01 -2.242781817913055420e-01
-3.293124735355377197e-01 -3.006126582622528076e-01 -2.196933329105377197e-01
-3.227616250514984131e-01 -2.965904474258422852e-01 -2.204276323318481445e-01
-3.444252610206604004e-01 -3.761792778968811035e-01 -2.233422845602035522e-01
-3.835211396217346191e-01 -3.749696314334869385e-01 -2.343453019857406616e-01
-3.902729451656341553e-01 -3.824837803840637207e-01 -2.374972701072692871e-01
-3.942665755748748779e-01 -3.814646601676940918e-01 -2.370911389589309692e-01
-3.910686671733856201e-01 -3.804822564125061035e-01 -2.369017153978347778e-01
-3.571581542491912842e-01 -3.092716634273529053e-01 -2.180232256650924683e-01
-3.553080260753631592e-01 -3.332934379577636719e-01 -2.233486473560333252e-01
-2.907193303108215332e-01 -3.605153262615203857e-01 -2.354855090379714966e-01
-3.378610014915466309e-01 -3.105895817279815674e-01 -2.173909395933151245e-01
-3.867954909801483154e-01 -3.435395658016204834e-01 -2.158156037330627441e-01
-3.566634654998779297e-01 -3.431611657142639160e-01 -2.250944674015045166e-01
-3.424659669399261475e-01 -3.102372586727142334e-01 -2.177584767341613770e-01
-3.469778001308441162e-01 -2.987285852432250977e-01 -2.194358557462692261e-01
-3.676892817020416260e-01 -3.917608261108398438e-01 -2.315511554479598999e-01
-3.458462059497833252e-01 -3.710175752639770508e-01 -2.243911772966384888e-01
-3.154687285423278809e-01 -3.755131363868713379e-01 -2.457929104566574097e-01
-4.066373705863952637e-01 -3.421366214752197266e-01 -2.213521897792816162e-01
-3.378733098506927490e-01 -3.086854219436645508e-01 -2.179362475872039795e-01
-2.935583293437957764e-01 -3.205209374427795410e-01 -2.345772236585617065e-01
-4.058221876621246338e-01 -3.395626842975616455e-01 -2.212132066488265991e-01
-3.846031427383422852e-01 -3.302595615386962891e-01 -2.174085378646850586e-01
-3.191875815391540527e-01 -3.519416153430938721e-01 -2.373432517051696777e-01
-3.592490255832672119e-01 -3.003556132316589355e-01 -2.182595878839492798e-01
-2.957506179809570312e-01 -3.690545260906219482e-01 -2.380000650882720947e-01
-3.172270357608795166e-01 -3.488447666168212891e-01 -2.366046458482742310e-01
-3.257079422473907471e-01 -3.510658144950866699e-01 -2.219580411911010742e-01
-4.019643366336822510e-01 -3.498339951038360596e-01 -2.190595120191574097e-01
-3.543954491615295410e-01 -3.786437511444091797e-01 -2.267345935106277466e-01
-3.735207915306091309e-01 -3.623853921890258789e-01 -2.296149432659149170e-01
-3.119085431098937988e-01 -3.070613145828247070e-01 -2.272356301546096802e-01
-3.677596747875213623e-01 -3.754142224788665771e-01 -2.310327738523483276e-01
-3.715866506099700928e-01 -3.098140656948089600e-01 -2.175842374563217163e-01
-2.690574228763580322e-01 -3.907625377178192139e-01 -2.145614326000213623e-01
-3.914769887924194336e-01 -3.847140669822692871e-01 -2.382479161024093628e-01
-3.785437643527984619e-01 -3.808129131793975830e-01 -2.348280549049377441e-01
-3.606013059616088867e-01 -3.168790638446807861e-01 -2.169549912214279175e-01
-3.007851541042327881e-01 -3.412285149097442627e-01 -2.358725368976593018e-01
-4.008687436580657959e-01 -3.477283716201782227e-01 -2.190398871898651123e-01
-3.269492983818054199e-01 -3.297580182552337646e-01 -2.252186685800552368e-01
-3.494586944580078125e-01 -3.226164877414703369e-01 -2.148550450801849365e-01
-4.013774096965789795e-01 -3.312414288520812988e-01 -2.202148139476776123e-01
-3.680530488491058350e-01 -3.535955548286437988e-01 -2.271675020456314087e-01
-3.056139945983886719e-01 -3.341617286205291748e-01 -2.344823181629180908e-01
-3.165280222892761230e-01 -3.330741822719573975e-01 -2.239930480718612671e-01
-3.709473013877868652e-01 -3.834806680679321289e-01 -2.327707111835479736e-01
-2.807342112064361572e-01 -3.344829678535461426e-01 -2.333771735429763794e-01
-3.071801066398620605e-01 -3.167342245578765869e-01 -2.262311726808547974e-01
-3.635743558406829834e-01 -3.201754093170166016e-01 -2.165664285421371460e-01
-3.205730020999908447e-01 -3.369031846523284912e-01 -2.238287925720214844e-01
-3.598813116550445557e-01 -3.023626208305358887e-01 -2.182412296533584595e-01
-3.083481490612030029e-01 -3.306263685226440430e-01 -2.231156527996063232e-01
-3.837685883045196533e-01 -3.908703029155731201e-01 -2.378562390804290771e-01
-3.855062723159790039e-01 -3.677474260330200195e-01 -2.319932281970977783e-01
-3.873986303806304932e-01 -3.588385581970214844e-01 -2.285033315420150757e-01
-2.863615751266479492e-01 -3.561550080776214600e-01 -2.337924391031265259e-01
-3.554672300815582275e-01 -3.754241764545440674e-01 -2.271956652402877808e-01
-3.717103898525238037e-01 -3.379411101341247559e-01 -2.136800885200500488e-01
-3.758553266525268555e-01 -3.256617486476898193e-01 -2.166641503572463989e-01
-2.947032153606414795e-01 -3.495646417140960693e-01 -2.360893040895462036e-01
-3.827371001243591309e-01 -3.095109462738037109e-01 -2.171468138694763184e-01
-3.082635700702667236e-01 -3.649932444095611572e-01 -2.412481755018234253e-01
-3.227131068706512451e-01 -3.823791146278381348e-01 -2.487486153841018677e-01
-3.816109001636505127e-01 -3.722995221614837646e-01 -2.332379519939422607e-01
-3.334686756134033203e-01 -3.275459408760070801e-01 -2.250884026288986206e-01
-3.815461099147796631e-01 -3.928576111793518066e-01 -2.371197044849395752e-01
-3.637117743492126465e-01 -3.001190125942230225e-01 -2.178052812814712524e-01
-3.261763751506805420e-01 -2.978837192058563232e-01 -2.202883064746856689e-01
-3.112587332725524902e-01 -3.307938873767852783e-01 -2.326584905385971069e-01
-2.923645079135894775e-01 -3.498113751411437988e-01 -2.355908602476119995e-01
-3.323523700237274170e-01 -3.365744352340698242e-01 -2.247927635908126831e-01
-3.347744345664978027e-01 -3.095102310180664062e-01 -2.174519747495651245e-01
-2.902050614356994629e-01 -3.122215569019317627e-01 -2.344977408647537231e-01
-2.636614739894866943e-01 -3.764549195766448975e-01 -2.159789651632308960e-01
-3.234474360942840576e-01 -3.380728363990783691e-01 -2.239946871995925903e-01
-3.609260916709899902e-01 -3.156166672706604004e-01 -2.171669006347656250e-01
-2.995874881744384766e-01 -3.053495287895202637e-01 -2.277882844209671021e-01
-3.393872082233428955e-01 -3.171224892139434814e-01 -2.232692390680313110e-01
-3.167118132114410400e-01 -3.197838366031646729e-01 -2.261700332164764404e-01
-3.663237094879150391e-01 -3.480311632156372070e-01 -2.257475703954696655e-01
-3.421378135681152344e-01 -3.651572465896606445e-01 -2.238278836011886597e-01
-3.594865798950195312e-01 -3.245142102241516113e-01 -2.153104543685913086e-01
-3.840159475803375244e-01 -3.882113099098205566e-01 -2.376686632633209229e-01
-3.794200420379638672e-01 -3.440025448799133301e-01 -2.138057947158813477e-01
-3.588304221630096436e-01 -3.863927125930786133e-01 -2.280708998441696167e-01
-3.671212196350097656e-01 -3.631382584571838379e-01 -2.289876788854598999e-01
-3.686155378818511963e-01 -3.556443452835083008e-01 -2.276640385389328003e-01
-2.788373231887817383e-01 -3.359961211681365967e-01 -2.326999455690383911e-01
-3.620979785919189453e-01 -3.348765969276428223e-01 -2.228249162435531616e-01
-3.742015957832336426e-01 -3.197024464607238770e-01 -2.172152549028396606e-01
-4.071356952190399170e-01 -3.439074754714965820e-01 -2.213887870311737061e-01
-3.289020061492919922e-01 -3.279413580894470215e-01 -2.253013551235198975e-01
-2.943334579467773438e-01 -3.421476781368255615e-01 -2.354933917522430420e-01
-4.027029871940612793e-01 -3.454962670803070068e-01 -2.199123501777648926e-01
-2.983827590942382812e-01 -3.719887435436248779e-01 -2.394156157970428467e-01
-3.128527104854583740e-01 -3.092327415943145752e-01 -2.271131873130798340e-01
-2.917734384536743164e-01 -3.240137398242950439e-01 -2.349350601434707642e-01
-3.840721249580383301e-01 -3.239320516586303711e-01 -2.177915424108505249e-01
-3.790324926376342773e-01 -3.610245883464813232e-01 -2.295310348272323608e-01
-3.151646852493286133e-01 -3.155479133129119873e-01 -2.265889942646026611e-01
-3.040559291839599609e-01 -3.214533627033233643e-01 -2.325701415538787842e-01
-3.515354394912719727e-01 -3.499455451965332031e-01 -2.257850319147109985e-01
-3.921135067939758301e-01 -3.471672832965850830e-01 -2.165506631135940552e-01
-3.629904389381408691e-01 -3.308292329311370850e-01 -2.141754031181335449e-01
-3.754915595054626465e-01 -3.703823089599609375e-01 -2.318264096975326538e-01
-2.866304218769073486e-01 -3.316650092601776123e-01 -2.346685379743576050e-01
-3.007347583770751953e-01 -3.465060293674468994e-01 -2.366170138120651245e-01
-3.365131914615631104e-01 -3.303608298301696777e-01 -2.249091863632202148e-01
-3.370635509490966797e-01 -3.478216230869293213e-01 -2.243684679269790649e-01
-3.648383319377899170e-01 -3.356612920761108398e-01 -2.130535691976547241e-01
-3.153944909572601318e-01 -3.523420393466949463e-01 -2.379400730133056641e-01
-3.066141307353973389e-01 -3.445572555065155029e-01 -2.363966703414916992e-01
-3.152025341987609863e-01 -3.615642189979553223e-01 -2.409926652908325195e-01
-3.366610407829284668e-01 -3.087846934795379639e-01 -2.178298681974411011e-01
-3.817045688629150391e-01 -3.712100684642791748e-01 -2.329031229019165039e-01
-4.009174108505249023e-01 -3.470064997673034668e-01 -2.191574871540069580e-01
-4.001959562301635742e-01 -3.369929492473602295e-01 -2.199088931083679199e-01
-3.199556469917297363e-01 -3.069578111171722412e-01 -2.258318215608596802e-01
-3.215734064579010010e-01 -3.324901759624481201e-01 -2.246564477682113647e-01
-3.650806546211242676e-01 -3.073706030845642090e-01 -2.178111821413040161e-01
-3.683642745018005371e-01 -3.583752810955047607e-01 -2.282389700412750244e-01
-2.857207953929901123e-01 -3.559156656265258789e-01 -2.335582077503204346e-01
-2.909234762191772461e-01 -3.300095498561859131e-01 -2.350160032510757446e-01
-3.458985090255737305e-01 -3.491598367691040039e-01 -2.252195626497268677e-01
-3.817723393440246582e-01 -3.104842305183410645e-01 -2.172717303037643433e-01
-2.709624469280242920e-01 -3.772797286510467529e-01 -2.138742804527282715e-01
-3.178702890872955322e-01 -3.453274667263031006e-01 -2.214860171079635620e-01
-3.328587114810943604e-01 -3.456226587295532227e-01 -2.240668982267379761e-01
-3.672073483467102051e-01 -3.738408088684082031e-01 -2.307176440954208374e-01
-3.896691203117370605e-01 -3.425484001636505127e-01 -2.167811691761016846e-01
-3.195942938327789307e-01 -3.252753615379333496e-01 -2.255675196647644043e-01
-3.458075225353240967e-01 -3.035137951374053955e-01 -2.190620601177215576e-01
-3.605322837829589844e-01 -3.522780537605285645e-01 -2.265219092369079590e-01
-3.769592344760894775e-01 -3.637282848358154297e-01 -2.302733212709426880e-01
-3.155329525470733643e-01 -3.415483832359313965e-01 -2.218925058841705322e-01
-3.136470317840576172e-01 -3.339257836341857910e-01 -2.233512550592422485e-01
-3.473546802997589111e-01 -2.981183826923370361e-01 -2.194321900606155396e-01
-3.619222044944763184e-01 -3.277122378349304199e-01 -2.148440480232238770e-01
-3.542789518833160400e-01 -3.210844695568084717e-01 -2.157497555017471313e-01
-3.207521736621856689e-01 -3.070562779903411865e-01 -2.256771326065063477e-01
-3.078340888023376465e-01 -3.300573229789733887e-01 -2.231515645980834961e-01
-3.373223841190338135e-01 -3.684896528720855713e-01 -2.219511568546295166e-01
-2.927316129207611084e-01 -3.391893208026885986e-01 -2.352861762046813965e-01
-3.425828814506530762e-01 -3.429019451141357422e-01 -2.249828130006790161e-01
-3.151657581329345703e-01 -3.611575663089752197e-01 -2.408570498228073120e-01
-3.291811347007751465e-01 -3.328405320644378662e-01 -2.250269204378128052e-01
-3.238666951656341553e-01 -3.051663339138031006e-01 -2.246440649032592773e-01
-3.515427410602569580e-01 -3.242840170860290527e-01 -2.145795822143554688e-01
-3.015322685241699219e-01 -3.176807463169097900e-01 -2.325619012117385864e-01
-4.039949774742126465e-01 -3.466888368129730225e-01 -2.201760560274124146e-01
-3.524242043495178223e-01 -3.420351445674896240e-01 -2.249635756015777588e-01
-3.633332252502441406e-01 -3.732345104217529297e-01 -2.296103388071060181e-01
-3.854980170726776123e-01 -3.169296681880950928e-01 -2.178478986024856567e-01
-3.977761566638946533e-01 -3.483822345733642578e-01 -2.179156988859176636e-01
-3.688816726207733154e-01 -3.141634166240692139e-01 -2.174813747406005859e-01
-3.481183648109436035e-01 -3.401609659194946289e-01 -2.248694151639938354e-01
-3.013021349906921387e-01 -3.086829483509063721e-01 -2.272650897502899170e-01
-2.958737313747406006e-01 -3.623432815074920654e-01 -2.374551445245742798e-01
-3.029637038707733154e-01 -3.299088776111602783e-01 -2.342182248830795288e-01
-3.373019397258758545e-01 -3.468838632106781006e-01 -2.244697511196136475e-01
-3.086435198783874512e-01 -3.289946913719177246e-01 -2.236104756593704224e-01
-3.918115794658660889e-01 -3.349247574806213379e-01 -2.182727009057998657e-01
-3.413579463958740234e-01 -2.985973954200744629e-01 -2.198706865310668945e-01
-2.986274361610412598e-01 -3.363261520862579346e-01 -2.353764474391937256e-01
-3.059501051902770996e-01 -3.106279671192169189e-01 -2.272608876228332520e-01
-3.210784196853637695e-01 -3.145889341831207275e-01 -2.261512428522109985e-01
-3.443917930126190186e-01 -3.386407792568206787e-01 -2.249025255441665649e-01
-3.838102817535400391e-01 -3.798107802867889404e-01 -2.358214408159255981e-01
-3.760074675083160400e-01 -3.413837254047393799e-01 -2.137408107519149780e-01
-3.533335626125335693e-01 -3.278324604034423828e-01 -2.225989401340484619e-01
-3.202628195285797119e-01 -3.405212759971618652e-01 -2.230702489614486694e-01
-2.877067327499389648e-01 -3.463996946811676025e-01 -2.342899590730667114e-01
-2.984576225280761719e-01 -3.720472455024719238e-01 -2.394534051418304443e-01
-3.809123933315277100e-01 -3.629284203052520752e-01 -2.302014082670211792e-01
-3.423129022121429443e-01 -3.186574578285217285e-01 -2.152743935585021973e-01
-4.055446088314056396e-01 -3.532934784889221191e-01 -2.196307033300399780e-01
-3.518617153167724609e-01 -3.259937167167663574e-01 -2.224673926830291748e-01
-3.462689220905303955e-01 -3.196726441383361816e-01 -2.222745418548583984e-01
-3.055982887744903564e-01 -3.505679070949554443e-01 -2.375805974006652832e-01
-3.193071484565734863e-01 -3.451805412769317627e-01 -2.218422144651412964e-01
-3.865374624729156494e-01 -3.238728642463684082e-01 -2.180422395467758179e-01
-2.811226546764373779e-01 -3.339146673679351807e-01 -2.335327714681625366e-01
-3.389410674571990967e-01 -3.031994104385375977e-01 -2.192674726247787476e-01
-2.779346108436584473e-01 -3.348357081413269043e-01 -2.325792014598846436e-01
-3.095845580101013184e-01 -3.368925154209136963e-01 -2.344057559967041016e-01
-3.235946297645568848e-01 -3.585304021835327148e-01 -2.392402291297912598e-01
-3.542163968086242676e-01 -3.047800660133361816e-01 -2.185149341821670532e-01
-2.852038741111755371e-01 -3.394178748130798340e-01 -2.340515553951263428e-01
-4.021362066268920898e-01 -3.524471223354339600e-01 -2.186327725648880005e-01
-3.580735027790069580e-01 -3.149447441101074219e-01 -2.172403484582901001e-01
-3.967040777206420898e-01 -3.495707213878631592e-01 -2.173376828432083130e-01
-2.646194398403167725e-01 -3.708986341953277588e-01 -2.158846110105514526e-01
-3.488752543926239014e-01 -3.531933724880218506e-01 -2.256882190704345703e-01
-3.449417352676391602e-01 -3.627076148986816406e-01 -2.247464656829833984e-01
-3.912953734397888184e-01 -3.489068746566772461e-01 -2.159249335527420044e-01
-3.258929252624511719e-01 -3.194187283515930176e-01 -2.256640940904617310e-01
-3.648303151130676270e-01 -3.135411739349365234e-01 -2.174273282289505005e-01
-3.972482979297637939e-01 -3.341050744056701660e-01 -2.194479852914810181e-01
-4.018856585025787354e-01 -3.500559628009796143e-01 -2.189963310956954956e-01
-4.048931896686553955e-01 -3.447426855564117432e-01 -2.206579595804214478e-01
-3.076478838920593262e-01 -3.775548636913299561e-01 -2.440039217472076416e-01
-3.466416597366333008e-01 -3.748244941234588623e-01 -2.243171632289886475e-01
-3.669607639312744141e-01 -3.918452560901641846e-01 -2.312203794717788696e-01
-3.796207904815673828e-01 -3.283613324165344238e-01 -2.169073969125747681e-01
-3.072961568832397461e-01 -3.302603065967559814e-01 -2.334815263748168945e-01
-3.621120452880859375e-01 -3.870456218719482422e-01 -2.293704152107238770e-01
-3.110162615776062012e-01 -3.740641176700592041e-01 -2.442902773618698120e-01
-3.491352498531341553e-01 -3.063291013240814209e-01 -2.185404151678085327e-01
-2.969107627868652344e-01 -3.127809464931488037e-01 -2.329729497432708740e-01
-2.829688191413879395e-01 -3.318305611610412598e-01 -2.341127544641494751e-01
-3.373192846775054932e-01 -3.170628547668457031e-01 -2.236726731061935425e-01
-3.835569322109222412e-01 -3.930914402008056641e-01 -2.378147393465042114e-01
-3.452509641647338867e-01 -2.984556555747985840e-01 -2.196019142866134644e-01
-3.705553114414215088e-01 -3.659397959709167480e-01 -2.301122546195983887e-01
-3.699600994586944580e-01 -3.770795762538909912e-01 -2.317884862422943115e-01
-3.679047524929046631e-01 -3.314100503921508789e-01 -2.146936953067779541e-01
-3.554482460021972656e-01 -3.140231072902679443e-01 -2.173493951559066772e-01
-3.215436637401580811e-01 -3.560200631618499756e-01 -2.385401874780654907e-01
-3.316268622875213623e-01 -3.111470937728881836e-01 -2.239332348108291626e-01
-3.822095692157745361e-01 -3.358617126941680908e-01 -2.162311226129531860e-01
-3.663957715034484863e-01 -3.318291008472442627e-01 -2.143803238868713379e-01
-3.376070559024810791e-01 -3.089621961116790771e-01 -2.178448885679244995e-01
-3.442091941833496094e-01 -3.208284676074981689e-01 -2.147830575704574585e-01
-3.613360226154327393e-01 -3.379846513271331787e-01 -2.237189412117004395e-01
-2.640451490879058838e-01 -3.627191483974456787e-01 -2.163353860378265381e-01
-3.554511666297912598e-01 -3.556058704853057861e-01 -2.264707684516906738e-01
-4.014691412448883057e-01 -3.516461253166198730e-01 -2.185603231191635132e-01
-2.632182538509368896e-01 -3.642127811908721924e-01 -2.164978086948394775e-01
-2.921151816844940186e-01 -3.656103909015655518e-01 -2.362554818391799927e-01
-3.405506908893585205e-01 -3.562790751457214355e-01 -2.242484092712402344e-01
-3.341344296932220459e-01 -3.611186742782592773e-01 -2.221471965312957764e-01
-3.219063282012939453e-01 -3.283334374427795410e-01 -2.252353727817535400e-01
-3.973177075386047363e-01 -3.342711925506591797e-01 -2.194543480873107910e-01
-3.042805492877960205e-01 -3.571206927299499512e-01 -2.387907207012176514e-01
-3.221233785152435303e-01 -3.429394066333770752e-01 -2.228886187076568604e-01
-3.107091784477233887e-01 -3.359473347663879395e-01 -2.222294360399246216e-01
-3.663698434829711914e-01 -3.124001920223236084e-01 -2.175368368625640869e-01
-3.061853051185607910e-01 -3.657635450363159180e-01 -2.409839779138565063e-01
-3.510746061801910400e-01 -3.307360410690307617e-01 -2.235074639320373535e-01
-3.845644295215606689e-01 -3.302680253982543945e-01 -2.174021452665328979e-01
-3.332526683807373047e-01 -3.654212951660156250e-01 -2.211811244487762451e-01
-2.917226850986480713e-01 -3.540248572826385498e-01 -2.355534285306930542e-01
-3.186601102352142334e-01 -3.417923450469970703e-01 -2.224995940923690796e-01
-3.368551731109619141e-01 -3.419222831726074219e-01 -2.247358262538909912e-01
-3.152458369731903076e-01 -3.748582303524017334e-01 -2.455349266529083252e-01
-3.040260970592498779e-01 -3.696539402008056641e-01 -2.411677688360214233e-01
-3.564639389514923096e-01 -3.447402119636535645e-01 -2.253521829843521118e-01
-3.818808495998382568e-01 -3.572453856468200684e-01 -2.281832545995712280e-01
-3.148192167282104492e-01 -3.741227090358734131e-01 -2.452097088098526001e-01
-3.277806341648101807e-01 -3.133175969123840332e-01 -2.250471264123916626e-01
-3.739489912986755371e-01 -3.075115382671356201e-01 -2.174369245767593384e-01
-3.605176806449890137e-01 -3.799639940261840820e-01 -2.289860844612121582e-01
-3.162875473499298096e-01 -3.521347939968109131e-01 -2.377873361110687256e-01
-3.146291375160217285e-01 -3.403229713439941406e-01 -2.344046235084533691e-01
-3.661985397338867188e-01 -3.275092244148254395e-01 -2.154036462306976318e-01
-3.443424999713897705e-01 -3.736928999423980713e-01 -2.236113846302032471e-01
-3.616285026073455811e-01 -3.427595198154449463e-01 -2.247869819402694702e-01
-2.707693278789520264e-01 -3.912056088447570801e-01 -2.140670865774154663e-01
-3.110233545303344727e-01 -3.357006907463073730e-01 -2.223663330078125000e-01
-2.903170883655548096e-01 -3.551416993141174316e-01 -2.351523041725158691e-01
-3.319404423236846924e-01 -2.986029088497161865e-01 -2.202422022819519043e-01
-2.922632992267608643e-01 -3.584493100643157959e-01 -2.359267026185989380e-01
-3.874914646148681641e-01 -3.692493140697479248e-01 -2.326310873031616211e-01
-2.890200316905975342e-01 -3.519315123558044434e-01 -2.347408384084701538e-01
-3.829976618289947510e-01 -3.366193771362304688e-01 -2.162368893623352051e-01
-3.513879477977752686e-01 -3.450550436973571777e-01 -2.253295630216598511e-01
-3.539097607135772705e-01 -3.520413041114807129e-01 -2.261106073856353760e-01
-2.995230853557586670e-01 -3.322135210037231445e-01 -2.349310964345932007e-01
-3.367346823215484619e-01 -3.411402702331542969e-01 -2.247622162103652954e-01
-2.991215884685516357e-01 -3.098342418670654297e-01 -2.266068011522293091e-01
-3.655247986316680908e-01 -3.604998886585235596e-01 -2.284034490585327148e-01
-3.452418446540832520e-01 -3.433689177036285400e-01 -2.250339388847351074e-01
-3.595127463340759277e-01 -3.140578269958496094e-01 -2.173931151628494263e-01
-2.663413584232330322e-01 -3.752681612968444824e-01 -2.153198421001434326e-01
-3.672830164432525635e-01 -3.267399370670318604e-01 -2.156880795955657959e-01
-3.750068247318267822e-01 -3.428784608840942383e-01 -2.235654890537261963e-01
-2.884095013141632080e-01 -3.362958729267120361e-01 -2.347379177808761597e-01
-3.595535755157470703e-01 -2.991941571235656738e-01 -2.181856036186218262e-01
-3.758005797863006592e-01 -3.426592350006103516e-01 -2.133414149284362793e-01
-3.260797262191772461e-01 -2.978042662143707275e-01 -2.203053534030914307e-01
-3.501660823822021484e-01 -3.525183796882629395e-01 -2.258094847202301025e-01
-3.352002203464508057e-01 -3.670522272586822510e-01 -2.215211689472198486e-01
-3.106158375740051270e-01 -3.342266380786895752e-01 -2.226676344871520996e-01
-3.150337636470794678e-01 -3.046996295452117920e-01 -2.265667617321014404e-01
-3.000859022140502930e-01 -3.344840407371520996e-01 -2.351387590169906616e-01
-3.413736820220947266e-01 -3.614288568496704102e-01 -2.240282744169235229e-01
-3.076298832893371582e-01 -3.264598250389099121e-01 -2.326207756996154785e-01
-3.121613860130310059e-01 -3.134366869926452637e-01 -2.269024848937988281e-01
-3.732749819755554199e-01 -3.227152824401855469e-01 -2.168416231870651245e-01
-2.859548926353454590e-01 -3.463602066040039062e-01 -2.338505089282989502e-01
-3.570964932441711426e-01 -3.847191035747528076e-01 -2.274815142154693604e-01
-2.939018309116363525e-01 -3.135154247283935547e-01 -2.338554263114929199e-01
-3.354817628860473633e-01 -2.988366484642028809e-01 -2.201241105794906616e-01
-3.559751510620117188e-01 -3.434666693210601807e-01 -2.251555472612380981e-01
-3.811635673046112061e-01 -3.491696417331695557e-01 -2.251341342926025391e-01
-2.878063619136810303e-01 -3.164781928062438965e-01 -2.350435703992843628e-01
-3.717445731163024902e-01 -3.257849216461181641e-01 -2.162760347127914429e-01
-3.292052447795867920e-01 -3.300263285636901855e-01 -2.252048701047897339e-01
-3.437027037143707275e-01 -3.073212206363677979e-01 -2.184508591890335083e-01
-3.026632666587829590e-01 -3.696191608905792236e-01 -2.407194375991821289e-01
-2.916572391986846924e-01 -3.265476524829864502e-01 -2.350019365549087524e-01
-3.593541085720062256e-01 -3.141632676124572754e-01 -2.173766344785690308e-01
-3.503725826740264893e-01 -3.722358047962188721e-01 -2.257833480834960938e-01
-2.921623587608337402e-01 -3.614737391471862793e-01 -2.360843122005462646e-01
-2.790922820568084717e-01 -3.351189494132995605e-01 -2.328789234161376953e-01
-3.532713055610656738e-01 -3.207469880580902100e-01 -2.157574146986007690e-01
-2.980218827724456787e-01 -3.460615575313568115e-01 -2.363081127405166626e-01
-2.894877791404724121e-01 -3.302140831947326660e-01 -2.349615097045898438e-01
-3.451901078224182129e-01 -3.160686790943145752e-01 -2.217540293931961060e-01
-3.129192590713500977e-01 -3.380630016326904297e-01 -2.221649289131164551e-01
-3.416374623775482178e-01 -3.144414424896240234e-01 -2.222370356321334839e-01
-3.016182184219360352e-01 -3.103967010974884033e-01 -2.269203811883926392e-01
-2.867879271507263184e-01 -3.179449737071990967e-01 -2.351097464561462402e-01
-3.339733481407165527e-01 -2.966591417789459229e-01 -2.205423265695571899e-01
-3.032265901565551758e-01 -3.361685872077941895e-01 -2.350738942623138428e-01
-3.787827491760253906e-01 -3.407080471515655518e-01 -2.145249992609024048e-01
-3.408946990966796875e-01 -3.212567269802093506e-01 -2.236434221267700195e-01
-3.537360131740570068e-01 -3.302254080772399902e-01 -2.230159044265747070e-01
-3.378381729125976562e-01 -3.498598039150238037e-01 -2.242712676525115967e-01
-3.037051260471343994e-01 -3.148293495178222656e-01 -2.262068390846252441e-01
-3.461931347846984863e-01 -3.003105819225311279e-01 -2.193950712680816650e-01
-3.153871297836303711e-01 -3.328298330307006836e-01 -2.238880693912506104e-01
-3.102086186408996582e-01 -3.641591668128967285e-01 -2.413601279258728027e-01
-2.946831285953521729e-01 -3.163430392742156982e-01 -2.340125590562820435e-01
-3.498682975769042969e-01 -3.734026253223419189e-01 -2.255477607250213623e-01
-3.806536197662353516e-01 -3.357426226139068604e-01 -2.159729450941085815e-01
-3.357849121093750000e-01 -3.091152012348175049e-01 -2.176650315523147583e-01
-3.140640854835510254e-01 -3.210920989513397217e-01 -2.259443253278732300e-01
-3.692963123321533203e-01 -3.187081813812255859e-01 -2.171147763729095459e-01
-3.624451756477355957e-01 -3.848583996295928955e-01 -2.296075969934463501e-01
-3.144220113754272461e-01 -3.570820987224578857e-01 -2.394665330648422241e-01
-2.977912127971649170e-01 -3.564325571060180664e-01 -2.373818606138229370e-01
-3.523555994033813477e-01 -3.577989935874938965e-01 -2.262155860662460327e-01
-3.400780558586120605e-01 -3.204726874828338623e-01 -2.236780971288681030e-01
-2.692709565162658691e-01 -3.778689801692962646e-01 -2.144088298082351685e-01
-3.460363447666168213e-01 -3.719863891601562500e-01 -2.243746221065521240e-01
-3.533715605735778809e-01 -3.255697190761566162e-01 -2.220942974090576172e-01
-2.822946608066558838e-01 -3.496866822242736816e-01 -2.324758470058441162e-01
-3.662520051002502441e-01 -3.316741585731506348e-01 -2.144012898206710815e-01
-3.927704095840454102e-01 -3.513607978820800781e-01 -2.157647907733917236e-01
-3.234539926052093506e-01 -3.175814151763916016e-01 -2.259144783020019531e-01
-2.944861650466918945e-01 -3.511094152927398682e-01 -2.361309081315994263e-01
-2.791870534420013428e-01 -3.392167389392852783e-01 -2.324133217334747314e-01
-2.815469205379486084e-01 -3.345199227333068848e-01 -2.335692495107650757e-01
-2.910007536411285400e-01 -3.401129245758056641e-01 -2.350871562957763672e-01
-3.171191215515136719e-01 -3.023950755596160889e-01 -2.257411777973175049e-01
-3.796929717063903809e-01 -3.385706543922424316e-01 -2.152146100997924805e-01
-3.561999797821044922e-01 -3.263023197650909424e-01 -2.217139303684234619e-01
-3.386393785476684570e-01 -3.558829128742218018e-01 -2.238658517599105835e-01
-3.744519650936126709e-01 -3.056799769401550293e-01 -2.172870039939880371e-01
-3.564783930778503418e-01 -3.242214322090148926e-01 -2.211395204067230225e-01
-2.883536517620086670e-01 -3.411366343498229980e-01 -2.346391230821609497e-01
-3.736637532711029053e-01 -3.943457007408142090e-01 -2.340562194585800171e-01
-3.587231338024139404e-01 -3.000651299953460693e-01 -2.182990312576293945e-01
-2.980638444423675537e-01 -3.225261569023132324e-01 -2.340822517871856689e-01
-3.167971372604370117e-01 -3.427799344062805176e-01 -2.218755185604095459e-01
-3.729161620140075684e-01 -3.438915312290191650e-01 -2.241348177194595337e-01
-3.497180640697479248e-01 -3.680187165737152100e-01 -2.257629930973052979e-01
-3.281303048133850098e-01 -3.142870962619781494e-01 -2.250844985246658325e-01
-3.757330775260925293e-01 -3.380792737007141113e-01 -2.145139276981353760e-01
-3.762768208980560303e-01 -3.355444371700286865e-01 -2.151838839054107666e-01
-3.634831309318542480e-01 -3.559574484825134277e-01 -2.274333536624908447e-01
-3.882879018783569336e-01 -3.738745152950286865e-01 -2.344254404306411743e-01
-3.743012845516204834e-01 -3.284785449504852295e-01 -2.160827666521072388e-01
-3.750684559345245361e-01 -3.805724084377288818e-01 -2.337877154350280762e-01
-3.000751137733459473e-01 -3.500555753707885742e-01 -2.369703501462936401e-01
-3.803039789199829102e-01 -3.906418979167938232e-01 -2.366988360881805420e-01
-2.989230453968048096e-01 -3.542628884315490723e-01 -2.373431175947189331e-01
-3.777755498886108398e-01 -3.269799053668975830e-01 -2.167944610118865967e-01
-3.553358614444732666e-01 -3.189461231231689453e-01 -2.163482904434204102e-01
-3.569604754447937012e-01 -3.242330253124237061e-01 -2.151377797126770020e-01
-3.388591408729553223e-01 -3.663938045501708984e-01 -2.227599173784255981e-01
-3.221628963947296143e-01 -3.241398036479949951e-01 -2.256944477558135986e-01
-3.777157068252563477e-01 -3.324148356914520264e-01 -2.160417437553405762e-01
-3.185696005821228027e-01 -3.585704863071441650e-01 -2.398469895124435425e-01
-3.928666412830352783e-01 -3.501591980457305908e-01 -2.160859555006027222e-01
-3.873866498470306396e-01 -3.233275711536407471e-01 -2.181263566017150879e-01
-3.138593435287475586e-01 -3.339085578918457031e-01 -2.233932018280029297e-01
-3.295573890209197998e-01 -3.022710680961608887e-01 -2.192344069480895996e-01
-3.486072123050689697e-01 -3.763663768768310547e-01 -2.248603254556655884e-01
-3.768782317638397217e-01 -3.683771193027496338e-01 -2.315316647291183472e-01
-3.682038187980651855e-01 -3.558561503887176514e-01 -2.276941686868667603e-01
-3.005182743072509766e-01 -3.599424362182617188e-01 -2.385160624980926514e-01
-2.861262857913970947e-01 -3.521406054496765137e-01 -2.338046133518218994e-01
-2.893055677413940430e-01 -3.626433908939361572e-01 -2.349925190210342407e-01
-3.201824128627777100e-01 -3.575989007949829102e-01 -2.393320798873901367e-01
-3.282528817653656006e-01 -3.537410795688629150e-01 -2.220265865325927734e-01
-3.285343050956726074e-01 -3.310528099536895752e-01 -2.251434475183486938e-01
-3.578137159347534180e-01 -3.646037876605987549e-01 -2.276927232742309570e-01
-3.679220080375671387e-01 -3.577095568180084229e-01 -2.280776798725128174e-01
-3.853994011878967285e-01 -3.554962873458862305e-01 -2.273038029670715332e-01
-3.886439800262451172e-01 -3.461048603057861328e-01 -2.157937884330749512e-01
-3.062364161014556885e-01 -3.525742292404174805e-01 -2.380814552307128906e-01
-3.934724330902099609e-01 -3.863981664180755615e-01 -2.387870848178863525e-01
-3.805357813835144043e-01 -3.646728992462158203e-01 -2.307553142309188843e-01
-3.602869212627410889e-01 -3.433458209037780762e-01 -2.249872833490371704e-01
-3.208264112472534180e-01 -2.958574593067169189e-01 -2.204641848802566528e-01
-3.209968805313110352e-01 -3.683010637760162354e-01 -2.434856444597244263e-01
-3.099515140056610107e-01 -2.992714643478393555e-01 -2.268651723861694336e-01
-3.861845433712005615e-01 -3.626551628112792969e-01 -2.300588190555572510e-01
-3.446933329105377197e-01 -3.209580481052398682e-01 -2.228570580482482910e-01
-3.546804189682006836e-01 -3.277094066143035889e-01 -2.223307341337203979e-01
-3.602289557456970215e-01 -3.199424445629119873e-01 -2.163710296154022217e-01
-3.674189448356628418e-01 -3.804572522640228271e-01 -2.313192039728164673e-01
-3.158947527408599854e-01 -3.850799202919006348e-01 -2.481972873210906982e-01
-3.634414374828338623e-01 -3.535023033618927002e-01 -2.269586622714996338e-01
-3.412247598171234131e-01 -3.061299324035644531e-01 -2.186788618564605713e-01
-3.900833427906036377e-01 -3.357262611389160156e-01 -2.178150713443756104e-01
-3.845084905624389648e-01 -3.348680138587951660e-01 -2.167947143316268921e-01
-2.915803790092468262e-01 -3.119515776634216309e-01 -2.341897487640380859e-01
-3.584329485893249512e-01 -3.250806927680969238e-01 -2.150454223155975342e-01
-3.646188676357269287e-01 -3.251532912254333496e-01 -2.157414555549621582e-01
-4.028380513191223145e-01 -3.527333140373229980e-01 -2.188166230916976929e-01
-3.195388615131378174e-01 -3.579989969730377197e-01 -2.395505011081695557e-01
-3.525381088256835938e-01 -3.230099976062774658e-01 -2.216538190841674805e-01
-3.173252046108245850e-01 -3.491621017456054688e-01 -2.366954535245895386e-01
-3.152347803115844727e-01 -3.644458651542663574e-01 -2.419375926256179810e-01
-3.922717571258544922e-01 -3.832007050514221191e-01 -2.377781569957733154e-01
-3.728192448616027832e-01 -3.734014332294464111e-01 -2.319487184286117554e-01
-2.901452183723449707e-01 -3.160745799541473389e-01 -2.347769737243652344e-01
-3.322453200817108154e-01 -3.423159420490264893e-01 -2.243041545152664185e-01
-3.864047527313232422e-01 -3.155721724033355713e-01 -2.178057283163070679e-01
-3.116198182106018066e-01 -2.998638451099395752e-01 -2.265808433294296265e-01
-3.934963643550872803e-01 -3.882500231266021729e-01 -2.393944114446640015e-01
-3.107210695743560791e-01 -3.256317377090454102e-01 -2.247824370861053467e-01
-4.011877179145812988e-01 -3.302516341209411621e-01 -2.201579511165618896e-01
-3.611752986907958984e-01 -3.036186397075653076e-01 -2.181423157453536987e-01
-3.885602355003356934e-01 -3.915728032588958740e-01 -2.394240945577621460e-01
-4.088405370712280273e-01 -3.543896973133087158e-01 -2.205413579940795898e-01
-3.687003254890441895e-01 -3.539500534534454346e-01 -2.272668927907943726e-01
-3.261134922504425049e-01 -3.428082168102264404e-01 -2.235147655010223389e-01
-3.197883963584899902e-01 -3.446689844131469727e-01 -2.220690101385116577e-01
-3.763677775859832764e-01 -3.793523609638214111e-01 -2.339459508657455444e-01
-3.583517074584960938e-01 -3.864592015743255615e-01 -2.278639525175094604e-01
-2.925395667552947998e-01 -3.136661052703857422e-01 -2.341743558645248413e-01
-3.847530484199523926e-01 -3.598404526710510254e-01 -2.290525585412979126e-01
-3.348700106143951416e-01 -3.494980335235595703e-01 -2.239154130220413208e-01
-3.423164486885070801e-01 -3.265718221664428711e-01 -2.240632921457290649e-01
-3.794253766536712646e-01 -3.350091576576232910e-01 -2.158837914466857910e-01
-3.661687672138214111e-01 -3.624185323715209961e-01 -2.287711352109909058e-01
-3.806342780590057373e-01 -3.285800814628601074e-01 -2.170272618532180786e-01
-3.839033842086791992e-01 -3.362404108047485352e-01 -2.164675444364547729e-01
-3.215713500976562500e-01 -3.325974941253662109e-01 -2.246413677930831909e-01
-3.436301350593566895e-01 -3.357739448547363281e-01 -2.247695326805114746e-01
-3.112910091876983643e-01 -3.310447931289672852e-01 -2.236210554838180542e-01
-3.853727877140045166e-01 -3.767560720443725586e-01 -2.351633012294769287e-01
-3.750939071178436279e-01 -3.678328394889831543e-01 -2.311818003654479980e-01
-3.062434792518615723e-01 -3.392181694507598877e-01 -2.353452891111373901e-01
-3.191589713096618652e-01 -3.674213290214538574e-01 -2.431456744670867920e-01
-3.053592145442962646e-01 -3.795543015003204346e-01 -2.433869689702987671e-01
-3.859095871448516846e-01 -3.174298703670501709e-01 -2.178984433412551880e-01
-3.125497698783874512e-01 -3.131552934646606445e-01 -2.269145250320434570e-01
-2.982991337776184082e-01 -3.241339921951293945e-01 -2.342173755168914795e-01
-3.117577433586120605e-01 -3.299968540668487549e-01 -2.239544838666915894e-01
-3.897027671337127686e-01 -3.474243283271789551e-01 -2.158069461584091187e-01
-3.307069242000579834e-01 -3.562703728675842285e-01 -2.221025526523590088e-01
-3.472138345241546631e-01 -3.213834762573242188e-01 -2.149795591831207275e-01
-3.701385557651519775e-01 -3.558413982391357422e-01 -2.277477681636810303e-01
-2.679688632488250732e-01 -3.858491182327270508e-01 -2.147470414638519287e-01
-2.998964786529541016e-01 -3.478557467460632324e-01 -2.367101013660430908e-01
-3.412480354309082031e-01 -3.505846858024597168e-01 -2.245994955301284790e-01
-3.144788444042205811e-01 -3.722648918628692627e-01 -2.445247769355773926e-01
-3.395388126373291016e-01 -3.405942320823669434e-01 -2.249092608690261841e-01
-2.995376586914062500e-01 -3.383997976779937744e-01 -2.355240881443023682e-01
-3.726509213447570801e-01 -3.241172432899475098e-01 -2.166083306074142456e-01
-2.937805354595184326e-01 -3.330999314785003662e-01 -2.351454347372055054e-01
-3.038135766983032227e-01 -3.677454888820648193e-01 -2.407583892345428467e-01
-3.454248905181884766e-01 -3.580686151981353760e-01 -2.251179665327072144e-01
-3.477688133716583252e-01 -3.178325295448303223e-01 -2.215334773063659668e-01
-3.445902764797210693e-01 -3.141575753688812256e-01 -2.168366163969039917e-01
-3.476530313491821289e-01 -2.951984107494354248e-01 -2.194329798221588135e-01
-3.698278963565826416e-01 -3.390516936779022217e-01 -2.229256629943847656e-01
-3.908791542053222656e-01 -3.772705495357513428e-01 -2.358190268278121948e-01
-3.276366293430328369e-01 -3.504763245582580566e-01 -2.224927693605422974e-01
-3.008325397968292236e-01 -3.324674665927886963e-01 -2.348476499319076538e-01
-3.815252780914306641e-01 -3.315294086933135986e-01 -2.167994827032089233e-01
-2.961043119430541992e-01 -3.249695897102355957e-01 -2.346063852310180664e-01
-3.328391909599304199e-01 -3.512044847011566162e-01 -2.233763188123703003e-01
-3.577740788459777832e-01 -3.298058211803436279e-01 -2.222273498773574829e-01
-2.634597718715667725e-01 -3.730769753456115723e-01 -2.161198109388351440e-01
-3.791387677192687988e-01 -3.237916529178619385e-01 -2.172500640153884888e-01
-4.060443341732025146e-01 -3.431202769279479980e-01 -2.211240231990814209e-01
-3.460569083690643311e-01 -3.341880440711975098e-01 -2.245031744241714478e-01
-4.031752049922943115e-01 -3.385934233665466309e-01 -2.205227613449096680e-01
-2.935292422771453857e-01 -3.610946536064147949e-01 -2.365588992834091187e-01
-3.986502885818481445e-01 -3.288680016994476318e-01 -2.197055816650390625e-01
-3.491541445255279541e-01 -3.711937367916107178e-01 -2.254581600427627563e-01
-3.711571693420410156e-01 -3.135572671890258789e-01 -2.175393998622894287e-01
-3.118551671504974365e-01 -3.491852581501007080e-01 -2.372592240571975708e-01
-3.607013225555419922e-01 -3.753632605075836182e-01 -2.289529144763946533e-01
-3.040066361427307129e-01 -3.686527907848358154e-01 -2.409833520650863647e-01
-3.551956415176391602e-01 -3.276980221271514893e-01 -2.222340106964111328e-01
-3.215530216693878174e-01 -3.678941428661346436e-01 -2.432938367128372192e-01
-3.243970274925231934e-01 -3.783800303936004639e-01 -2.471366673707962036e-01
-3.607493638992309570e-01 -3.572673797607421875e-01 -2.273799031972885132e-01
-3.635143935680389404e-01 -3.204642534255981445e-01 -2.165126353502273560e-01
-3.869241178035736084e-01 -3.753980100154876709e-01 -2.348796278238296509e-01
-3.766942918300628662e-01 -3.733223676681518555e-01 -2.326636016368865967e-01
-3.708519935607910156e-01 -3.800883591175079346e-01 -2.323739528656005859e-01
-3.223476409912109375e-01 -3.056273162364959717e-01 -2.250967174768447876e-01
-3.854345679283142090e-01 -3.931080996990203857e-01 -2.384698390960693359e-01
-3.162733018398284912e-01 -3.702271580696105957e-01 -2.440624088048934937e-01
-2.800959050655364990e-01 -3.357104063034057617e-01 -2.330798804759979248e-01
-3.404536843299865723e-01 -3.393723666667938232e-01 -2.249354422092437744e-01
-3.267765045166015625e-01 -2.963194549083709717e-01 -2.207258343696594238e-01
-3.423109352588653564e-01 -3.578044176101684570e-01 -2.245196551084518433e-01
-2.787874937057495117e-01 -3.363890349864959717e-01 -2.326358705759048462e-01
-3.383684456348419189e-01 -3.210285604000091553e-01 -2.240539342164993286e-01
-3.210400044918060303e-01 -3.441555500030517578e-01 -2.224322557449340820e-01
-3.558934032917022705e-01 -3.832599818706512451e-01 -2.270884513854980469e-01
-3.183319270610809326e-01 -3.406956195831298828e-01 -2.226810604333877563e-01
-2.962060868740081787e-01 -3.647474944591522217e-01 -2.377538233995437622e-01
-3.426435589790344238e-01 -3.581638336181640625e-01 -2.245666980743408203e-01
-3.727211058139801025e-01 -3.795190751552581787e-01 -2.328958362340927124e-01
-3.638524711132049561e-01 -3.540847897529602051e-01 -2.271012216806411743e-01
-3.573579490184783936e-01 -3.815380334854125977e-01 -2.277677655220031738e-01
-3.468612730503082275e-01 -3.617777228355407715e-01 -2.252190560102462769e-01
-3.908499479293823242e-01 -3.383072614669799805e-01 -2.177103012800216675e-01
-2.934071719646453857e-01 -3.367088139057159424e-01 -2.352832406759262085e-01
-3.477975726127624512e-01 -3.211330473423004150e-01 -2.151219695806503296e-01
-3.361576795578002930e-01 -3.130899071693420410e-01 -2.164316475391387939e-01
-3.785627484321594238e-01 -3.639362454414367676e-01 -2.304341495037078857e-01
-3.800209760665893555e-01 -3.324864208698272705e-01 -2.164153754711151123e-01
-3.712627291679382324e-01 -3.697472214698791504e-01 -2.309959381818771362e-01
-3.660156726837158203e-01 -3.740223944187164307e-01 -2.304259091615676880e-01
-3.568747043609619141e-01 -3.629248440265655518e-01 -2.273950576782226562e-01
-2.882359623908996582e-01 -3.557528555393218994e-01 -2.344747483730316162e-01
-4.082593619823455811e-01 -3.495184183120727539e-01 -2.211587131023406982e-01
-3.221047520637512207e-01 -3.697507679462432861e-01 -2.440432906150817871e-01
-3.543226122856140137e-01 -3.484216034412384033e-01 -2.258033305406570435e-01
-2.934614121913909912e-01 -3.476592600345611572e-01 -2.357220649719238281e-01
-3.350689113140106201e-01 -3.634079396724700928e-01 -2.220805585384368896e-01
-3.848860859870910645e-01 -3.625127077102661133e-01 -2.300460338592529297e-01
-3.920855820178985596e-01 -3.750213980674743652e-01 -2.349586039781570435e-01
-2.781231701374053955e-01 -3.309541940689086914e-01 -2.331044524908065796e-01
-3.334349393844604492e-01 -3.482114076614379883e-01 -2.238580286502838135e-01
-3.361311852931976318e-01 -3.596436083316802979e-01 -2.228917926549911499e-01
-2.869652211666107178e-01 -3.149772882461547852e-01 -2.350918501615524292e-01
-2.958564162254333496e-01 -3.200402855873107910e-01 -2.341921180486679077e-01
-3.773713707923889160e-01 -3.531182706356048584e-01 -2.268253862857818604e-01
-3.375082015991210938e-01 -3.464609086513519287e-01 -2.245259284973144531e-01
-3.724597990512847900e-01 -3.356657624244689941e-01 -2.143914550542831421e-01
-3.178938329219818115e-01 -3.119511902332305908e-01 -2.265014499425888062e-01
-3.276672959327697754e-01 -3.525289595127105713e-01 -2.221242487430572510e-01
-3.418605625629425049e-01 -3.201498389244079590e-01 -2.232898026704788208e-01
-3.717347383499145508e-01 -3.552791476249694824e-01 -2.276273220777511597e-01
-3.698922395706176758e-01 -3.142405748367309570e-01 -2.174924314022064209e-01
-3.562852144241333008e-01 -3.227144777774810791e-01 -2.154826521873474121e-01
-3.076897561550140381e-01 -3.286020159721374512e-01 -2.330593615770339966e-01
-4.028036296367645264e-01 -3.485251367092132568e-01 -2.195484638214111328e-01
-3.577827513217926025e-01 -3.238251209259033203e-01 -2.153111696243286133e-01
-2.847948074340820312e-01 -3.301462829113006592e-01 -2.345293611288070679e-01
-3.297766745090484619e-01 -3.390819132328033447e-01 -2.244273573160171509e-01
-2.929524481296539307e-01 -3.324230313301086426e-01 -2.350865006446838379e-01
-3.614288568496704102e-01 -3.351241946220397949e-01 -2.229760438203811646e-01
-3.431167006492614746e-01 -3.066047430038452148e-01 -2.185955792665481567e-01
-3.348059952259063721e-01 -3.331788778305053711e-01 -2.249670624732971191e-01
-3.749073743820190430e-01 -3.464686572551727295e-01 -2.248311191797256470e-01
-3.095000088214874268e-01 -3.204154372215270996e-01 -2.257192283868789673e-01
-3.615575432777404785e-01 -3.269098997116088867e-01 -2.149913311004638672e-01
-3.222776055335998535e-01 -3.213784396648406982e-01 -2.258943468332290649e-01
-3.312420845031738281e-01 -3.130535781383514404e-01 -2.243250608444213867e-01
-4.040879309177398682e-01 -3.484074771404266357e-01 -2.199773788452148438e-01
-3.112929761409759521e-01 -3.232440054416656494e-01 -2.253504991531372070e-01
-3.422679007053375244e-01 -3.004871010780334473e-01 -2.196099609136581421e-01
-3.129262626171112061e-01 -3.402174115180969238e-01 -2.347007989883422852e-01
-3.937962651252746582e-01 -3.392368555068969727e-01 -2.183003872632980347e-01
-2.967446744441986084e-01 -3.268982768058776855e-01 -2.346693873405456543e-01
-3.268922567367553711e-01 -3.172112405300140381e-01 -2.254891246557235718e-01
-3.848538398742675781e-01 -3.746579885482788086e-01 -2.344136834144592285e-01
-3.103116154670715332e-01 -3.543423414230346680e-01 -2.386878281831741333e-01
-3.995084166526794434e-01 -3.390606045722961426e-01 -2.196262776851654053e-01
-3.015691936016082764e-01 -3.412003517150878906e-01 -2.358855456113815308e-01
-2.985991239547729492e-01 -3.248016536235809326e-01 -2.342376112937927246e-01
-3.442659080028533936e-01 -3.374465703964233398e-01 -2.248490601778030396e-01
-3.184234201908111572e-01 -3.521543443202972412e-01 -2.375276684761047363e-01
-3.802702128887176514e-01 -3.822639584541320801e-01 -2.355854064226150513e-01
-3.081142604351043701e-01 -3.737336397171020508e-01 -2.433251738548278809e-01
-3.535448908805847168e-01 -3.083985745906829834e-01 -2.181819081306457520e-01
-2.892411053180694580e-01 -3.397383391857147217e-01 -2.348260432481765747e-01
-3.403499126434326172e-01 -3.056207001209259033e-01 -2.187779247760772705e-01
-3.870060741901397705e-01 -3.728864192962646484e-01 -2.339873611927032471e-01
-2.982898354530334473e-01 -3.358250558376312256e-01 -2.353429049253463745e-01
-3.284346461296081543e-01 -3.161836862564086914e-01 -2.251958101987838745e-01
-3.007786571979522705e-01 -3.484825193881988525e-01 -2.368650287389755249e-01
-3.168794810771942139e-01 -3.591265976428985596e-01 -2.401385605335235596e-01
-3.449391126632690430e-01 -3.046110868453979492e-01 -2.189304679632186890e-01
-3.444650173187255859e-01 -2.994607090950012207e-01 -2.195877581834793091e-01
-3.811888098716735840e-01 -3.888326883316040039e-01 -2.368840426206588745e-01
-3.123151361942291260e-01 -3.533103466033935547e-01 -2.384042590856552124e-01
-3.731602132320404053e-01 -3.181234598159790039e-01 -2.173094302415847778e-01
-4.004091024398803711e-01 -3.380826413631439209e-01 -2.198872864246368408e-01
-3.522807359695434570e-01 -3.134869039058685303e-01 -2.173630595207214355e-01
-3.270513415336608887e-01 -3.378434777259826660e-01 -2.243866622447967529e-01
-3.709340691566467285e-01 -3.108193278312683105e-01 -2.175959646701812744e-01
-3.329730629920959473e-01 -3.193106651306152344e-01 -2.247016429901123047e-01
-3.325566351413726807e-01 -3.150113523006439209e-01 -2.243256419897079468e-01
-3.442046344280242920e-01 -3.621253371238708496e-01 -2.246265411376953125e-01
-3.193365335464477539e-01 -3.085558414459228516e-01 -2.261231392621994019e-01
-3.474763035774230957e-01 -3.624984920024871826e-01 -2.253027260303497314e-01
-3.689770996570587158e-01 -3.474670946598052979e-01 -2.255287617444992065e-01
-3.147638738155364990e-01 -3.178239464759826660e-01 -2.263763397932052612e-01
-3.149762153625488281e-01 -3.296839892864227295e-01 -2.244983911514282227e-01
-3.143939077854156494e-01 -3.472087979316711426e-01 -2.364432513713836670e-01
-3.322640657424926758e-01 -3.283387720584869385e-01 -2.251630425453186035e-01
-3.213843703269958496e-01 -3.442490696907043457e-01 -2.224781364202499390e-01
-3.820214569568634033e-01 -3.289593160152435303e-01 -2.171827703714370728e-01
-2.645899355411529541e-01 -3.729625046253204346e-01 -2.158422470092773438e-01
-2.959417998790740967e-01 -3.451581001281738281e-01 -2.359526604413986206e-01
-3.180875778198242188e-01 -3.180352747440338135e-01 -2.262909561395645142e-01
-3.699578046798706055e-01 -3.345957100391387939e-01 -2.141427695751190186e-01
-3.928293585777282715e-01 -3.829074501991271973e-01 -2.376704365015029907e-01
-3.237044811248779297e-01 -3.696623444557189941e-01 -2.438852488994598389e-01
-3.755398094654083252e-01 -3.814297020435333252e-01 -2.340670973062515259e-01
-3.188763856887817383e-01 -3.216509819030761719e-01 -2.259728610515594482e-01
-3.888386487960815430e-01 -3.467016816139221191e-01 -2.157186418771743774e-01
-3.765422701835632324e-01 -3.479695618152618408e-01 -2.251933217048645020e-01
-3.837370276451110840e-01 -3.605974912643432617e-01 -2.293719053268432617e-01
-3.596290349960327148e-01 -3.614024817943572998e-01 -2.277537137269973755e-01
-3.568671643733978271e-01 -3.374351859092712402e-01 -2.239805459976196289e-01
-2.979381084442138672e-01 -3.374280631542205811e-01 -2.354692071676254272e-01
-3.630533814430236816e-01 -3.038592934608459473e-01 -2.179948538541793823e-01
-3.176650404930114746e-01 -3.504826128482818604e-01 -2.370828539133071899e-01
-3.169039487838745117e-01 -3.387092947959899902e-01 -2.228486835956573486e-01
-3.153563439846038818e-01 -3.189691901206970215e-01 -2.262540161609649658e-01
-3.139528632164001465e-01 -3.804177045822143555e-01 -2.468071132898330688e-01
-3.753767907619476318e-01 -3.626960515975952148e-01 -2.298600822687149048e-01
-3.765068054199218750e-01 -3.358080983161926270e-01 -2.151745110750198364e-01
-2.903392314910888672e-01 -3.268803954124450684e-01 -2.350203841924667358e-01
-2.648608982563018799e-01 -3.589560389518737793e-01 -2.162270545959472656e-01
-3.577010929584503174e-01 -3.270101249217987061e-01 -2.144523710012435913e-01
-3.554995059967041016e-01 -3.427133858203887939e-01 -2.250420898199081421e-01
-3.681271672248840332e-01 -3.876524567604064941e-01 -2.318637818098068237e-01
-3.097822368144989014e-01 -3.203020989894866943e-01 -2.257703989744186401e-01
-3.609653115272521973e-01 -3.505757749080657959e-01 -2.262181788682937622e-01
-3.248252868652343750e-01 -3.244231641292572021e-01 -2.255933284759521484e-01
-3.089102208614349365e-01 -3.128778636455535889e-01 -2.270009815692901611e-01
-3.090142607688903809e-01 -3.117957711219787598e-01 -2.271445393562316895e-01
-3.241313993930816650e-01 -3.665238618850708008e-01 -2.424890100955963135e-01
-3.425577878952026367e-01 -3.700153231620788574e-01 -2.233553826808929443e-01
-3.194000720977783203e-01 -3.068360090255737305e-01 -2.259309589862823486e-01
-3.685897588729858398e-01 -3.090168237686157227e-01 -2.176306545734405518e-01
-3.837167620658874512e-01 -3.927041292190551758e-01 -2.378822416067123413e-01
-3.087777793407440186e-01 -3.639968633651733398e-01 -2.410889714956283569e-01
-3.093887269496917725e-01 -3.779732286930084229e-01 -2.447417676448822021e-01
-3.525280654430389404e-01 -3.281335830688476562e-01 -2.227996587753295898e-01
-3.425313532352447510e-01 -3.085849881172180176e-01 -2.181575894355773926e-01
-3.175121545791625977e-01 -3.038619160652160645e-01 -2.259134501218795776e-01
-3.155012428760528564e-01 -3.051692247390747070e-01 -2.265259921550750732e-01
-2.767066657543182373e-01 -3.346888422966003418e-01 -2.322205901145935059e-01
-3.652093708515167236e-01 -3.329682946205139160e-01 -2.218268215656280518e-01
-2.914813756942749023e-01 -3.315775394439697266e-01 -2.350145727396011353e-01
-2.855986952781677246e-01 -3.543277978897094727e-01 -2.335665524005889893e-01
-3.128131628036499023e-01 -3.667482435703277588e-01 -2.424334436655044556e-01
-3.770440518856048584e-01 -3.601029515266418457e-01 -2.291720062494277954e-01
-3.754362761974334717e-01 -3.669758737087249756e-01 -2.310143262147903442e-01
-3.197883963584899902e-01 -3.359996080398559570e-01 -2.238834500312805176e-01
-3.167715966701507568e-01 -3.607892394065856934e-01 -2.407296001911163330e-01
-3.176188766956329346e-01 -3.167395293712615967e-01 -2.263922542333602905e-01
-3.153982162475585938e-01 -3.393822610378265381e-01 -2.339828759431838989e-01
-3.308804035186767578e-01 -2.990753054618835449e-01 -2.201339155435562134e-01
-3.424414098262786865e-01 -3.625559210777282715e-01 -2.241786122322082520e-01
-3.870597481727600098e-01 -3.271668851375579834e-01 -2.179687917232513428e-01
-3.738826513290405273e-01 -3.293629288673400879e-01 -2.158756852149963379e-01
-3.702049553394317627e-01 -3.203403949737548828e-01 -2.169678956270217896e-01
-3.452001214027404785e-01 -3.189454972743988037e-01 -2.154989391565322876e-01
-3.841616511344909668e-01 -3.572247326374053955e-01 -2.280731648206710815e-01
-3.635843098163604736e-01 -3.712454438209533691e-01 -2.294891625642776489e-01
-3.044240772724151611e-01 -3.175737857818603516e-01 -2.256674319505691528e-01
-3.399324417114257812e-01 -3.498773872852325439e-01 -2.245059013366699219e-01
-3.497880399227142334e-01 -3.724903464317321777e-01 -2.255797535181045532e-01
-3.178517818450927734e-01 -3.813983798027038574e-01 -2.480720430612564087e-01
-2.662304043769836426e-01 -3.641056716442108154e-01 -2.156324386596679688e-01
-3.252621591091156006e-01 -3.322210609912872314e-01 -2.249485850334167480e-01
-3.441406190395355225e-01 -3.158849775791168213e-01 -2.163167446851730347e-01
-2.986325621604919434e-01 -3.578763902187347412e-01 -2.377786934375762939e-01
-3.713930249214172363e-01 -3.639421164989471436e-01 -2.297745943069458008e-01
-2.867678999900817871e-01 -3.521614968776702881e-01 -2.340215295553207397e-01
-3.322533369064331055e-01 -3.449107706546783447e-01 -2.240616381168365479e-01
-3.155814111232757568e-01 -3.474988043308258057e-01 -2.363907396793365479e-01
-3.692106306552886963e-01 -3.928816318511962891e-01 -2.321604043245315552e-01
-2.881310582160949707e-01 -3.361625075340270996e-01 -2.346986979246139526e-01
-3.407607078552246094e-01 -3.114920258522033691e-01 -2.173390835523605347e-01
-3.709769546985626221e-01 -3.853538334369659424e-01 -2.329195588827133179e-01
-3.577958643436431885e-01 -3.584659397602081299e-01 -2.271426767110824585e-01
-3.271063566207885742e-01 -3.382543027400970459e-01 -2.243343293666839600e-01
-3.412311077117919922e-01 -3.554191291332244873e-01 -2.244389802217483521e-01
-3.786246776580810547e-01 -3.423386514186859131e-01 -2.140802294015884399e-01
-3.191300034523010254e-01 -3.164509832859039307e-01 -2.263131886720657349e-01
-3.755467534065246582e-01 -3.376812636852264404e-01 -2.145662605762481689e-01
-3.610479235649108887e-01 -3.185198009014129639e-01 -2.166763842105865479e-01
-3.840045332908630371e-01 -3.799767494201660156e-01 -2.359042912721633911e-01
-3.649887144565582275e-01 -3.156903088092803955e-01 -2.172396481037139893e-01
-3.505612909793853760e-01 -3.471502363681793213e-01 -2.254989743232727051e-01
-3.635996878147125244e-01 -3.031410872936248779e-01 -2.179410010576248169e-01
-3.114772140979766846e-01 -3.516308367252349854e-01 -2.379642277956008911e-01
-3.105296492576599121e-01 -3.175817131996154785e-01 -2.263269573450088501e-01
-3.574555516242980957e-01 -3.829911649227142334e-01 -2.277378141880035400e-01
-3.778789043426513672e-01 -3.654498457908630371e-01 -2.308364361524581909e-01
-3.470928072929382324e-01 -2.976490557193756104e-01 -2.194717973470687866e-01
-3.087155818939208984e-01 -3.538863360881805420e-01 -2.385279834270477295e-01
-3.218927979469299316e-01 -3.256374299526214600e-01 -2.255518734455108643e-01
-3.821139931678771973e-01 -3.587199151515960693e-01 -2.287227213382720947e-01
-3.439647853374481201e-01 -3.360000848770141602e-01 -2.247704118490219116e-01
-2.633683979511260986e-01 -3.754791915416717529e-01 -2.160764485597610474e-01
-3.995507955551147461e-01 -3.284836709499359131e-01 -2.198300361633300781e-01
-3.572503626346588135e-01 -3.579944670200347900e-01 -2.270066887140274048e-01
-3.846975862979888916e-01 -3.554432392120361328e-01 -2.273337990045547485e-01
-3.431645333766937256e-01 -2.976175248622894287e-01 -2.198236733675003052e-01
-3.172910809516906738e-01 -3.193556070327758789e-01 -2.262062430381774902e-01
-3.955340683460235596e-01 -3.444890975952148438e-01 -2.179888486862182617e-01
-3.241817355155944824e-01 -3.616037964820861816e-01 -2.403909862041473389e-01
-3.235673904418945312e-01 -3.542081415653228760e-01 -2.207595407962799072e-01
-3.067205250263214111e-01 -3.753463327884674072e-01 -2.432057112455368042e-01
-3.163397014141082764e-01 -3.184204697608947754e-01 -2.263062745332717896e-01
-3.551468551158905029e-01 -3.348916471004486084e-01 -2.236476093530654907e-01
-2.788154184818267822e-01 -3.238862156867980957e-01 -2.340806722640991211e-01
-4.043430685997009277e-01 -3.553867042064666748e-01 -2.187688499689102173e-01
-3.225317299365997314e-01 -3.065427839756011963e-01 -2.252107113599777222e-01
-3.490806519985198975e-01 -2.996046841144561768e-01 -2.192049324512481689e-01
-3.158428370952606201e-01 -3.631929755210876465e-01 -2.415493577718734741e-01
-3.834112286567687988e-01 -3.936020433902740479e-01 -2.377393692731857300e-01
-3.126452863216400146e-01 -3.073921501636505127e-01 -2.271425426006317139e-01
-3.503425121307373047e-01 -3.253922760486602783e-01 -2.140830010175704956e-01
-3.167104423046112061e-01 -3.073344528675079346e-01 -2.265007197856903076e-01
-2.935231328010559082e-01 -3.480405807495117188e-01 -2.357564717531204224e-01
-3.460400998592376709e-01 -3.555622100830078125e-01 -2.252958416938781738e-01
-3.798744976520538330e-01 -3.335744142532348633e-01 -2.162216901779174805e-01
-3.763560652732849121e-01 -3.474908471107482910e-01 -2.250472456216812134e-01
-3.675900995731353760e-01 -3.548810184001922607e-01 -2.274545282125473022e-01
-3.212961852550506592e-01 -3.495394289493560791e-01 -2.361376583576202393e-01
-3.306590318679809570e-01 -3.270977735519409180e-01 -2.252541333436965942e-01
-3.727703094482421875e-01 -3.890323936939239502e-01 -2.337763011455535889e-01
-3.940632641315460205e-01 -3.801689147949218750e-01 -2.366826087236404419e-01
-3.619965910911560059e-01 -3.566936552524566650e-01 -2.274264246225357056e-01
-3.055876791477203369e-01 -3.670630156993865967e-01 -2.411163598299026489e-01
-3.743932545185089111e-01 -3.675835430622100830e-01 -2.310321182012557983e-01
-3.577116727828979492e-01 -3.615585565567016602e-01 -2.274440377950668335e-01
-2.633674144744873047e-01 -3.729810416698455811e-01 -2.161447554826736450e-01
-3.496152162551879883e-01 -3.450648188591003418e-01 -2.252576202154159546e-01
-3.467469811439514160e-01 -3.043090701103210449e-01 -2.189147174358367920e-01
-4.023979306221008301e-01 -3.419523835182189941e-01 -2.201457172632217407e-01
-3.917219638824462891e-01 -3.859791159629821777e-01 -2.386526465415954590e-01
-3.668068349361419678e-01 -3.371929526329040527e-01 -2.129087150096893311e-01
-4.036168754100799561e-01 -3.409201502799987793e-01 -2.205612212419509888e-01
-3.206794857978820801e-01 -3.779570162296295166e-01 -2.472701221704483032e-01
-3.862154185771942139e-01 -3.282459080219268799e-01 -2.178039401769638062e-01
-3.064879477024078369e-01 -3.422150909900665283e-01 -2.359457314014434814e-01
-3.441056907176971436e-01 -3.569366037845611572e-01 -2.249176800251007080e-01
-3.142910301685333252e-01 -3.338531553745269775e-01 -2.234833836555480957e-01
-3.623805344104766846e-01 -3.067955076694488525e-01 -2.179938554763793945e-01
-3.611425459384918213e-01 -3.118946254253387451e-01 -2.176621407270431519e-01
-3.743292391300201416e-01 -3.422154188156127930e-01 -2.131244689226150513e-01
-3.406707346439361572e-01 -3.398303687572479248e-01 -2.249429672956466675e-01
-3.445446193218231201e-01 -3.687333166599273682e-01 -2.241338491439819336e-01
-3.454314768314361572e-01 -3.548830449581146240e-01 -2.252083867788314819e-01
-3.232519924640655518e-01 -3.590843975543975830e-01 -2.395184487104415894e-01
-3.773234188556671143e-01 -3.101996779441833496e-01 -2.174388915300369263e-01
-2.738984823226928711e-01 -4.074404239654541016e-01 -2.141390740871429443e-01
-3.505892455577850342e-01 -3.190696835517883301e-01 -2.159828841686248779e-01
-3.231723904609680176e-01 -3.184233605861663818e-01 -2.259374260902404785e-01
-3.618349134922027588e-01 -3.381005823612213135e-01 -2.236950695514678955e-01
-3.511798679828643799e-01 -3.324836492538452148e-01 -2.237784564495086670e-01
-3.259046673774719238e-01 -3.240797221660614014e-01 -2.255556434392929077e-01
-3.748791515827178955e-01 -3.573639988899230957e-01 -2.282204329967498779e-01
-3.528770208358764648e-01 -3.248639106750488281e-01 -2.220258563756942749e-01
-3.510242104530334473e-01 -3.137995600700378418e-01 -2.172600775957107544e-01
-3.198342323303222656e-01 -3.568042218685150146e-01 -2.390626966953277588e-01
-2.798300087451934814e-01 -3.358392119407653809e-01 -2.329932600259780884e-01
-3.875118792057037354e-01 -3.273899257183074951e-01 -2.180080115795135498e-01
-3.713789284229278564e-01 -3.424696624279022217e-01 -2.237908095121383667e-01
-3.135378062725067139e-01 -3.365338742733001709e-01 -2.335804551839828491e-01
-3.546364605426788330e-01 -3.467330634593963623e-01 -2.256177663803100586e-01
-3.628063201904296875e-01 -3.063897788524627686e-01 -2.179818451404571533e-01
-2.844302952289581299e-01 -3.443609476089477539e-01 -2.335730195045471191e-01
-3.750019371509552002e-01 -3.192204535007476807e-01 -2.172770053148269653e-01
-3.870312869548797607e-01 -3.427716195583343506e-01 -2.160291671752929688e-01
-3.384533822536468506e-01 -3.254121243953704834e-01 -2.244913578033447266e-01
-2.881648838520050049e-01 -3.155093789100646973e-01 -2.349900901317596436e-01
-3.301154673099517822e-01 -2.984915375709533691e-01 -2.202607542276382446e-01
-3.390940725803375244e-01 -3.137245774269104004e-01 -2.165382504463195801e-01
-3.402860760688781738e-01 -3.632221221923828125e-01 -2.235668450593948364e-01
-3.234004974365234375e-01 -3.644813299179077148e-01 -2.416907697916030884e-01
-4.098594784736633301e-01 -3.545202910900115967e-01 -2.208627760410308838e-01
-3.739313781261444092e-01 -3.850454688072204590e-01 -2.339876592159271240e-01
-3.521569669246673584e-01 -3.213619589805603027e-01 -2.155004143714904785e-01
-3.650176823139190674e-01 -3.008271157741546631e-01 -2.177093029022216797e-01
-2.869477272033691406e-01 -3.401695191860198975e-01 -2.343975007534027100e-01
-3.550363183021545410e-01 -3.100765347480773926e-01 -2.179563492536544800e-01
-3.450409471988677979e-01 -3.759837150573730469e-01 -2.235985696315765381e-01
-3.761633932590484619e-01 -3.401679396629333496e-01 -2.140900939702987671e-01
-2.769623994827270508e-01 -3.276184499263763428e-01 -2.331833094358444214e-01
-3.263817727565765381e-01 -3.244554698467254639e-01 -2.255099862813949585e-01
-3.980104029178619385e-01 -3.511255979537963867e-01 -2.174822241067886353e-01
-4.050365388393402100e-01 -3.470762670040130615e-01 -2.204548865556716919e-01
-3.649809956550598145e-01 -2.995132803916931152e-01 -2.176203727722167969e-01
-3.323545455932617188e-01 -3.014523386955261230e-01 -2.195899635553359985e-01
-3.836370408535003662e-01 -3.761835396289825439e-01 -2.347384244203567505e-01
-3.384624123573303223e-01 -3.152240514755249023e-01 -2.159814834594726562e-01
-3.519169986248016357e-01 -3.221342563629150391e-01 -2.152570635080337524e-01
-3.267548084259033203e-01 -3.554027080535888672e-01 -2.213315069675445557e-01
-3.625528514385223389e-01 -3.336145877838134766e-01 -2.224133908748626709e-01
-3.232220709323883057e-01 -3.322649598121643066e-01 -2.248203158378601074e-01
-3.472075462341308594e-01 -3.548896908760070801e-01 -2.254804372787475586e-01
-2.912567853927612305e-01 -3.586797714233398438e-01 -2.355845570564270020e-01
-3.168421089649200439e-01 -3.444079458713531494e-01 -2.351627647876739502e-01
-3.851186335086822510e-01 -3.302157819271087646e-01 -2.174861133098602295e-01
-3.149762153625488281e-01 -3.477544188499450684e-01 -2.365471571683883667e-01
-2.652474343776702881e-01 -3.778024911880493164e-01 -2.155533730983734131e-01
-3.642531335353851318e-01 -3.129299581050872803e-01 -2.174846231937408447e-01
-3.696544170379638672e-01 -3.015990257263183594e-01 -2.172519117593765259e-01
-3.339328169822692871e-01 -3.123543262481689453e-01 -2.236183285713195801e-01
-3.641684353351593018e-01 -3.504263758659362793e-01 -2.263257205486297607e-01
-3.034509420394897461e-01 -3.305935859680175781e-01 -2.342512309551239014e-01
-2.862595319747924805e-01 -3.506953716278076172e-01 -2.338660508394241333e-01
-2.929859161376953125e-01 -3.095116019248962402e-01 -2.335069328546524048e-01
-3.305445313453674316e-01 -3.500479459762573242e-01 -2.231351137161254883e-01
-3.002690374851226807e-01 -3.169606626033782959e-01 -2.327704727649688721e-01
-3.813686370849609375e-01 -3.373371958732604980e-01 -2.157990038394927979e-01
-3.656430542469024658e-01 -3.477439284324645996e-01 -2.256769090890884399e-01
-3.081707060337066650e-01 -3.308899104595184326e-01 -2.230055034160614014e-01
-2.777630686759948730e-01 -3.352718353271484375e-01 -2.324739396572113037e-01
-3.890161812305450439e-01 -3.687076270580291748e-01 -2.324295639991760254e-01
-3.372007012367248535e-01 -3.685462772846221924e-01 -2.219021618366241455e-01
-3.846405148506164551e-01 -3.810098469257354736e-01 -2.363084703683853149e-01
-2.807815372943878174e-01 -3.445314168930053711e-01 -2.324508428573608398e-01
-3.056921660900115967e-01 -3.153257071971893311e-01 -2.263636738061904907e-01
-3.351545333862304688e-01 -3.100813627243041992e-01 -2.228774875402450562e-01
-3.669623732566833496e-01 -3.756846487522125244e-01 -2.308427840471267700e-01
-3.023189604282379150e-01 -3.428576886653900146e-01 -2.361608147621154785e-01
-3.164782524108886719e-01 -3.618688881397247314e-01 -2.411087751388549805e-01
-2.838729619979858398e-01 -3.401356637477874756e-01 -2.336960732936859131e-01
-3.612587749958038330e-01 -2.982012927532196045e-01 -2.179409861564636230e-01
-3.354226946830749512e-01 -2.960557043552398682e-01 -2.205426394939422607e-01
-3.473232686519622803e-01 -3.625040948390960693e-01 -2.252709716558456421e-01
-3.266276717185974121e-01 -3.215193152427673340e-01 -2.255823612213134766e-01
-3.645679056644439697e-01 -3.183030188083648682e-01 -2.169146239757537842e-01
-3.315343856811523438e-01 -3.122963905334472656e-01 -2.241465747356414795e-01
-2.981230020523071289e-01 -3.200283646583557129e-01 -2.337620705366134644e-01
-3.348861038684844971e-01 -3.497029840946197510e-01 -2.238935977220535278e-01
-3.547736704349517822e-01 -3.118686378002166748e-01 -2.176981717348098755e-01
-3.768041729927062988e-01 -3.718616366386413574e-01 -2.323484867811203003e-01
-2.984515726566314697e-01 -3.472991287708282471e-01 -2.364897578954696655e-01
-3.830151557922363281e-01 -3.303934633731842041e-01 -2.171696573495864868e-01
-3.849878311157226562e-01 -3.660503029823303223e-01 -2.313282191753387451e-01
-3.301607072353363037e-01 -3.555867969989776611e-01 -2.221085876226425171e-01
-3.716350495815277100e-01 -3.234689831733703613e-01 -2.166347652673721313e-01
-3.442257344722747803e-01 -3.135082125663757324e-01 -2.169928401708602905e-01
-2.920962870121002197e-01 -3.225609064102172852e-01 -2.348555475473403931e-01
-3.861073851585388184e-01 -3.569551408290863037e-01 -2.278392463922500610e-01
-3.712563514709472656e-01 -3.185527324676513672e-01 -2.172098159790039062e-01
-3.457040786743164062e-01 -3.204575181007385254e-01 -2.225517779588699341e-01
-3.277558982372283936e-01 -3.363524675369262695e-01 -2.246245741844177246e-01
-2.951965332031250000e-01 -3.261456787586212158e-01 -2.347791939973831177e-01
-3.679602742195129395e-01 -3.113040030002593994e-01 -2.175981551408767700e-01
-3.045860528945922852e-01 -3.016367554664611816e-01 -2.281691581010818481e-01
-2.796261012554168701e-01 -3.352351486682891846e-01 -2.330089062452316284e-01
-2.718714475631713867e-01 -3.963853418827056885e-01 -2.138638347387313843e-01
-2.914018034934997559e-01 -3.415880501270294189e-01 -2.351357787847518921e-01
-3.478101491928100586e-01 -3.213385045528411865e-01 -2.150605022907257080e-01
-3.186222910881042480e-01 -3.608255088329315186e-01 -2.406758069992065430e-01
-2.966941893100738525e-01 -3.120581507682800293e-01 -2.329090535640716553e-01
-3.557533323764801025e-01 -3.672193884849548340e-01 -2.273566722869873047e-01
-3.252085149288177490e-01 -3.611957430839538574e-01 -2.400588095188140869e-01
-3.679612278938293457e-01 -3.198152184486389160e-01 -2.169116586446762085e-01
-3.062910139560699463e-01 -3.460636734962463379e-01 -2.366868704557418823e-01
-3.800050020217895508e-01 -3.721460998058319092e-01 -2.329514175653457642e-01
-3.008746802806854248e-01 -3.035944700241088867e-01 -2.282219976186752319e-01
-3.552215993404388428e-01 -3.699842095375061035e-01 -2.272518128156661987e-01
-3.449293076992034912e-01 -3.623193204402923584e-01 -2.247741222381591797e-01
-3.864007294178009033e-01 -3.142523765563964844e-01 -2.176990658044815063e-01
-3.566267192363739014e-01 -3.805894255638122559e-01 -2.275222539901733398e-01
-3.716092407703399658e-01 -3.114618360996246338e-01 -2.175851315259933472e-01
-2.894240915775299072e-01 -3.316456079483032227e-01 -2.349194139242172241e-01
-3.082650005817413330e-01 -3.203150331974029541e-01 -2.256007045507431030e-01
-3.721203207969665527e-01 -3.489679098129272461e-01 -2.258380949497222900e-01
-3.478257060050964355e-01 -3.767836391925811768e-01 -2.245371192693710327e-01
-3.439995944499969482e-01 -3.044009208679199219e-01 -2.189861834049224854e-01
-3.428843319416046143e-01 -3.409736454486846924e-01 -2.249807119369506836e-01
-3.014009892940521240e-01 -3.188436627388000488e-01 -2.328068464994430542e-01
-3.882607817649841309e-01 -3.773757815361022949e-01 -2.356905192136764526e-01
-2.672163844108581543e-01 -3.663428425788879395e-01 -2.152522504329681396e-01
-2.970028817653656006e-01 -3.430537879467010498e-01 -2.358694970607757568e-01
-3.238070905208587646e-01 -3.194205462932586670e-01 -2.258651554584503174e-01
-2.899578213691711426e-01 -3.271802961826324463e-01 -2.350194752216339111e-01
-3.398917317390441895e-01 -3.166544139385223389e-01 -2.230782955884933472e-01
-3.234723508358001709e-01 -3.645441532135009766e-01 -2.417097240686416626e-01
-3.521336019039154053e-01 -3.511418700218200684e-01 -2.259157449007034302e-01
-3.495287597179412842e-01 -3.230247795581817627e-01 -2.147379666566848755e-01
-3.173828423023223877e-01 -3.241675496101379395e-01 -2.256482243537902832e-01
-3.871453106403350830e-01 -3.318758010864257812e-01 -2.175948470830917358e-01
-3.000249564647674561e-01 -3.528589606285095215e-01 -2.373352944850921631e-01
-2.927977442741394043e-01 -3.178785741329193115e-01 -2.344918698072433472e-01
-3.145160079002380371e-01 -3.145268857479095459e-01 -2.267058491706848145e-01
-3.508655130863189697e-01 -3.173441290855407715e-01 -2.164457291364669800e-01
-3.782526850700378418e-01 -3.128674626350402832e-01 -2.174901813268661499e-01
-3.864084780216217041e-01 -3.157194554805755615e-01 -2.178174555301666260e-01
-2.999345958232879639e-01 -3.205760419368743896e-01 -2.334462404251098633e-01
-3.027728497982025146e-01 -3.066007494926452637e-01 -2.277930825948715210e-01
-3.523247838020324707e-01 -3.260252773761749268e-01 -2.223898619413375854e-01
-3.937399089336395264e-01 -3.868050873279571533e-01 -2.389056682586669922e-01
-3.801851570606231689e-01 -3.587044179439544678e-01 -2.287493050098419189e-01
-2.656298577785491943e-01 -3.767191469669342041e-01 -2.154796719551086426e-01
-2.970189154148101807e-01 -3.240563571453094482e-01 -2.344080954790115356e-01
-3.043627738952636719e-01 -3.652651607990264893e-01 -2.404198348522186279e-01
-3.432896137237548828e-01 -3.191629946231842041e-01 -2.228244096040725708e-01
-3.686676919460296631e-01 -3.009409010410308838e-01 -2.173126935958862305e-01
-3.822493255138397217e-01 -3.558238148689270020e-01 -2.276289016008377075e-01
-3.020453751087188721e-01 -3.261599540710449219e-01 -2.337715178728103638e-01
-4.072115719318389893e-01 -3.501703143119812012e-01 -2.207311093807220459e-01
-3.127617537975311279e-01 -3.090115785598754883e-01 -2.271267920732498169e-01
-3.846785426139831543e-01 -3.841432034969329834e-01 -2.371039390563964844e-01
-3.693103492259979248e-01 -3.640294373035430908e-01 -2.295043170452117920e-01
-3.536658287048339844e-01 -3.316983580589294434e-01 -2.233035117387771606e-01
-3.748032748699188232e-01 -3.044970631599426270e-01 -2.171611040830612183e-01
-3.200101554393768311e-01 -3.465658426284790039e-01 -2.216622233390808105e-01
-3.536802828311920166e-01 -3.705326616764068604e-01 -2.268290370702743530e-01
-3.312718272209167480e-01 -3.340856432914733887e-01 -2.249602377414703369e-01
-3.885851800441741943e-01 -3.620696067810058594e-01 -2.297121882438659668e-01
-3.203285634517669678e-01 -3.175053596496582031e-01 -2.261910289525985718e-01
-3.750357627868652344e-01 -3.949403762817382812e-01 -2.346243262290954590e-01
-3.409300744533538818e-01 -3.562770187854766846e-01 -2.243264317512512207e-01
-3.586110770702362061e-01 -3.838985264301300049e-01 -2.281490266323089600e-01
-3.104855418205261230e-01 -3.600607216358184814e-01 -2.402270883321762085e-01
-3.192603588104248047e-01 -3.303393125534057617e-01 -2.248052358627319336e-01
-3.547060787677764893e-01 -3.237825632095336914e-01 -2.214012742042541504e-01
-3.086108565330505371e-01 -3.458411693572998047e-01 -2.365416586399078369e-01
-3.011713325977325439e-01 -3.230230808258056641e-01 -2.335291951894760132e-01
-3.494593501091003418e-01 -3.485584855079650879e-01 -2.255327850580215454e-01
-3.771159946918487549e-01 -3.640213608741760254e-01 -2.303691953420639038e-01
-3.766499757766723633e-01 -3.603707849979400635e-01 -2.292419821023941040e-01
-3.185044825077056885e-01 -3.841153085231781006e-01 -2.489518076181411743e-01
-2.809340357780456543e-01 -3.289314210414886475e-01 -2.339769005775451660e-01
-3.544941842555999756e-01 -3.189978897571563721e-01 -2.162815630435943604e-01
-3.461508452892303467e-01 -3.177675604820251465e-01 -2.219035178422927856e-01
-2.972358465194702148e-01 -3.386184871196746826e-01 -2.355387955904006958e-01
-2.983091771602630615e-01 -3.604087829589843750e-01 -2.380022108554840088e-01
-3.290873169898986816e-01 -3.529545962810516357e-01 -2.223651409149169922e-01
-3.045368492603302002e-01 -3.082471489906311035e-01 -2.275827229022979736e-01
-3.987530469894409180e-01 -3.312967121601104736e-01 -2.197688817977905273e-01
-3.699808716773986816e-01 -3.154400885105133057e-01 -2.174254655838012695e-01
-3.240199387073516846e-01 -3.681272566318511963e-01 -2.431922554969787598e-01
-3.155646622180938721e-01 -3.498143255710601807e-01 -2.371365875005722046e-01
-2.828898727893829346e-01 -3.518469035625457764e-01 -2.326268553733825684e-01
-2.906755208969116211e-01 -3.259648382663726807e-01 -2.350154072046279907e-01
-3.910499811172485352e-01 -3.740765452384948730e-01 -2.345792055130004883e-01
-3.470370173454284668e-01 -3.431026041507720947e-01 -2.250306308269500732e-01
-3.192720115184783936e-01 -3.269094526767730713e-01 -2.253373116254806519e-01
-3.942013680934906006e-01 -3.503744006156921387e-01 -2.164292484521865845e-01
-3.677056729793548584e-01 -3.899140655994415283e-01 -2.316473573446273804e-01
-3.884177207946777344e-01 -3.266702890396118164e-01 -2.181431949138641357e-01
-3.304128944873809814e-01 -3.531626462936401367e-01 -2.226027846336364746e-01
-3.136037290096282959e-01 -3.136845827102661133e-01 -2.268200665712356567e-01
-2.898471951484680176e-01 -3.470371067523956299e-01 -2.348731160163879395e-01
-3.589991033077239990e-01 -3.187007904052734375e-01 -2.165718972682952881e-01
-3.232700526714324951e-01 -3.237009346485137939e-01 -2.257000058889389038e-01
-3.179869055747985840e-01 -3.144236207008361816e-01 -2.264595627784729004e-01
-3.694566190242767334e-01 -3.837934732437133789e-01 -2.322457283735275269e-01
-2.991822063922882080e-01 -3.764060139656066895e-01 -2.401688545942306519e-01
-3.459896147251129150e-01 -3.489270210266113281e-01 -2.252212166786193848e-01
-3.847582936286926270e-01 -3.625099658966064453e-01 -2.300480306148529053e-01
-3.753204941749572754e-01 -3.681024312973022461e-01 -2.312754839658737183e-01
-2.890856564044952393e-01 -3.587210178375244141e-01 -2.347614765167236328e-01
-3.893778026103973389e-01 -3.691738545894622803e-01 -2.326146364212036133e-01
-3.399302363395690918e-01 -3.192542791366577148e-01 -2.235193848609924316e-01
