-3.807834982872009277e-01 -4.486978650093078613e-01 -3.346381783485412598e-01
-3.126696646213531494e-01 -4.307681322097778320e-01 -3.374723196029663086e-01
-3.654102087020874023e-01 -4.159947931766510010e-01 -3.289862573146820068e-01
-3.640573322772979736e-01 -3.893046379089355469e-01 -3.363532125949859619e-01
-3.219661712646484375e-01 -4.455929994583129883e-01 -3.432934582233428955e-01
-3.616422116756439209e-01 -4.274215698242187500e-01 -3.277655839920043945e-01
-3.231855928897857666e-01 -4.293160438537597656e-01 -3.378924429416656494e-01
-3.713627457618713379e-01 -3.885865211486816406e-01 -3.370970785617828369e-01
-3.786990344524383545e-01 -3.966148197650909424e-01 -3.395653665065765381e-01
-3.773500025272369385e-01 -4.289343953132629395e-01 -3.302131593227386475e-01
-3.712989389896392822e-01 -4.400906860828399658e-01 -3.309754133224487305e-01
-3.183335959911346436e-01 -4.427874684333801270e-01 -3.428799211978912354e-01
-3.754270076751708984e-01 -4.120490550994873047e-01 -3.287090957164764404e-01
-3.386121392250061035e-01 -4.075954854488372803e-01 -3.320040106773376465e-01
-3.625753223896026611e-01 -4.052975177764892578e-01 -3.293115794658660889e-01
-3.347512781620025635e-01 -4.196739792823791504e-01 -3.337202370166778564e-01
-3.931624591350555420e-01 -4.530187249183654785e-01 -3.362102508544921875e-01
-3.146565556526184082e-01 -4.325638115406036377e-01 -3.385344743728637695e-01
-3.758882284164428711e-01 -4.195104837417602539e-01 -3.292225897312164307e-01
-3.743758797645568848e-01 -4.264016449451446533e-01 -3.297967314720153809e-01
-3.319687843322753906e-01 -4.039385914802551270e-01 -3.337019681930541992e-01
-3.358398079872131348e-01 -3.898762762546539307e-01 -3.334381878376007080e-01
-3.539337515830993652e-01 -3.727929294109344482e-01 -3.306785821914672852e-01
-3.316192328929901123e-01 -4.114427268505096436e-01 -3.339053690433502197e-01
-3.902046382427215576e-01 -4.557366073131561279e-01 -3.376477062702178955e-01
-3.653071522712707520e-01 -4.414729177951812744e-01 -3.292207419872283936e-01
-3.583458960056304932e-01 -4.183276891708374023e-01 -3.273750245571136475e-01
-3.542529344558715820e-01 -3.738234937191009521e-01 -3.352742493152618408e-01
-3.833046555519104004e-01 -4.262155890464782715e-01 -3.292723000049591064e-01
-3.369452059268951416e-01 -4.208347797393798828e-01 -3.330547809600830078e-01
-3.873450458049774170e-01 -4.294848144054412842e-01 -3.292367458343505859e-01
-3.878762722015380859e-01 -4.431115984916687012e-01 -3.331853151321411133e-01
-3.709699511528015137e-01 -4.479818940162658691e-01 -3.319486081600189209e-01
-4.141482114791870117e-01 -3.749543726444244385e-01 -3.303324878215789795e-01
-3.718676567077636719e-01 -4.402579069137573242e-01 -3.311408460140228271e-01
-3.767560720443725586e-01 -4.442353546619415283e-01 -3.328191936016082764e-01
-3.219865858554840088e-01 -4.190776944160461426e-01 -3.353815078735351562e-01
-3.848228156566619873e-01 -4.619149565696716309e-01 -3.393132984638214111e-01
-3.773249983787536621e-01 -4.377040863037109375e-01 -3.316628336906433105e-01
-3.769272863864898682e-01 -4.073368608951568604e-01 -3.279864788055419922e-01
-3.269286453723907471e-01 -4.198713004589080811e-01 -3.354018032550811768e-01
-3.614831864833831787e-01 -4.215234220027923584e-01 -3.279621005058288574e-01
-3.684104382991790771e-01 -3.818385004997253418e-01 -3.359305262565612793e-01
-3.608527481555938721e-01 -3.963985741138458252e-01 -3.298457562923431396e-01
-3.249568939208984375e-01 -4.445244371891021729e-01 -3.420974016189575195e-01
-3.169221878051757812e-01 -4.163615107536315918e-01 -3.342002928256988525e-01
-3.203220963478088379e-01 -4.175196886062622070e-01 -3.349650204181671143e-01
-3.769507110118865967e-01 -3.973731696605682373e-01 -3.399988114833831787e-01
-3.239712715148925781e-01 -4.086403250694274902e-01 -3.340554833412170410e-01
-3.616171479225158691e-01 -4.189311861991882324e-01 -3.281663060188293457e-01
-3.692606687545776367e-01 -3.981885313987731934e-01 -3.290294408798217773e-01
-3.916808366775512695e-01 -4.443459212779998779e-01 -3.331288993358612061e-01
-3.586384356021881104e-01 -3.881681561470031738e-01 -3.347547650337219238e-01
-3.291669487953186035e-01 -3.822230696678161621e-01 -3.337252438068389893e-01
-3.795746564865112305e-01 -4.625812768936157227e-01 -3.377736508846282959e-01
-3.900692164897918701e-01 -4.439606666564941406e-01 -3.332376480102539062e-01
-3.629100620746612549e-01 -4.114715456962585449e-01 -3.288961052894592285e-01
-3.280906975269317627e-01 -4.017371237277984619e-01 -3.339172005653381348e-01
-3.278779089450836182e-01 -4.038711488246917725e-01 -3.339566886425018311e-01
-3.744534552097320557e-01 -4.191984236240386963e-01 -3.292917907238006592e-01
-3.779665529727935791e-01 -4.206894934177398682e-01 -3.291323781013488770e-01
-3.202474713325500488e-01 -4.180381894111633301e-01 -3.350532650947570801e-01
-3.602701127529144287e-01 -4.051842391490936279e-01 -3.290252089500427246e-01
-3.701524734497070312e-01 -4.425393939018249512e-01 -3.309721648693084717e-01
-3.525414764881134033e-01 -3.692767024040222168e-01 -3.297084867954254150e-01
-3.735184371471405029e-01 -4.234489798545837402e-01 -3.295771479606628418e-01
-3.628427982330322266e-01 -3.707497715950012207e-01 -3.355148732662200928e-01
-3.573817312717437744e-01 -4.080189764499664307e-01 -3.281156122684478760e-01
-3.650748729705810547e-01 -3.756363093852996826e-01 -3.356260657310485840e-01
-3.348848223686218262e-01 -4.168818593025207520e-01 -3.334110677242279053e-01
-3.274022340774536133e-01 -4.256442785263061523e-01 -3.364697396755218506e-01
-3.756563961505889893e-01 -4.112015366554260254e-01 -3.286115825176239014e-01
-3.765922486782073975e-01 -3.982037603855133057e-01 -3.403350114822387695e-01
-3.877021670341491699e-01 -4.210815131664276123e-01 -3.271601200103759766e-01
-3.692791759967803955e-01 -3.796767294406890869e-01 -3.354709744453430176e-01
-4.080307185649871826e-01 -3.698894977569580078e-01 -3.308794796466827393e-01
-3.683662712574005127e-01 -3.909574151039123535e-01 -3.373735845088958740e-01
-3.349808156490325928e-01 -4.119968414306640625e-01 -3.331784904003143311e-01
-3.731600642204284668e-01 -4.017247855663299561e-01 -3.283921778202056885e-01
-3.764698505401611328e-01 -4.393083751201629639e-01 -3.318672180175781250e-01
-3.621042072772979736e-01 -3.927008807659149170e-01 -3.300403654575347900e-01
-3.549710512161254883e-01 -3.987658619880676270e-01 -3.284392654895782471e-01
-3.754631578922271729e-01 -4.207566678524017334e-01 -3.293544054031372070e-01
-3.847161829471588135e-01 -4.486405551433563232e-01 -3.350085914134979248e-01
-3.593399226665496826e-01 -3.819631636142730713e-01 -3.354665338993072510e-01
-4.054363965988159180e-01 -3.692683279514312744e-01 -3.307472765445709229e-01
-3.249272406101226807e-01 -4.174927771091461182e-01 -3.351642787456512451e-01
-3.199217021465301514e-01 -4.311922490596771240e-01 -3.385945260524749756e-01
-3.714737892150878906e-01 -4.160411655902862549e-01 -3.292302489280700684e-01
-3.203019201755523682e-01 -3.973764777183532715e-01 -3.324357271194458008e-01
-3.782560825347900391e-01 -4.387097656726837158e-01 -3.319538235664367676e-01
-3.328718543052673340e-01 -4.321101307868957520e-01 -3.362526297569274902e-01
-3.174779415130615234e-01 -4.077956080436706543e-01 -3.328403532505035400e-01
-3.714764416217803955e-01 -3.963611721992492676e-01 -3.282898068428039551e-01
-3.791204392910003662e-01 -3.987178504467010498e-01 -3.404350876808166504e-01
-3.730529546737670898e-01 -4.423840343952178955e-01 -3.317314386367797852e-01
-3.668557405471801758e-01 -3.887744247913360596e-01 -3.368219733238220215e-01
-3.840770721435546875e-01 -4.649408757686614990e-01 -3.396432697772979736e-01
-3.333652019500732422e-01 -4.181482493877410889e-01 -3.339823186397552490e-01
-3.711026012897491455e-01 -4.005905985832214355e-01 -3.399872183799743652e-01
-3.323970139026641846e-01 -3.880212306976318359e-01 -3.340776562690734863e-01
-3.246366083621978760e-01 -4.098222851753234863e-01 -3.342053592205047607e-01
-3.819006085395812988e-01 -4.588899612426757812e-01 -3.378036320209503174e-01
-3.709615170955657959e-01 -4.203507006168365479e-01 -3.293754160404205322e-01
-3.875788152217864990e-01 -4.387406706809997559e-01 -3.317940533161163330e-01
-3.335163593292236328e-01 -3.795135617256164551e-01 -3.343788683414459229e-01
-3.246129453182220459e-01 -4.442242085933685303e-01 -3.421726822853088379e-01
-3.766862750053405762e-01 -4.580482244491577148e-01 -3.358610272407531738e-01
-3.244052529335021973e-01 -4.389557838439941406e-01 -3.407646417617797852e-01
-3.762513399124145508e-01 -4.460678100585937500e-01 -3.331351876258850098e-01
-3.855408728122711182e-01 -4.249197542667388916e-01 -3.285873830318450928e-01
-3.748351633548736572e-01 -4.484097659587860107e-01 -3.332708477973937988e-01
-3.570176959037780762e-01 -3.755055665969848633e-01 -3.356813490390777588e-01
-3.647278547286987305e-01 -4.298343658447265625e-01 -3.285308182239532471e-01
-3.553363978862762451e-01 -3.786760270595550537e-01 -3.310006260871887207e-01
-3.862569928169250488e-01 -4.637517333030700684e-01 -3.401176929473876953e-01
-3.548830449581146240e-01 -3.789881169795989990e-01 -3.305841684341430664e-01
-3.923289179801940918e-01 -4.522098600864410400e-01 -3.360243737697601318e-01
-3.703580200672149658e-01 -4.242021739482879639e-01 -3.294578790664672852e-01
-3.736533224582672119e-01 -4.403068125247955322e-01 -3.315508067607879639e-01
-3.165176510810852051e-01 -4.067604243755340576e-01 -3.324266970157623291e-01
-3.903211355209350586e-01 -4.391882419586181641e-01 -3.315106928348541260e-01
-3.789681792259216309e-01 -4.370525479316711426e-01 -3.316671848297119141e-01
-3.769804835319519043e-01 -4.285466670989990234e-01 -3.301573097705841064e-01
-3.196354210376739502e-01 -4.199804365634918213e-01 -3.353595435619354248e-01
-3.722766935825347900e-01 -4.016369283199310303e-01 -3.406338691711425781e-01
-3.525005877017974854e-01 -3.730646073818206787e-01 -3.302252590656280518e-01
-3.726378679275512695e-01 -4.555221199989318848e-01 -3.337487876415252686e-01
-3.755783140659332275e-01 -4.120498001575469971e-01 -3.286846578121185303e-01
-3.778093457221984863e-01 -4.179623126983642578e-01 -3.288635015487670898e-01
-3.580742478370666504e-01 -3.692637085914611816e-01 -3.361895382404327393e-01
-3.900481462478637695e-01 -4.603971838951110840e-01 -3.392813503742218018e-01
-3.246883749961853027e-01 -4.088323712348937988e-01 -3.341229259967803955e-01
-3.888368010520935059e-01 -4.647579193115234375e-01 -3.408040404319763184e-01
-3.559549450874328613e-01 -3.918315768241882324e-01 -3.295303583145141602e-01
-3.827069103717803955e-01 -4.402975440025329590e-01 -3.325047492980957031e-01
-3.320046961307525635e-01 -3.958657383918762207e-01 -3.338356912136077881e-01
-3.514387607574462891e-01 -3.674984872341156006e-01 -3.296512961387634277e-01
-3.859009742736816406e-01 -4.572069346904754639e-01 -3.380722701549530029e-01
-4.032048285007476807e-01 -3.679026365280151367e-01 -3.308647871017456055e-01
-3.599505424499511719e-01 -3.796717524528503418e-01 -3.357488512992858887e-01
-3.599054813385009766e-01 -3.979879915714263916e-01 -3.296327590942382812e-01
-3.762896060943603516e-01 -4.088779985904693604e-01 -3.282925784587860107e-01
-3.716697692871093750e-01 -4.311060905456542969e-01 -3.300656676292419434e-01
-3.627057373523712158e-01 -4.278061389923095703e-01 -3.280487358570098877e-01
-3.759658336639404297e-01 -4.423192441463470459e-01 -3.323174715042114258e-01
-3.551111221313476562e-01 -4.029643535614013672e-01 -3.280057013034820557e-01
-3.767560720443725586e-01 -4.127458035945892334e-01 -3.285277485847473145e-01
-3.802739381790161133e-01 -4.280601739883422852e-01 -3.299659490585327148e-01
-3.799092173576354980e-01 -4.407093524932861328e-01 -3.324967920780181885e-01
-3.783431947231292725e-01 -4.100825786590576172e-01 -3.279398083686828613e-01
-3.552696108818054199e-01 -4.065325260162353516e-01 -3.276521861553192139e-01
-3.252792060375213623e-01 -4.176279902458190918e-01 -3.351782560348510742e-01
-3.805374801158905029e-01 -4.279097020626068115e-01 -3.299205601215362549e-01
-3.779813349246978760e-01 -4.564321637153625488e-01 -3.359733223915100098e-01
-3.645398616790771484e-01 -3.736199140548706055e-01 -3.354941010475158691e-01
-3.343636691570281982e-01 -4.248969256877899170e-01 -3.344503939151763916e-01
-3.813769221305847168e-01 -4.475331604480743408e-01 -3.344110548496246338e-01
-3.192820549011230469e-01 -4.415659010410308838e-01 -3.424346745014190674e-01
-3.552828133106231689e-01 -3.768033683300018311e-01 -3.351236283779144287e-01
-3.146469891071319580e-01 -4.307280778884887695e-01 -3.378894925117492676e-01
-3.620078265666961670e-01 -4.271814823150634766e-01 -3.278836905956268311e-01
-3.896648585796356201e-01 -4.437023997306823730e-01 -3.332003951072692871e-01
-4.095143675804138184e-01 -3.730304241180419922e-01 -3.301266729831695557e-01
-3.651705384254455566e-01 -3.937388360500335693e-01 -3.369631171226501465e-01
-3.317980170249938965e-01 -4.352307617664337158e-01 -3.373428583145141602e-01
-3.243085443973541260e-01 -4.002286791801452637e-01 -3.335527479648590088e-01
-3.715684115886688232e-01 -4.335801601409912109e-01 -3.302698433399200439e-01
-3.732423484325408936e-01 -4.154781401157379150e-01 -3.291256129741668701e-01
-3.564225435256958008e-01 -4.064277112483978271e-01 -3.280209600925445557e-01
-3.172879815101623535e-01 -4.235974848270416260e-01 -3.360503613948822021e-01
-3.373928666114807129e-01 -3.954562544822692871e-01 -3.327597975730895996e-01
-3.215150237083435059e-01 -4.294030666351318359e-01 -3.380073904991149902e-01
-3.902901709079742432e-01 -4.532468616962432861e-01 -3.366696536540985107e-01
-3.737699985504150391e-01 -4.045518040657043457e-01 -3.284751772880554199e-01
-3.730476796627044678e-01 -3.889284133911132812e-01 -3.371534347534179688e-01
-3.635399043560028076e-01 -4.234021604061126709e-01 -3.284025490283966064e-01
-3.855028450489044189e-01 -4.658241868019104004e-01 -3.402429223060607910e-01
-3.758747279644012451e-01 -4.044544398784637451e-01 -3.279457092285156250e-01
-3.510233163833618164e-01 -3.691360652446746826e-01 -3.302762508392333984e-01
-3.575980663299560547e-01 -3.747525811195373535e-01 -3.358433544635772705e-01
-3.689383864402770996e-01 -4.126031994819641113e-01 -3.292732536792755127e-01
-3.263935446739196777e-01 -4.263397455215454102e-01 -3.367761671543121338e-01
-3.746722340583801270e-01 -4.272227883338928223e-01 -3.299164175987243652e-01
-4.142063856124877930e-01 -3.736595511436462402e-01 -3.307350277900695801e-01
-3.629068732261657715e-01 -4.059729278087615967e-01 -3.292924761772155762e-01
-3.679714500904083252e-01 -4.121301174163818359e-01 -3.292706310749053955e-01
-3.569418489933013916e-01 -3.893783092498779297e-01 -3.300515413284301758e-01
-3.168738484382629395e-01 -4.457137286663055420e-01 -3.437483608722686768e-01
-3.315309584140777588e-01 -3.829257488250732422e-01 -3.342107832431793213e-01
-4.080792963504791260e-01 -3.718042075634002686e-01 -3.303245306015014648e-01
-3.245385885238647461e-01 -4.026116430759429932e-01 -3.337048888206481934e-01
-3.835743069648742676e-01 -4.200027585029602051e-01 -3.280539512634277344e-01
-3.214670717716217041e-01 -4.236129522323608398e-01 -3.364221751689910889e-01
-3.787109851837158203e-01 -4.016039371490478516e-01 -3.415661156177520752e-01
-3.588146865367889404e-01 -3.711121380329132080e-01 -3.361136019229888916e-01
-3.179440796375274658e-01 -4.060749113559722900e-01 -3.327201604843139648e-01
-3.855997323989868164e-01 -4.252596199512481689e-01 -3.286515772342681885e-01
-3.623014688491821289e-01 -3.947504758834838867e-01 -3.359458446502685547e-01
-3.359255492687225342e-01 -3.961752951145172119e-01 -3.331504762172698975e-01
-3.648533225059509277e-01 -3.937127590179443359e-01 -3.296994864940643311e-01
-3.605698347091674805e-01 -3.864583671092987061e-01 -3.354724943637847900e-01
-3.550166785717010498e-01 -3.779302537441253662e-01 -3.348770141601562500e-01
-3.317788839340209961e-01 -3.898490965366363525e-01 -3.340355157852172852e-01
-3.608441948890686035e-01 -3.694065511226654053e-01 -3.357909321784973145e-01
-3.316207826137542725e-01 -3.937543034553527832e-01 -3.339200317859649658e-01
-3.267040550708770752e-01 -3.858722448348999023e-01 -3.333177864551544189e-01
-3.889821767807006836e-01 -4.257608354091644287e-01 -3.279714882373809814e-01
-3.194318413734436035e-01 -4.075666368007659912e-01 -3.332718312740325928e-01
-3.631631433963775635e-01 -3.931658267974853516e-01 -3.299342393875122070e-01
-3.327565193176269531e-01 -4.035631418228149414e-01 -3.335900902748107910e-01
-3.787181675434112549e-01 -4.319508969783782959e-01 -3.306539654731750488e-01
-3.195909261703491211e-01 -4.354656934738159180e-01 -3.400639593601226807e-01
-3.848481774330139160e-01 -4.599912166595458984e-01 -3.387977778911590576e-01
-3.519063591957092285e-01 -3.673964440822601318e-01 -3.308570086956024170e-01
-3.736212253570556641e-01 -4.475251138210296631e-01 -3.327405750751495361e-01
-3.700903654098510742e-01 -4.509742558002471924e-01 -3.320701420307159424e-01
-3.295695483684539795e-01 -4.377201497554779053e-01 -3.387710154056549072e-01
-3.632524907588958740e-01 -4.278407990932464600e-01 -3.281932175159454346e-01
-3.334062099456787109e-01 -3.860722184181213379e-01 -3.340808451175689697e-01
-3.647112250328063965e-01 -4.067268967628479004e-01 -3.293620645999908447e-01
-3.830833137035369873e-01 -4.383241236209869385e-01 -3.320284783840179443e-01
-3.616124391555786133e-01 -4.159634113311767578e-01 -3.283866345882415771e-01
-3.199577033519744873e-01 -4.166270196437835693e-01 -3.347581326961517334e-01
-3.294280767440795898e-01 -4.327892363071441650e-01 -3.376294970512390137e-01
-3.343194127082824707e-01 -4.199092686176300049e-01 -3.338778316974639893e-01
-3.704786896705627441e-01 -4.023023247718811035e-01 -3.400655090808868408e-01
-3.270135521888732910e-01 -4.399038851261138916e-01 -3.402878940105438232e-01
-3.336855471134185791e-01 -4.254506826400756836e-01 -3.347811698913574219e-01
-3.675763010978698730e-01 -4.261301457881927490e-01 -3.291370868682861328e-01
-3.341122567653656006e-01 -4.176064729690551758e-01 -3.337147235870361328e-01
-3.188650310039520264e-01 -4.431588351726531982e-01 -3.430162966251373291e-01
-3.572279810905456543e-01 -3.690937757492065430e-01 -3.362365067005157471e-01
-3.915562629699707031e-01 -4.391359090805053711e-01 -3.312706947326660156e-01
-3.733749985694885254e-01 -4.247620105743408203e-01 -3.296400904655456543e-01
-3.846475780010223389e-01 -4.631330668926239014e-01 -3.395529985427856445e-01
-3.757775723934173584e-01 -4.241370558738708496e-01 -3.295868635177612305e-01
-3.365299403667449951e-01 -4.136265814304351807e-01 -3.327564299106597900e-01
-4.180300533771514893e-01 -3.745290040969848633e-01 -3.311397135257720947e-01
-3.780880868434906006e-01 -3.977236449718475342e-01 -3.401014208793640137e-01
-3.328219354152679443e-01 -4.213052392005920410e-01 -3.344596326351165771e-01
-3.719690442085266113e-01 -4.290556609630584717e-01 -3.299056291580200195e-01
-3.342284262180328369e-01 -4.056546092033386230e-01 -3.332903683185577393e-01
-3.739554584026336670e-01 -3.937105238437652588e-01 -3.386076688766479492e-01
-3.649011254310607910e-01 -4.093555510044097900e-01 -3.292162418365478516e-01
-3.908904492855072021e-01 -4.607694447040557861e-01 -3.393004536628723145e-01
-3.764981627464294434e-01 -4.520122706890106201e-01 -3.344680368900299072e-01
-3.544754981994628906e-01 -3.781094551086425781e-01 -3.303955197334289551e-01
-3.341420292854309082e-01 -4.124225676059722900e-01 -3.334101736545562744e-01
-3.264648616313934326e-01 -4.022038877010345459e-01 -3.338655829429626465e-01
-3.742648661136627197e-01 -3.865690827369689941e-01 -3.362959027290344238e-01
-3.279708623886108398e-01 -4.368430376052856445e-01 -3.390969336032867432e-01
-3.734218478202819824e-01 -3.939241170883178711e-01 -3.386495113372802734e-01
-3.768011629581451416e-01 -3.976273238658905029e-01 -3.401039838790893555e-01
-3.734057247638702393e-01 -4.495941996574401855e-01 -3.330598771572113037e-01
-3.318661153316497803e-01 -4.029313325881958008e-01 -3.337205350399017334e-01
-3.159319758415222168e-01 -4.239380359649658203e-01 -3.359206616878509521e-01
-3.717766404151916504e-01 -4.509951472282409668e-01 -3.327281773090362549e-01
-3.665582239627838135e-01 -3.931173384189605713e-01 -3.373090326786041260e-01
-3.335247337818145752e-01 -3.807477056980133057e-01 -3.343222737312316895e-01
-3.133493363857269287e-01 -4.206437170505523682e-01 -3.343873322010040283e-01
-3.607564866542816162e-01 -4.149285256862640381e-01 -3.282803893089294434e-01
-3.699252903461456299e-01 -3.961714208126068115e-01 -3.287110626697540283e-01
-3.832707107067108154e-01 -4.119915068149566650e-01 -3.268161118030548096e-01
-3.704681694507598877e-01 -4.283731877803802490e-01 -3.296412527561187744e-01
-3.881897032260894775e-01 -4.602037370204925537e-01 -3.392615914344787598e-01
-3.682743906974792480e-01 -3.983821570873260498e-01 -3.385728597640991211e-01
-3.823074698448181152e-01 -4.416486620903015137e-01 -3.328204154968261719e-01
-3.338283598423004150e-01 -4.278835654258728027e-01 -3.351249396800994873e-01
-4.108963310718536377e-01 -3.742125630378723145e-01 -3.299757838249206543e-01
-3.914476037025451660e-01 -4.539563059806823730e-01 -3.368351757526397705e-01
-3.133179545402526855e-01 -4.323667883872985840e-01 -3.381902277469635010e-01
-3.635949790477752686e-01 -3.825433254241943359e-01 -3.360528349876403809e-01
-3.159042894840240479e-01 -4.256425499916076660e-01 -3.363942205905914307e-01
-3.644783496856689453e-01 -3.819314837455749512e-01 -3.360790014266967773e-01
-3.705531358718872070e-01 -4.197803437709808350e-01 -3.293371796607971191e-01
-3.703805208206176758e-01 -4.434133768081665039e-01 -3.311431109905242920e-01
-3.830990195274353027e-01 -4.611789584159851074e-01 -3.387000858783721924e-01
-3.759488761425018311e-01 -4.562465846538543701e-01 -3.352078497409820557e-01
-3.614647686481475830e-01 -4.366138577461242676e-01 -3.276075720787048340e-01
-3.549448847770690918e-01 -3.758684992790222168e-01 -3.308136165142059326e-01
-3.553347885608673096e-01 -4.075601100921630859e-01 -3.275568187236785889e-01
-3.176094889640808105e-01 -4.397032558917999268e-01 -3.416968286037445068e-01
-3.310436904430389404e-01 -4.056556224822998047e-01 -3.338068127632141113e-01
-3.163655996322631836e-01 -4.237416982650756836e-01 -3.359428346157073975e-01
-3.376348912715911865e-01 -4.130090773105621338e-01 -3.323776721954345703e-01
-3.260667622089385986e-01 -4.402673840522766113e-01 -3.407079875469207764e-01
-3.646185994148254395e-01 -3.954143822193145752e-01 -3.368883430957794189e-01
-3.513032197952270508e-01 -3.686487972736358643e-01 -3.310286402702331543e-01
-3.716974258422851562e-01 -4.004650413990020752e-01 -3.401627242565155029e-01
-3.216710984706878662e-01 -4.331240653991699219e-01 -3.391764760017395020e-01
-3.561659157276153564e-01 -4.160264730453491211e-01 -3.269096910953521729e-01
-3.344408273696899414e-01 -4.075689911842346191e-01 -3.332119286060333252e-01
-3.927948474884033203e-01 -4.362009167671203613e-01 -3.300407230854034424e-01
-3.368712961673736572e-01 -4.140266180038452148e-01 -3.326521217823028564e-01
-3.710085451602935791e-01 -4.433401525020599365e-01 -3.313219845294952393e-01
-3.661079108715057373e-01 -4.257756173610687256e-01 -3.288848996162414551e-01
-3.749490976333618164e-01 -4.397332072257995605e-01 -3.317028880119323730e-01
-3.891503214836120605e-01 -4.606935679912567139e-01 -3.394324779510498047e-01
-3.648442029953002930e-01 -3.984204530715942383e-01 -3.371722102165222168e-01
-3.324908912181854248e-01 -3.804348409175872803e-01 -3.343293070793151855e-01
-3.797860145568847656e-01 -4.288190603256225586e-01 -3.301273584365844727e-01
-3.705725669860839844e-01 -3.829014897346496582e-01 -3.358575105667114258e-01
-3.896804153919219971e-01 -4.314318299293518066e-01 -3.292774856090545654e-01
-3.636425137519836426e-01 -4.108829200267791748e-01 -3.290206193923950195e-01
-3.337144255638122559e-01 -3.858400285243988037e-01 -3.340557515621185303e-01
-3.749524950981140137e-01 -4.491025209426879883e-01 -3.334447145462036133e-01
-3.763697445392608643e-01 -4.401054680347442627e-01 -3.319953680038452148e-01
-3.200062513351440430e-01 -4.136048257350921631e-01 -3.341851830482482910e-01
-3.810292780399322510e-01 -4.196909964084625244e-01 -3.285492658615112305e-01
-3.347477018833160400e-01 -3.887879848480224609e-01 -3.337438404560089111e-01
-3.285745084285736084e-01 -3.875042796134948730e-01 -3.338401317596435547e-01
-3.756380379199981689e-01 -4.374236464500427246e-01 -3.314058482646942139e-01
-3.867898583412170410e-01 -4.517793357372283936e-01 -3.361875414848327637e-01
-3.682339191436767578e-01 -4.012359082698822021e-01 -3.293290734291076660e-01
-3.623492717742919922e-01 -3.841044008731842041e-01 -3.359211087226867676e-01
-3.623690903186798096e-01 -3.902545571327209473e-01 -3.359246850013732910e-01
-3.662200570106506348e-01 -4.245163798332214355e-01 -3.289228081703186035e-01
-3.563765883445739746e-01 -3.969752192497253418e-01 -3.290672600269317627e-01
-3.805142343044281006e-01 -4.344855844974517822e-01 -3.311407566070556641e-01
-3.601210117340087891e-01 -3.866982161998748779e-01 -3.303390741348266602e-01
-3.656309843063354492e-01 -4.381447434425354004e-01 -3.290846645832061768e-01
-3.614960014820098877e-01 -3.742725551128387451e-01 -3.359568119049072266e-01
-3.823169767856597900e-01 -4.642807543277740479e-01 -3.389326632022857666e-01
-3.253223896026611328e-01 -4.335705339908599854e-01 -3.388651609420776367e-01
-3.605145215988159180e-01 -4.105473756790161133e-01 -3.285726904869079590e-01
-3.312884271144866943e-01 -4.191388785839080811e-01 -3.346102833747863770e-01
-3.592419326305389404e-01 -3.849302232265472412e-01 -3.352269232273101807e-01
-3.643915653228759766e-01 -3.948959410190582275e-01 -3.367768228054046631e-01
-3.805772662162780762e-01 -4.467038810253143311e-01 -3.340883255004882812e-01
-3.846961855888366699e-01 -4.371022284030914307e-01 -3.316417634487152100e-01
-3.693058192729949951e-01 -4.010955393314361572e-01 -3.291653096675872803e-01
-3.838315308094024658e-01 -4.444042146205902100e-01 -3.337056934833526611e-01
-3.913664221763610840e-01 -4.367354810237884521e-01 -3.305408954620361328e-01
-3.632224798202514648e-01 -4.206101894378662109e-01 -3.283950090408325195e-01
-3.125540912151336670e-01 -4.350474774837493896e-01 -3.390276134014129639e-01
-3.650616407394409180e-01 -3.723692297935485840e-01 -3.352140486240386963e-01
-3.774807751178741455e-01 -3.971512019634246826e-01 -3.398920595645904541e-01
-3.826255500316619873e-01 -4.366277456283569336e-01 -3.316270709037780762e-01
-3.208634555339813232e-01 -3.964182436466217041e-01 -3.325161039829254150e-01
-3.775552511215209961e-01 -4.491180479526519775e-01 -3.341239690780639648e-01
-3.165600895881652832e-01 -4.112967252731323242e-01 -3.330930471420288086e-01
-3.241066336631774902e-01 -4.135237038135528564e-01 -3.345154821872711182e-01
-3.692775070667266846e-01 -4.379611909389495850e-01 -3.301573991775512695e-01
-3.186439573764801025e-01 -4.073563814163208008e-01 -3.330682814121246338e-01
-3.824260234832763672e-01 -4.270321726799011230e-01 -3.295607566833496094e-01
-3.815422654151916504e-01 -4.107269942760467529e-01 -3.271548449993133545e-01
-3.560413420200347900e-01 -4.019272029399871826e-01 -3.284112513065338135e-01
-3.864457309246063232e-01 -4.488089084625244141e-01 -3.350987434387207031e-01
-3.699537813663482666e-01 -4.121562242507934570e-01 -3.292548060417175293e-01
-3.652883172035217285e-01 -4.377704858779907227e-01 -3.289653062820434570e-01
-3.791683316230773926e-01 -4.367303550243377686e-01 -3.316069543361663818e-01
-3.748878538608551025e-01 -4.172114133834838867e-01 -3.291036486625671387e-01
-3.144019842147827148e-01 -4.096506536006927490e-01 -3.322255015373229980e-01
-3.816578090190887451e-01 -4.180836975574493408e-01 -3.281983435153961182e-01
-3.310997784137725830e-01 -4.274933040142059326e-01 -3.359661996364593506e-01
-3.802588582038879395e-01 -4.179655611515045166e-01 -3.284648656845092773e-01
-3.728643357753753662e-01 -4.127097725868225098e-01 -3.290762603282928467e-01
-3.694236278533935547e-01 -4.021292030811309814e-01 -3.395790159702301025e-01
-3.741945922374725342e-01 -4.038735330104827881e-01 -3.283225595951080322e-01
-3.116168379783630371e-01 -4.263804554939270020e-01 -3.356322050094604492e-01
-3.879575431346893311e-01 -4.553219676017761230e-01 -3.375342488288879395e-01
-3.160528838634490967e-01 -4.360283315181732178e-01 -3.400821685791015625e-01
-3.361471295356750488e-01 -4.140861630439758301e-01 -3.328853547573089600e-01
-3.825042545795440674e-01 -4.533039927482604980e-01 -3.362602293491363525e-01
-3.658516407012939453e-01 -4.328565299510955811e-01 -3.289677500724792480e-01
-3.690255582332611084e-01 -3.891306817531585693e-01 -3.371047973632812500e-01
-3.851526379585266113e-01 -4.624469280242919922e-01 -3.395259976387023926e-01
-3.601671457290649414e-01 -3.874490559101104736e-01 -3.352963626384735107e-01
-3.728494644165039062e-01 -3.985426723957061768e-01 -3.281464576721191406e-01
-3.709493279457092285e-01 -3.835492432117462158e-01 -3.359665274620056152e-01
-3.828885555267333984e-01 -4.612241387367248535e-01 -3.386507928371429443e-01
-3.593577444553375244e-01 -4.260596036911010742e-01 -3.271303176879882812e-01
-3.825808465480804443e-01 -4.428049623966217041e-01 -3.331760764122009277e-01
-3.696632981300354004e-01 -3.877875804901123047e-01 -3.368865847587585449e-01
-3.306230902671813965e-01 -3.969887495040893555e-01 -3.338925540447235107e-01
-3.667780458927154541e-01 -4.092439413070678711e-01 -3.292877078056335449e-01
-3.772143125534057617e-01 -3.908461332321166992e-01 -3.373681008815765381e-01
-3.674509823322296143e-01 -4.127983450889587402e-01 -3.292465806007385254e-01
-3.620217740535736084e-01 -4.241240322589874268e-01 -3.280066251754760742e-01
-3.701074421405792236e-01 -3.780651986598968506e-01 -3.349856436252593994e-01
-3.534414172172546387e-01 -3.742853105068206787e-01 -3.294956684112548828e-01
-3.356393873691558838e-01 -4.118640422821044922e-01 -3.329898715019226074e-01
-3.879411220550537109e-01 -4.364870190620422363e-01 -3.311065733432769775e-01
-3.147239089012145996e-01 -4.100712239742279053e-01 -3.323906660079956055e-01
-3.642232716083526611e-01 -4.204237461090087891e-01 -3.286003470420837402e-01
-3.181667029857635498e-01 -4.281031787395477295e-01 -3.374713957309722900e-01
-3.339119851589202881e-01 -4.270207881927490234e-01 -3.349559307098388672e-01
-3.760940134525299072e-01 -3.934014737606048584e-01 -3.384788036346435547e-01
-3.821198344230651855e-01 -4.251998364925384521e-01 -3.292402029037475586e-01
-3.767032623291015625e-01 -4.405141472816467285e-01 -3.321180939674377441e-01
-3.874066770076751709e-01 -4.268577694892883301e-01 -3.286216855049133301e-01
-3.919290602207183838e-01 -4.587464034557342529e-01 -3.384951651096343994e-01
-3.673743307590484619e-01 -4.451119899749755859e-01 -3.303057849407196045e-01
-3.637050688266754150e-01 -3.966346681118011475e-01 -3.298178613185882568e-01
-3.283997476100921631e-01 -4.135274589061737061e-01 -3.344154357910156250e-01
-3.173052072525024414e-01 -4.368638098239898682e-01 -3.405431210994720459e-01
-3.817070126533508301e-01 -4.126245677471160889e-01 -3.273592591285705566e-01
-3.829646110534667969e-01 -4.358854889869689941e-01 -3.314312994480133057e-01
-3.603815734386444092e-01 -3.787811994552612305e-01 -3.358468115329742432e-01
-3.902487158775329590e-01 -4.451553821563720703e-01 -3.336311876773834229e-01
-3.672964870929718018e-01 -4.045251607894897461e-01 -3.294202089309692383e-01
-3.746444284915924072e-01 -3.937055766582489014e-01 -3.386225998401641846e-01
-3.759793639183044434e-01 -4.242484569549560547e-01 -3.295875489711761475e-01
-3.633776605129241943e-01 -4.358349144458770752e-01 -3.282921612262725830e-01
-3.627476990222930908e-01 -4.235481619834899902e-01 -3.282096683979034424e-01
-3.681050539016723633e-01 -3.768424093723297119e-01 -3.352061808109283447e-01
-3.686076104640960693e-01 -3.951556682586669922e-01 -3.381258845329284668e-01
-3.338680267333984375e-01 -4.294406771659851074e-01 -3.353563249111175537e-01
-3.690789639949798584e-01 -3.934881389141082764e-01 -3.286533653736114502e-01
-3.808431029319763184e-01 -4.633635580539703369e-01 -3.383107483386993408e-01
-3.587718009948730469e-01 -3.976600468158721924e-01 -3.295068740844726562e-01
-3.512768745422363281e-01 -3.678439259529113770e-01 -3.311796486377716064e-01
-3.647925555706024170e-01 -4.256059229373931885e-01 -3.286233544349670410e-01
-3.647482991218566895e-01 -4.322557151317596436e-01 -3.286325633525848389e-01
-3.754078745841979980e-01 -4.026967883110046387e-01 -3.418025076389312744e-01
-3.586379587650299072e-01 -4.097521603107452393e-01 -3.282505571842193604e-01
-3.299112319946289062e-01 -4.253267049789428711e-01 -3.358864784240722656e-01
-3.615020513534545898e-01 -4.190578460693359375e-01 -3.281309902667999268e-01
-3.307465314865112305e-01 -3.919625282287597656e-01 -3.339828550815582275e-01
-3.562869131565093994e-01 -3.829040527343750000e-01 -3.306148052215576172e-01
-3.257262706756591797e-01 -4.437232613563537598e-01 -3.417064547538757324e-01
-3.273434340953826904e-01 -3.961609899997711182e-01 -3.338008224964141846e-01
-3.241760432720184326e-01 -4.094242751598358154e-01 -3.341427743434906006e-01
-3.863670229911804199e-01 -4.620297253131866455e-01 -3.396622538566589355e-01
-3.756802976131439209e-01 -4.470522999763488770e-01 -3.332141637802124023e-01
-3.723716139793395996e-01 -4.290494620800018311e-01 -3.299524486064910889e-01
-3.652597069740295410e-01 -4.050367772579193115e-01 -3.294572532176971436e-01
-3.319663107395172119e-01 -4.019507169723510742e-01 -3.337120413780212402e-01
-3.887587785720825195e-01 -4.640729725360870361e-01 -3.405729830265045166e-01
-3.161909282207489014e-01 -4.155321717262268066e-01 -3.338678181171417236e-01
-3.353207409381866455e-01 -4.258691966533660889e-01 -3.342453241348266602e-01
-3.692567050457000732e-01 -3.865607380867004395e-01 -3.366779983043670654e-01
-3.741994202136993408e-01 -4.382540583610534668e-01 -3.313221335411071777e-01
-3.272538781166076660e-01 -4.018355906009674072e-01 -3.338966369628906250e-01
-3.206182122230529785e-01 -4.327241778373718262e-01 -3.390893042087554932e-01
-3.619215190410614014e-01 -3.922492265701293945e-01 -3.300658464431762695e-01
-3.762453198432922363e-01 -4.594225287437438965e-01 -3.359419107437133789e-01
-3.354957401752471924e-01 -3.869017660617828369e-01 -3.336610198020935059e-01
-3.603087663650512695e-01 -3.947151005268096924e-01 -3.299438953399658203e-01
-3.367356956005096436e-01 -3.975319266319274902e-01 -3.328776061534881592e-01
-3.227144777774810791e-01 -4.173977673053741455e-01 -3.351278305053710938e-01
-3.675151169300079346e-01 -4.246672689914703369e-01 -3.291333615779876709e-01
-3.570910990238189697e-01 -3.893074989318847656e-01 -3.300899565219879150e-01
-3.705372214317321777e-01 -4.504605531692504883e-01 -3.321767449378967285e-01
-3.664731383323669434e-01 -3.772549629211425781e-01 -3.355761468410491943e-01
-3.655016720294952393e-01 -3.929918408393859863e-01 -3.295460045337677002e-01
-3.178860545158386230e-01 -4.011581838130950928e-01 -3.321186006069183350e-01
-3.357795774936676025e-01 -4.225872755050659180e-01 -3.336298465728759766e-01
-3.789671361446380615e-01 -4.086061716079711914e-01 -3.276061415672302246e-01
-3.203416168689727783e-01 -4.078634977340698242e-01 -3.334893584251403809e-01
-3.557741343975067139e-01 -4.096601009368896484e-01 -3.274610042572021484e-01
-3.264588415622711182e-01 -4.096275568008422852e-01 -3.342372775077819824e-01
-3.589828312397003174e-01 -4.270212352275848389e-01 -3.269465565681457520e-01
-3.574407398700714111e-01 -4.184626638889312744e-01 -3.270883858203887939e-01
-3.210748136043548584e-01 -4.099710285663604736e-01 -3.338549435138702393e-01
-3.901271820068359375e-01 -4.459621608257293701e-01 -3.339286446571350098e-01
-3.812133073806762695e-01 -4.626733660697937012e-01 -3.383737802505493164e-01
-3.337824940681457520e-01 -3.888639509677886963e-01 -3.339072763919830322e-01
-3.208967745304107666e-01 -3.965979218482971191e-01 -3.325418531894683838e-01
-3.193464279174804688e-01 -4.449696242809295654e-01 -3.436408638954162598e-01
-3.714976906776428223e-01 -3.934989571571350098e-01 -3.383282423019409180e-01
-3.633636236190795898e-01 -4.356555640697479248e-01 -3.282846510410308838e-01
-3.339612782001495361e-01 -4.181393682956695557e-01 -3.338123261928558350e-01
-3.675986528396606445e-01 -4.434097111225128174e-01 -3.302326202392578125e-01
-4.057224392890930176e-01 -3.704309761524200439e-01 -3.304363489151000977e-01
-3.623419106006622314e-01 -3.801431953907012939e-01 -3.359395861625671387e-01
-3.709625005722045898e-01 -4.253379702568054199e-01 -3.295353651046752930e-01
-3.779187798500061035e-01 -4.538175761699676514e-01 -3.353000879287719727e-01
-3.638094067573547363e-01 -4.369423687458038330e-01 -3.284583687782287598e-01
-3.805090785026550293e-01 -4.190919995307922363e-01 -3.285661935806274414e-01
-3.312355875968933105e-01 -4.011648595333099365e-01 -3.337910473346710205e-01
-3.328463733196258545e-01 -3.779364526271820068e-01 -3.343815207481384277e-01
-3.915023803710937500e-01 -4.426791369915008545e-01 -3.325621187686920166e-01
-3.627495765686035156e-01 -3.927969932556152344e-01 -3.360557258129119873e-01
-3.577877283096313477e-01 -4.172998964786529541e-01 -3.273023366928100586e-01
-3.849289715290069580e-01 -4.549098610877990723e-01 -3.371634781360626221e-01
-3.624274134635925293e-01 -4.312056005001068115e-01 -3.278844058513641357e-01
-3.379302322864532471e-01 -4.085485935211181641e-01 -3.322127759456634521e-01
-3.126123547554016113e-01 -4.273553788661956787e-01 -3.362472653388977051e-01
-3.560116589069366455e-01 -3.882614076137542725e-01 -3.299444913864135742e-01
-3.272131681442260742e-01 -4.322924017906188965e-01 -3.381138145923614502e-01
-3.564712107181549072e-01 -3.869332671165466309e-01 -3.302178382873535156e-01
-3.884615898132324219e-01 -4.544074833393096924e-01 -3.371942341327667236e-01
-3.562604784965515137e-01 -4.071109592914581299e-01 -3.278974890708923340e-01
-3.285748660564422607e-01 -3.875697255134582520e-01 -3.338416516780853271e-01
-3.753860890865325928e-01 -3.932499289512634277e-01 -3.384535014629364014e-01
-3.590176701545715332e-01 -4.260089993476867676e-01 -3.270205855369567871e-01
-3.652744889259338379e-01 -3.966403007507324219e-01 -3.371999859809875488e-01
-3.772849142551422119e-01 -4.597769677639007568e-01 -3.364327847957611084e-01
-3.680148422718048096e-01 -4.334028959274291992e-01 -3.295482099056243896e-01
-3.764319419860839844e-01 -4.035642147064208984e-01 -3.276939690113067627e-01
-3.674083352088928223e-01 -3.877892494201660156e-01 -3.367724716663360596e-01
-3.656698167324066162e-01 -3.985326588153839111e-01 -3.375505805015563965e-01
-3.132595717906951904e-01 -4.143950343132019043e-01 -3.328271806240081787e-01
-3.765533268451690674e-01 -4.398224949836730957e-01 -3.319717943668365479e-01
-3.618256449699401855e-01 -4.276498258113861084e-01 -3.278087973594665527e-01
-3.635417819023132324e-01 -3.723929226398468018e-01 -3.355624079704284668e-01
-3.719431161880493164e-01 -4.277282655239105225e-01 -3.297672271728515625e-01
-3.297321200370788574e-01 -4.052219688892364502e-01 -3.339190781116485596e-01
-3.230072557926177979e-01 -4.239850342273712158e-01 -3.365173935890197754e-01
-3.853500783443450928e-01 -4.178656637668609619e-01 -3.272431194782257080e-01
-3.686523735523223877e-01 -4.130928814411163330e-01 -3.292698562145233154e-01
-3.551462590694427490e-01 -3.749218583106994629e-01 -3.353577256202697754e-01
-3.619085848331451416e-01 -3.865239620208740234e-01 -3.357768654823303223e-01
-3.756768703460693359e-01 -4.576972424983978271e-01 -3.353933095932006836e-01
-3.676348328590393066e-01 -4.499148130416870117e-01 -3.309024274349212646e-01
-3.693785667419433594e-01 -3.909277915954589844e-01 -3.375142514705657959e-01
-3.182647228240966797e-01 -4.283718764781951904e-01 -3.375703394412994385e-01
-3.180533647537231445e-01 -4.356073141098022461e-01 -3.400892019271850586e-01
-3.338377773761749268e-01 -3.981568515300750732e-01 -3.335195779800415039e-01
-3.325218260288238525e-01 -4.295964539051055908e-01 -3.358705639839172363e-01
-3.236143589019775391e-01 -4.439428746700286865e-01 -3.424423038959503174e-01
-3.674622476100921631e-01 -4.110434353351593018e-01 -3.292760252952575684e-01
-3.632543385028839111e-01 -3.764815926551818848e-01 -3.358950316905975342e-01
-3.289157450199127197e-01 -4.402522742748260498e-01 -3.396633267402648926e-01
-3.923461139202117920e-01 -4.445721805095672607e-01 -3.330921828746795654e-01
-3.893164992332458496e-01 -4.617694318294525146e-01 -3.397879004478454590e-01
-3.745999336242675781e-01 -4.017870128154754639e-01 -3.280147314071655273e-01
-3.609904050827026367e-01 -4.015882313251495361e-01 -3.294240534305572510e-01
-3.606318533420562744e-01 -3.841051757335662842e-01 -3.356099426746368408e-01
-3.801988661289215088e-01 -4.388373792171478271e-01 -3.321143984794616699e-01
-3.577201664447784424e-01 -3.900622427463531494e-01 -3.301158845424652100e-01
-3.602690994739532471e-01 -4.243685603141784668e-01 -3.275043368339538574e-01
-3.620449900627136230e-01 -3.822064995765686035e-01 -3.358895182609558105e-01
-3.576808869838714600e-01 -4.048052132129669189e-01 -3.285340368747711182e-01
-3.317508697509765625e-01 -4.042920172214508057e-01 -3.337295949459075928e-01
-3.774766325950622559e-01 -4.098256826400756836e-01 -3.281189203262329102e-01
-3.721532225608825684e-01 -3.908572196960449219e-01 -3.376971483230590820e-01
-3.606903553009033203e-01 -3.782680928707122803e-01 -3.358946740627288818e-01
-3.768130242824554443e-01 -4.038755297660827637e-01 -3.424229919910430908e-01
-3.295620679855346680e-01 -3.854653537273406982e-01 -3.339633941650390625e-01
-3.752614855766296387e-01 -3.880415260791778564e-01 -3.366533219814300537e-01
-3.774104416370391846e-01 -3.975958228111267090e-01 -3.400821685791015625e-01
-3.571996688842773438e-01 -4.210807681083679199e-01 -3.267504870891571045e-01
-3.587247431278228760e-01 -3.982123732566833496e-01 -3.294443488121032715e-01
-3.277367055416107178e-01 -4.369022846221923828e-01 -3.391906321048736572e-01
-3.774512410163879395e-01 -4.541481137275695801e-01 -3.352439701557159424e-01
-3.920403420925140381e-01 -4.593171477317810059e-01 -3.386482000350952148e-01
-3.257921636104583740e-01 -4.166124761104583740e-01 -3.349992632865905762e-01
-3.725456893444061279e-01 -4.304536581039428711e-01 -3.301161229610443115e-01
-3.805323541164398193e-01 -4.624393284320831299e-01 -3.381055891513824463e-01
-3.323135375976562500e-01 -3.958907723426818848e-01 -3.338067531585693359e-01
-3.885245919227600098e-01 -4.624646604061126709e-01 -3.400287628173828125e-01
-3.248409032821655273e-01 -4.185586571693420410e-01 -3.353348374366760254e-01
-3.579287528991699219e-01 -4.255170226097106934e-01 -3.266753256320953369e-01
-3.746856451034545898e-01 -4.048388898372650146e-01 -3.282840251922607422e-01
-3.666286468505859375e-01 -4.344478547573089600e-01 -3.292479217052459717e-01
-3.632963895797729492e-01 -4.182906746864318848e-01 -3.285499811172485352e-01
-3.777830302715301514e-01 -4.273666739463806152e-01 -3.299717903137207031e-01
-3.763060271739959717e-01 -4.532780945301055908e-01 -3.346585929393768311e-01
-3.818208575248718262e-01 -4.538849890232086182e-01 -3.363128304481506348e-01
-3.181634843349456787e-01 -4.113931059837341309e-01 -3.334896564483642578e-01
-3.306039869785308838e-01 -4.327408075332641602e-01 -3.372328281402587891e-01
-3.228025436401367188e-01 -3.928485512733459473e-01 -3.327719271183013916e-01
-3.875074386596679688e-01 -4.273706674575805664e-01 -3.287174999713897705e-01
-3.785682916641235352e-01 -4.017536044120788574e-01 -3.416381180286407471e-01
-3.348274230957031250e-01 -3.794544935226440430e-01 -3.341610431671142578e-01
-3.845459520816802979e-01 -4.190626740455627441e-01 -3.276647627353668213e-01
-3.889068961143493652e-01 -4.615233838558197021e-01 -3.397156000137329102e-01
-3.252277374267578125e-01 -4.011620283126831055e-01 -3.337169289588928223e-01
-3.326317667961120605e-01 -4.340117871761322021e-01 -3.367517292499542236e-01
-3.225080966949462891e-01 -4.022786021232604980e-01 -3.333780169486999512e-01
-3.797864317893981934e-01 -4.105245471000671387e-01 -3.276205062866210938e-01
-3.779104948043823242e-01 -3.952036798000335693e-01 -3.390315771102905273e-01
-3.729316890239715576e-01 -4.348482787609100342e-01 -3.305920362472534180e-01
-3.705601096153259277e-01 -4.301728308200836182e-01 -3.298178911209106445e-01
-3.341331183910369873e-01 -3.980530798435211182e-01 -3.334707021713256836e-01
-3.694553971290588379e-01 -3.809084892272949219e-01 -3.356539905071258545e-01
-3.671040236949920654e-01 -4.066625535488128662e-01 -3.293799757957458496e-01
-3.827072978019714355e-01 -4.294124841690063477e-01 -3.299827575683593750e-01
-3.771413564682006836e-01 -3.911669552326202393e-01 -3.375075757503509521e-01
-3.594852089881896973e-01 -3.833564221858978271e-01 -3.353894352912902832e-01
-3.319232463836669922e-01 -4.121107757091522217e-01 -3.338806033134460449e-01
-3.625472784042358398e-01 -3.797904551029205322e-01 -3.359556794166564941e-01
-3.133867681026458740e-01 -4.232059121131896973e-01 -3.351500332355499268e-01
-3.279630541801452637e-01 -3.913874030113220215e-01 -3.338037133216857910e-01
-3.657998442649841309e-01 -4.432313740253448486e-01 -3.295540213584899902e-01
-3.224431276321411133e-01 -4.245660901069641113e-01 -3.366662859916687012e-01
-3.682557046413421631e-01 -3.976148068904876709e-01 -3.384514153003692627e-01
-3.777913451194763184e-01 -4.480932056903839111e-01 -3.339447379112243652e-01
-3.727917075157165527e-01 -4.225179851055145264e-01 -3.295215070247650146e-01
-3.853001594543457031e-01 -4.159141480922698975e-01 -3.269095122814178467e-01
-3.673169910907745361e-01 -3.915205895900726318e-01 -3.372723460197448730e-01
-3.314600586891174316e-01 -4.259767234325408936e-01 -3.355882167816162109e-01
-3.124274015426635742e-01 -4.324493706226348877e-01 -3.380075693130493164e-01
-3.740707635879516602e-01 -4.105643928050994873e-01 -3.288297653198242188e-01
-3.581345379352569580e-01 -3.963908255100250244e-01 -3.295277059078216553e-01
-3.765239715576171875e-01 -4.283716678619384766e-01 -3.301270604133605957e-01
-3.342604935169219971e-01 -4.171706438064575195e-01 -3.336275815963745117e-01
-3.342894613742828369e-01 -4.259295761585235596e-01 -3.346430957317352295e-01
-3.693170845508575439e-01 -4.277052879333496094e-01 -3.294042646884918213e-01
-3.702586591243743896e-01 -4.376000165939331055e-01 -3.303703367710113525e-01
-3.722456395626068115e-01 -3.841429352760314941e-01 -3.359410166740417480e-01
-3.280428349971771240e-01 -4.189423918724060059e-01 -3.351491689682006836e-01
-3.707213401794433594e-01 -3.907616436481475830e-01 -3.376088142395019531e-01
-3.146128058433532715e-01 -4.377286136150360107e-01 -3.405380845069885254e-01
-3.717265427112579346e-01 -3.945232927799224854e-01 -3.386441469192504883e-01
-3.802290260791778564e-01 -4.377486109733581543e-01 -3.318794965744018555e-01
-3.213960230350494385e-01 -4.312781095504760742e-01 -3.386081457138061523e-01
-3.870592713356018066e-01 -4.341125488281250000e-01 -3.305601477622985840e-01
-3.703539967536926270e-01 -3.909723460674285889e-01 -3.376260399818420410e-01
-3.279924392700195312e-01 -4.020135700702667236e-01 -3.339216709136962891e-01
-3.210710883140563965e-01 -4.244802892208099365e-01 -3.366299569606781006e-01
-3.555137217044830322e-01 -3.765592277050018311e-01 -3.303443789482116699e-01
-3.376561701297760010e-01 -4.137821793556213379e-01 -3.323831558227539062e-01
-3.849172294139862061e-01 -4.441679120063781738e-01 -3.336501717567443848e-01
-3.313212096691131592e-01 -4.162395000457763672e-01 -3.342638313770294189e-01
-3.198057115077972412e-01 -4.200742244720458984e-01 -3.354009687900543213e-01
-3.761002421379089355e-01 -3.939875364303588867e-01 -3.386948108673095703e-01
-3.589025735855102539e-01 -4.014354050159454346e-01 -3.291409611701965332e-01
-3.365207314491271973e-01 -3.904297649860382080e-01 -3.332236409187316895e-01
-3.625164330005645752e-01 -4.133877456188201904e-01 -3.287248313426971436e-01
-3.295129537582397461e-01 -4.396823346614837646e-01 -3.392833471298217773e-01
-3.697269260883331299e-01 -4.428410530090332031e-01 -3.308792412281036377e-01
-3.351176381111145020e-01 -3.828921914100646973e-01 -3.339369893074035645e-01
-3.682087063789367676e-01 -3.804207742214202881e-01 -3.357552886009216309e-01
-3.832922875881195068e-01 -4.280760288238525391e-01 -3.296489119529724121e-01
-3.572275042533874512e-01 -4.155550599098205566e-01 -3.272968530654907227e-01
-3.700907230377197266e-01 -4.083297252655029297e-01 -3.291876614093780518e-01
-3.617219626903533936e-01 -4.041398763656616211e-01 -3.293095827102661133e-01
-3.271603882312774658e-01 -4.109184741973876953e-01 -3.343195021152496338e-01
-3.193965852260589600e-01 -4.449149072170257568e-01 -3.436174690723419189e-01
-3.695995509624481201e-01 -3.858442008495330811e-01 -3.365471661090850830e-01
-3.749172389507293701e-01 -4.197361767292022705e-01 -3.293068408966064453e-01
-3.606038689613342285e-01 -3.876299560070037842e-01 -3.302753865718841553e-01
-3.813824653625488281e-01 -4.125007092952728271e-01 -3.274338543415069580e-01
-3.334707021713256836e-01 -4.142518341541290283e-01 -3.336286246776580811e-01
-3.899694979190826416e-01 -4.455789327621459961e-01 -3.338155448436737061e-01
-3.275327682495117188e-01 -3.887230157852172852e-01 -3.336830139160156250e-01
-3.634909391403198242e-01 -3.718485534191131592e-01 -3.355099856853485107e-01
-3.571963906288146973e-01 -3.834272027015686035e-01 -3.306919336318969727e-01
-3.777909576892852783e-01 -4.274317622184753418e-01 -3.299817740917205811e-01
-3.900869190692901611e-01 -4.338689446449279785e-01 -3.299383819103240967e-01
-3.698356449604034424e-01 -4.291842579841613770e-01 -3.296140432357788086e-01
-3.806374967098236084e-01 -4.473944008350372314e-01 -3.342786431312561035e-01
-3.889220356941223145e-01 -4.431749880313873291e-01 -3.331047594547271729e-01
-3.604530394077301025e-01 -4.149203300476074219e-01 -3.282136023044586182e-01
-3.594917356967926025e-01 -4.137572646141052246e-01 -3.280804157257080078e-01
-3.882668018341064453e-01 -4.442462623119354248e-01 -3.335341215133666992e-01
-3.660678863525390625e-01 -4.221210479736328125e-01 -3.289099335670471191e-01
-3.712131381034851074e-01 -4.117634594440460205e-01 -3.291878700256347656e-01
-3.187076151371002197e-01 -4.085654020309448242e-01 -3.332431018352508545e-01
-3.714476227760314941e-01 -4.482460319995880127e-01 -3.321617841720581055e-01
-3.565695881843566895e-01 -3.887399137020111084e-01 -3.300396203994750977e-01
-3.188640773296356201e-01 -4.136869609355926514e-01 -3.340239226818084717e-01
-3.613874912261962891e-01 -3.882251083850860596e-01 -3.301567137241363525e-01
-3.578324019908905029e-01 -4.118019342422485352e-01 -3.278293311595916748e-01
-3.615770339965820312e-01 -4.326373636722564697e-01 -3.276199996471405029e-01
-3.637457489967346191e-01 -3.934295773506164551e-01 -3.364574611186981201e-01
-3.242987096309661865e-01 -4.390888214111328125e-01 -3.408341705799102783e-01
-3.663518130779266357e-01 -3.746823966503143311e-01 -3.352627158164978027e-01
-3.385674953460693359e-01 -3.982431888580322266e-01 -3.322701752185821533e-01
-3.235803842544555664e-01 -4.069885611534118652e-01 -3.338614404201507568e-01
-3.252330124378204346e-01 -4.319660067558288574e-01 -3.384279310703277588e-01
-3.677110970020294189e-01 -4.125366210937500000e-01 -3.292607963085174561e-01
-3.702450394630432129e-01 -3.950409889221191406e-01 -3.284957110881805420e-01
-3.844187557697296143e-01 -4.476220905780792236e-01 -3.346924781799316406e-01
-3.695802688598632812e-01 -4.478362798690795898e-01 -3.314117789268493652e-01
-3.662008047103881836e-01 -3.822930753231048584e-01 -3.361159861087799072e-01
-3.151719868183135986e-01 -4.355852305889129639e-01 -3.397786915302276611e-01
-3.824612200260162354e-01 -4.126359224319458008e-01 -3.271468579769134521e-01
-3.345190584659576416e-01 -4.063481390476226807e-01 -3.332139551639556885e-01
-3.608957529067993164e-01 -3.974820673465728760e-01 -3.297651410102844238e-01
-3.869061172008514404e-01 -4.247840344905853271e-01 -3.282543122768402100e-01
-3.182177841663360596e-01 -4.246239960193634033e-01 -3.364538848400115967e-01
-3.663871586322784424e-01 -3.791185021400451660e-01 -3.357761502265930176e-01
-3.235596120357513428e-01 -4.226465821266174316e-01 -3.361770510673522949e-01
-3.228259086608886719e-01 -4.127920269966125488e-01 -3.343513011932373047e-01
-3.238137960433959961e-01 -4.374567270278930664e-01 -3.403839766979217529e-01
-3.833968043327331543e-01 -4.337579011917114258e-01 -3.308657705783843994e-01
-3.323835134506225586e-01 -4.194468557834625244e-01 -3.343809545040130615e-01
-3.562602698802947998e-01 -3.926976025104522705e-01 -3.295181393623352051e-01
-3.657785952091217041e-01 -4.210563898086547852e-01 -3.288677632808685303e-01
-3.887067735195159912e-01 -4.334290921688079834e-01 -3.300816714763641357e-01
-3.320301473140716553e-01 -4.057658910751342773e-01 -3.336817622184753418e-01
-3.213885128498077393e-01 -4.446143209934234619e-01 -3.432050049304962158e-01
-3.638879656791687012e-01 -3.954790532588958740e-01 -3.298315405845642090e-01
-3.599880337715148926e-01 -4.191333949565887451e-01 -3.277599215507507324e-01
-3.170583844184875488e-01 -4.223709106445312500e-01 -3.356770277023315430e-01
-3.797769248485565186e-01 -4.400883018970489502e-01 -3.323579430580139160e-01
-3.303645551204681396e-01 -3.825283348560333252e-01 -3.340366184711456299e-01
-3.642842173576354980e-01 -3.771967291831970215e-01 -3.358509242534637451e-01
-3.179087936878204346e-01 -4.194437563419342041e-01 -3.350032567977905273e-01
-3.701764345169067383e-01 -4.029572010040283203e-01 -3.400230705738067627e-01
-3.555449545383453369e-01 -3.731420338153839111e-01 -3.356892168521881104e-01
-3.294579684734344482e-01 -4.072625637054443359e-01 -3.339628577232360840e-01
-3.903709352016448975e-01 -4.538209736347198486e-01 -3.368879258632659912e-01
-4.115434288978576660e-01 -3.712937235832214355e-01 -3.309420645236968994e-01
-3.709445893764495850e-01 -4.227697253227233887e-01 -3.294609487056732178e-01
-3.563423454761505127e-01 -3.789285719394683838e-01 -3.299554586410522461e-01
-3.304248452186584473e-01 -4.327259659767150879e-01 -3.372908830642700195e-01
-3.651859760284423828e-01 -3.957334756851196289e-01 -3.296809196472167969e-01
-3.611258566379547119e-01 -3.900665342807769775e-01 -3.301902115345001221e-01
-3.742723762989044189e-01 -4.004537761211395264e-01 -3.279568850994110107e-01
-3.333363533020019531e-01 -3.862299323081970215e-01 -3.340812325477600098e-01
-3.564674854278564453e-01 -3.793183863162994385e-01 -3.299255967140197754e-01
-3.650501370429992676e-01 -4.264762103557586670e-01 -3.286597132682800293e-01
-3.789571821689605713e-01 -4.509125053882598877e-01 -3.348495662212371826e-01
-3.568839430809020996e-01 -3.825709819793701172e-01 -3.296511471271514893e-01
-3.558732271194458008e-01 -3.684696555137634277e-01 -3.362589776515960693e-01
-3.805644810199737549e-01 -4.229966104030609131e-01 -3.290386497974395752e-01
-3.894004523754119873e-01 -4.512354135513305664e-01 -3.359465599060058594e-01
-3.756569325923919678e-01 -3.936194181442260742e-01 -3.385791182518005371e-01
-3.637039363384246826e-01 -4.305026233196258545e-01 -3.282634019851684570e-01
-3.257139325141906738e-01 -4.323261082172393799e-01 -3.384425640106201172e-01
-3.736182749271392822e-01 -4.163476824760437012e-01 -3.291195034980773926e-01
-3.165420889854431152e-01 -4.408600330352783203e-01 -3.420671522617340088e-01
-3.878872692584991455e-01 -4.251790344715118408e-01 -3.281106948852539062e-01
-3.823310136795043945e-01 -4.423058927059173584e-01 -3.330160379409790039e-01
-3.715383410453796387e-01 -4.278219044208526611e-01 -3.297290802001953125e-01
-3.738965392112731934e-01 -4.039396643638610840e-01 -3.416376709938049316e-01
-3.782753348350524902e-01 -4.022080898284912109e-01 -3.418322503566741943e-01
-3.618359863758087158e-01 -3.721337914466857910e-01 -3.358424007892608643e-01
-3.226258158683776855e-01 -4.077480733394622803e-01 -3.338302671909332275e-01
-3.791634738445281982e-01 -4.325392544269561768e-01 -3.307392001152038574e-01
-3.582826554775238037e-01 -4.208072721958160400e-01 -3.271229863166809082e-01
-3.525596857070922852e-01 -3.687944412231445312e-01 -3.301525115966796875e-01
-3.740806579589843750e-01 -4.430354237556457520e-01 -3.320592641830444336e-01
-3.719536960124969482e-01 -4.539094865322113037e-01 -3.332320749759674072e-01
-3.610011041164398193e-01 -4.046201109886169434e-01 -3.291832804679870605e-01
-3.330044150352478027e-01 -4.325720965862274170e-01 -3.362986147403717041e-01
-3.824998140335083008e-01 -4.338934123516082764e-01 -3.309529423713684082e-01
-3.713670969009399414e-01 -3.906503617763519287e-01 -3.376200199127197266e-01
-3.591803908348083496e-01 -4.277280569076538086e-01 -3.269714415073394775e-01
-3.793088793754577637e-01 -4.546729326248168945e-01 -3.359313309192657471e-01
-3.745350837707519531e-01 -4.118845760822296143e-01 -3.288366496562957764e-01
-3.660804033279418945e-01 -4.441009461879730225e-01 -3.297327756881713867e-01
-3.777250349521636963e-01 -3.975985050201416016e-01 -3.400699794292449951e-01
-3.308674693107604980e-01 -4.118404686450958252e-01 -3.340423703193664551e-01
-3.749654591083526611e-01 -3.855561912059783936e-01 -3.358428776264190674e-01
-3.631861507892608643e-01 -3.975633382797241211e-01 -3.298034071922302246e-01
-3.897712528705596924e-01 -4.592953622341156006e-01 -3.389349579811096191e-01
-3.755253851413726807e-01 -4.404695630073547363e-01 -3.319276571273803711e-01
-3.765377998352050781e-01 -4.230452477931976318e-01 -3.294696509838104248e-01
-4.128451347351074219e-01 -3.719558119773864746e-01 -3.309783041477203369e-01
-3.307223320007324219e-01 -4.186171889305114746e-01 -3.346703052520751953e-01
-3.197090625762939453e-01 -4.347714483737945557e-01 -3.397911787033081055e-01
-3.670040667057037354e-01 -4.222406744956970215e-01 -3.290532529354095459e-01
-3.527837395668029785e-01 -3.734084367752075195e-01 -3.298135399818420410e-01
-3.610861301422119141e-01 -3.798271715641021729e-01 -3.358642458915710449e-01
-3.301771879196166992e-01 -3.889769315719604492e-01 -3.340319693088531494e-01
-3.209046125411987305e-01 -3.949424326419830322e-01 -3.323908746242523193e-01
-3.565714955329895020e-01 -3.763822019100189209e-01 -3.354926705360412598e-01
-3.217113018035888672e-01 -3.969150185585021973e-01 -3.327943682670593262e-01
-3.319536149501800537e-01 -4.180433452129364014e-01 -3.343318998813629150e-01
-3.344238698482513428e-01 -3.751518130302429199e-01 -3.334264457225799561e-01
-3.793209493160247803e-01 -4.622830748558044434e-01 -3.376537561416625977e-01
-3.362087905406951904e-01 -3.856326639652252197e-01 -3.335121273994445801e-01
-3.655217289924621582e-01 -3.986797332763671875e-01 -3.296253681182861328e-01
-3.349758684635162354e-01 -4.116608500480651855e-01 -3.331713080406188965e-01
-4.174382388591766357e-01 -3.761223256587982178e-01 -3.305611312389373779e-01
-3.755657672882080078e-01 -3.933834433555603027e-01 -3.384965956211090088e-01
-3.310837149620056152e-01 -4.379074573516845703e-01 -3.382124006748199463e-01
-3.971682488918304443e-01 -3.667691648006439209e-01 -3.305329382419586182e-01
-3.214303255081176758e-01 -3.940383195877075195e-01 -3.324671387672424316e-01
-3.208574950695037842e-01 -4.399277865886688232e-01 -3.417133390903472900e-01
-3.767478764057159424e-01 -4.358652830123901367e-01 -3.312409818172454834e-01
-3.884472250938415527e-01 -4.635291099548339844e-01 -3.403814136981964111e-01
-3.765318691730499268e-01 -4.484134316444396973e-01 -3.337228596210479736e-01
-3.699172735214233398e-01 -4.524173736572265625e-01 -3.321947157382965088e-01
-3.631768822669982910e-01 -4.328857958316802979e-01 -3.281666040420532227e-01
-3.752289116382598877e-01 -4.578294456005096436e-01 -3.352375030517578125e-01
-3.608095049858093262e-01 -3.857935369014739990e-01 -3.301438689231872559e-01
-3.189222812652587891e-01 -4.224282205104827881e-01 -3.359427154064178467e-01
-3.890018165111541748e-01 -4.241714775562286377e-01 -3.275749087333679199e-01
-3.752015233039855957e-01 -4.472270309925079346e-01 -3.331307768821716309e-01
-3.679410517215728760e-01 -4.265203177928924561e-01 -3.291947245597839355e-01
-3.649307787418365479e-01 -3.946605920791625977e-01 -3.369534909725189209e-01
-3.532372117042541504e-01 -3.737795054912567139e-01 -3.308500349521636963e-01
-3.659339845180511475e-01 -4.425073564052581787e-01 -3.295440971851348877e-01
-3.552290797233581543e-01 -3.698319494724273682e-01 -3.360550403594970703e-01
-3.731791377067565918e-01 -4.299798309803009033e-01 -3.301368653774261475e-01
-3.223286569118499756e-01 -3.913428783416748047e-01 -3.324813246726989746e-01
-3.249011635780334473e-01 -4.173012077808380127e-01 -3.351344764232635498e-01
-3.592520058155059814e-01 -4.247085154056549072e-01 -3.271691203117370605e-01
-3.784958720207214355e-01 -4.479697048664093018e-01 -3.340588510036468506e-01
-3.232424557209014893e-01 -3.996201455593109131e-01 -3.333352804183959961e-01
-3.359352648258209229e-01 -4.093716144561767578e-01 -3.328457176685333252e-01
-3.288613855838775635e-01 -3.839496076107025146e-01 -3.337654471397399902e-01
-3.756317496299743652e-01 -4.404331743717193604e-01 -3.319399356842041016e-01
-3.351957798004150391e-01 -3.871580064296722412e-01 -3.337230384349822998e-01
-3.589212000370025635e-01 -3.839402496814727783e-01 -3.352104723453521729e-01
-3.608237802982330322e-01 -4.252810776233673096e-01 -3.276245296001434326e-01
-3.622907102108001709e-01 -3.849447071552276611e-01 -3.358971476554870605e-01
-3.584062159061431885e-01 -4.151401519775390625e-01 -3.276793658733367920e-01
-3.266561925411224365e-01 -4.183266162872314453e-01 -3.352043330669403076e-01
-3.832446038722991943e-01 -4.550981819629669189e-01 -3.369704484939575195e-01
-3.805631697177886963e-01 -4.429073035717010498e-01 -3.330536782741546631e-01
-3.769255876541137695e-01 -4.339213967323303223e-01 -3.308855891227722168e-01
-3.881497383117675781e-01 -4.449867010116577148e-01 -3.337941169738769531e-01
-3.312599062919616699e-01 -4.345491826534271240e-01 -3.374039232730865479e-01
-3.616404831409454346e-01 -3.779648840427398682e-01 -3.359509706497192383e-01
-3.905948698520660400e-01 -4.327495992183685303e-01 -3.294811844825744629e-01
-3.733500242233276367e-01 -4.003896713256835938e-01 -3.406342267990112305e-01
-3.702455163002014160e-01 -4.010725021362304688e-01 -3.397608697414398193e-01
-3.920504450798034668e-01 -4.591458439826965332e-01 -3.385943770408630371e-01
-4.148257076740264893e-01 -3.741157054901123047e-01 -3.307087123394012451e-01
-3.303962945938110352e-01 -3.978967368602752686e-01 -3.338815271854400635e-01
-3.320293426513671875e-01 -3.808324038982391357e-01 -3.342805504798889160e-01
-3.755775988101959229e-01 -3.886879682540893555e-01 -3.368271291255950928e-01
-3.701938092708587646e-01 -4.238345623016357422e-01 -3.294355273246765137e-01
-3.580418229103088379e-01 -3.844565451145172119e-01 -3.306110799312591553e-01
-3.191972374916076660e-01 -4.058788418769836426e-01 -3.330010473728179932e-01
-3.913970291614532471e-01 -4.525414109230041504e-01 -3.362818360328674316e-01
-3.124054074287414551e-01 -4.230301678180694580e-01 -3.348349928855895996e-01
-3.710196316242218018e-01 -3.958010375499725342e-01 -3.388503193855285645e-01
-3.646200895309448242e-01 -4.292774498462677002e-01 -3.284882009029388428e-01
-3.582907915115356445e-01 -3.710437715053558350e-01 -3.361341059207916260e-01
-3.748277723789215088e-01 -4.046508669853210449e-01 -3.282340466976165771e-01
-3.694558739662170410e-01 -3.798329234123229980e-01 -3.354682624340057373e-01
-3.601503968238830566e-01 -3.679053187370300293e-01 -3.357694745063781738e-01
-3.845680058002471924e-01 -4.271273314952850342e-01 -3.292551636695861816e-01
-3.677215278148651123e-01 -3.870971500873565674e-01 -3.367088139057159424e-01
-3.632083237171173096e-01 -3.907040953636169434e-01 -3.361722826957702637e-01
-3.849483430385589600e-01 -4.194287061691284180e-01 -3.276198506355285645e-01
-3.685059845447540283e-01 -3.993552029132843018e-01 -3.292328417301177979e-01
-3.655896484851837158e-01 -4.020367562770843506e-01 -3.295553922653198242e-01
-3.706787228584289551e-01 -4.295913577079772949e-01 -3.297839462757110596e-01
-3.775271475315093994e-01 -4.320988357067108154e-01 -3.306650817394256592e-01
-4.152824878692626953e-01 -3.748542964458465576e-01 -3.305712640285491943e-01
-4.230950474739074707e-01 -3.778926134109497070e-01 -3.314235508441925049e-01
-3.593738079071044922e-01 -4.282782375812530518e-01 -3.270044922828674316e-01
-3.699811398983001709e-01 -4.002290368080139160e-01 -3.394984900951385498e-01
-3.354859650135040283e-01 -4.088490605354309082e-01 -3.329587280750274658e-01
-3.384110033512115479e-01 -4.055364131927490234e-01 -3.321199417114257812e-01
-3.131541311740875244e-01 -4.309669733047485352e-01 -3.376598358154296875e-01
-3.560240268707275391e-01 -3.802388310432434082e-01 -3.311161398887634277e-01
-3.251532018184661865e-01 -3.913655579090118408e-01 -3.332859873771667480e-01
-3.222604393959045410e-01 -4.243243336677551270e-01 -3.366090357303619385e-01
-3.241493701934814453e-01 -4.018420279026031494e-01 -3.336150348186492920e-01
-3.597408235073089600e-01 -4.251661002635955811e-01 -3.273001909255981445e-01
-3.703978955745697021e-01 -3.833575546741485596e-01 -3.359822034835815430e-01
-3.124785423278808594e-01 -4.370701909065246582e-01 -3.397989571094512939e-01
-3.659390807151794434e-01 -3.812452554702758789e-01 -3.360328674316406250e-01
-3.224889338016510010e-01 -4.296816885471343994e-01 -3.380547165870666504e-01
-3.227136731147766113e-01 -3.989987075328826904e-01 -3.331876397132873535e-01
-3.571529984474182129e-01 -4.146995246410369873e-01 -3.273546397686004639e-01
-3.706704080104827881e-01 -4.028044044971466064e-01 -3.402221202850341797e-01
-3.916129767894744873e-01 -4.413534402847290039e-01 -3.320628702640533447e-01
-3.296934962272644043e-01 -3.818475902080535889e-01 -3.338434398174285889e-01
-3.565918803215026855e-01 -3.837399184703826904e-01 -3.345428407192230225e-01
-3.609781265258789062e-01 -3.905974328517913818e-01 -3.301860392093658447e-01
-3.661717474460601807e-01 -3.781082332134246826e-01 -3.357070684432983398e-01
-3.163579106330871582e-01 -4.434330463409423828e-01 -3.429185450077056885e-01
-3.714441061019897461e-01 -4.328012466430664062e-01 -3.301844000816345215e-01
-3.715870380401611328e-01 -4.406504333019256592e-01 -3.311249911785125732e-01
-3.290391862392425537e-01 -3.890232443809509277e-01 -3.339260220527648926e-01
-3.601209819316864014e-01 -3.737475275993347168e-01 -3.360261619091033936e-01
-4.029104709625244141e-01 -3.686986863613128662e-01 -3.305981457233428955e-01
-3.184908032417297363e-01 -4.397202432155609131e-01 -3.417330980300903320e-01
-3.173552155494689941e-01 -4.021327793598175049e-01 -3.320633172988891602e-01
-3.186817169189453125e-01 -4.296170473098754883e-01 -3.380214571952819824e-01
-3.804039955139160156e-01 -4.461336135864257812e-01 -3.339133858680725098e-01
-3.809170424938201904e-01 -4.228685200214385986e-01 -3.289698064327239990e-01
-3.897157609462738037e-01 -4.345332980155944824e-01 -3.302164077758789062e-01
-3.720893859863281250e-01 -3.837817907333374023e-01 -3.358725011348724365e-01
-3.297136127948760986e-01 -4.323661625385284424e-01 -3.374373316764831543e-01
-3.785974979400634766e-01 -4.557245671749114990e-01 -3.359989225864410400e-01
-3.155182898044586182e-01 -4.334143400192260742e-01 -3.389737308025360107e-01
-3.715501129627227783e-01 -3.938425183296203613e-01 -3.384318351745605469e-01
-3.688849210739135742e-01 -4.142308831214904785e-01 -3.292590081691741943e-01
-3.745369315147399902e-01 -4.563024640083312988e-01 -3.346717655658721924e-01
-3.596217632293701172e-01 -3.882110714912414551e-01 -3.303639590740203857e-01
-3.638968765735626221e-01 -3.753137886524200439e-01 -3.357599675655364990e-01
-3.183050751686096191e-01 -4.436829090118408203e-01 -3.432019650936126709e-01
-3.196350336074829102e-01 -4.211004376411437988e-01 -3.356578350067138672e-01
-3.867811262607574463e-01 -4.407995641231536865e-01 -3.324954807758331299e-01
-3.208087682723999023e-01 -4.385883510112762451e-01 -3.412151336669921875e-01
-3.721114993095397949e-01 -4.038731753826141357e-01 -3.409736156463623047e-01
-3.652444481849670410e-01 -3.980000913143157959e-01 -3.373188376426696777e-01
-3.216709196567535400e-01 -4.447356462478637695e-01 -3.431712090969085693e-01
-3.306881189346313477e-01 -4.156079590320587158e-01 -3.343102037906646729e-01
-3.572899997234344482e-01 -3.765583932399749756e-01 -3.356081843376159668e-01
-3.714519441127777100e-01 -4.426928758621215820e-01 -3.313615620136260986e-01
-3.804405927658081055e-01 -4.581518471240997314e-01 -3.371845483779907227e-01
-3.823091387748718262e-01 -4.260279536247253418e-01 -3.293781280517578125e-01
-3.665994703769683838e-01 -4.289123117923736572e-01 -3.289572000503540039e-01
-3.677501976490020752e-01 -4.211992025375366211e-01 -3.291441202163696289e-01
-3.158637285232543945e-01 -4.367174208164215088e-01 -3.403331339359283447e-01
-3.638075292110443115e-01 -3.945079445838928223e-01 -3.298526406288146973e-01
-3.255005180835723877e-01 -4.049305617809295654e-01 -3.338928222656250000e-01
-3.346764743328094482e-01 -3.761237859725952148e-01 -3.340650200843811035e-01
-3.862264156341552734e-01 -4.249013960361480713e-01 -3.284360766410827637e-01
-3.626740574836730957e-01 -3.759919106960296631e-01 -3.359113633632659912e-01
-3.313207924365997314e-01 -3.819306492805480957e-01 -3.341895639896392822e-01
-3.581129014492034912e-01 -4.254835844039916992e-01 -3.267408013343811035e-01
-3.654437661170959473e-01 -4.316873252391815186e-01 -3.288059830665588379e-01
-3.773572742938995361e-01 -4.220992922782897949e-01 -3.293292224407196045e-01
-3.584436476230621338e-01 -4.227830767631530762e-01 -3.270150721073150635e-01
-3.257160484790802002e-01 -4.323531985282897949e-01 -3.384498357772827148e-01
-4.141973555088043213e-01 -3.747097849845886230e-01 -3.304192721843719482e-01
-3.574628233909606934e-01 -4.082502424716949463e-01 -3.281124830245971680e-01
-3.681224882602691650e-01 -3.867640197277069092e-01 -3.366840779781341553e-01
-3.672021627426147461e-01 -4.159739315509796143e-01 -3.291501402854919434e-01
-3.320307731628417969e-01 -4.288854002952575684e-01 -3.359180390834808350e-01
-3.640332221984863281e-01 -4.136161506175994873e-01 -3.289369642734527588e-01
-3.132051229476928711e-01 -4.141000509262084961e-01 -3.327444791793823242e-01
-3.681850731372833252e-01 -3.802298009395599365e-01 -3.357292711734771729e-01
-4.037887454032897949e-01 -3.702319860458374023e-01 -3.302353620529174805e-01
-3.743251562118530273e-01 -4.177751243114471436e-01 -3.291893303394317627e-01
-3.687065243721008301e-01 -4.159717857837677002e-01 -3.292290866374969482e-01
-3.224033117294311523e-01 -4.167286753654479980e-01 -3.349946141242980957e-01
-3.577168881893157959e-01 -3.875774145126342773e-01 -3.303647935390472412e-01
-3.745444715023040771e-01 -4.443280696868896484e-01 -3.323559463024139404e-01
-3.772497177124023438e-01 -4.393088519573211670e-01 -3.319645524024963379e-01
-3.302439749240875244e-01 -3.945914804935455322e-01 -3.339445590972900391e-01
-3.666267096996307373e-01 -3.916867375373840332e-01 -3.371432423591613770e-01
-3.342947363853454590e-01 -4.192717373371124268e-01 -3.338245153427124023e-01
-3.784527480602264404e-01 -4.461069405078887939e-01 -3.335978984832763672e-01
-3.593484163284301758e-01 -3.892876803874969482e-01 -3.303093016147613525e-01
-3.797305524349212646e-01 -4.069330394268035889e-01 -3.271638453006744385e-01
-3.311216533184051514e-01 -4.241769909858703613e-01 -3.353559374809265137e-01
-3.308173418045043945e-01 -3.969987630844116211e-01 -3.338854908943176270e-01
-3.291745185852050781e-01 -4.018830358982086182e-01 -3.339147865772247314e-01
-3.736797571182250977e-01 -4.579866528511047363e-01 -3.346041440963745117e-01
-3.861457109451293945e-01 -4.457454979419708252e-01 -3.341366350650787354e-01
-3.814577758312225342e-01 -4.213788807392120361e-01 -3.286912739276885986e-01
-3.650110363960266113e-01 -3.852255642414093018e-01 -3.362363874912261963e-01
-3.762801289558410645e-01 -4.396325945854187012e-01 -3.318972587585449219e-01
-3.174240887165069580e-01 -4.445143342018127441e-01 -3.434394001960754395e-01
-3.758396804332733154e-01 -4.037809371948242188e-01 -3.422033190727233887e-01
-3.734884858131408691e-01 -4.176048636436462402e-01 -3.292212486267089844e-01
-3.256863355636596680e-01 -3.914897739887237549e-01 -3.334128856658935547e-01
-3.687157332897186279e-01 -4.038364887237548828e-01 -3.293040096759796143e-01
-3.638257980346679688e-01 -3.847883641719818115e-01 -3.361150324344635010e-01
-3.212508559226989746e-01 -4.447819888591766357e-01 -3.432833254337310791e-01
-3.595978915691375732e-01 -3.693352043628692627e-01 -3.360129296779632568e-01
-3.904768228530883789e-01 -4.617198705673217773e-01 -3.396644592285156250e-01
-3.607990741729736328e-01 -4.207418262958526611e-01 -3.278291523456573486e-01
-3.117524981498718262e-01 -4.278491437435150146e-01 -3.361937701702117920e-01
-3.602360188961029053e-01 -4.007298648357391357e-01 -3.294157981872558594e-01
-3.714314103126525879e-01 -4.317826628684997559e-01 -3.300941288471221924e-01
-3.705688416957855225e-01 -4.515098035335540771e-01 -3.323379755020141602e-01
-3.677704334259033203e-01 -3.954709470272064209e-01 -3.379380106925964355e-01
-3.264957368373870850e-01 -4.320634007453918457e-01 -3.382127881050109863e-01
-3.627683520317077637e-01 -4.281004667282104492e-01 -3.280542194843292236e-01
-3.678740859031677246e-01 -3.893215358257293701e-01 -3.370002508163452148e-01
-3.562498688697814941e-01 -3.763875067234039307e-01 -3.354234397411346436e-01
-3.570849597454071045e-01 -4.074352383613586426e-01 -3.280989825725555420e-01
-3.145023584365844727e-01 -4.303712248802185059e-01 -3.377362191677093506e-01
-3.705862462520599365e-01 -3.771355152130126953e-01 -3.346635401248931885e-01
-4.048008620738983154e-01 -3.699184358119964600e-01 -3.304726779460906982e-01
-3.580487370491027832e-01 -4.170286655426025391e-01 -3.274069428443908691e-01
-3.734197318553924561e-01 -4.223623573780059814e-01 -3.295219540596008301e-01
-3.681831359863281250e-01 -4.244338870048522949e-01 -3.292242586612701416e-01
-3.569401800632476807e-01 -3.805353641510009766e-01 -3.350684046745300293e-01
-3.561195731163024902e-01 -3.814390003681182861e-01 -3.347150385379791260e-01
-3.610470890998840332e-01 -3.769303262233734131e-01 -3.359465003013610840e-01
-3.776876330375671387e-01 -3.927534818649291992e-01 -3.380747437477111816e-01
-3.672572374343872070e-01 -3.858670294284820557e-01 -3.365128338336944580e-01
-3.267454206943511963e-01 -4.005978107452392578e-01 -3.338322639465332031e-01
-3.339107334613800049e-01 -3.767114281654357910e-01 -3.334831595420837402e-01
-3.674599528312683105e-01 -4.304967820644378662e-01 -3.292464613914489746e-01
-3.287368118762969971e-01 -4.371241629123687744e-01 -3.389177322387695312e-01
-3.746838867664337158e-01 -4.363688528537750244e-01 -3.310752213001251221e-01
-3.641712665557861328e-01 -4.421793818473815918e-01 -3.288291692733764648e-01
-3.749340474605560303e-01 -4.521318674087524414e-01 -3.340170085430145264e-01
-3.685494363307952881e-01 -4.023048877716064453e-01 -3.391958177089691162e-01
-3.295748531818389893e-01 -3.951213359832763672e-01 -3.339319825172424316e-01
-3.523148596286773682e-01 -3.724730610847473145e-01 -3.303239941596984863e-01
-3.825191259384155273e-01 -4.112327396869659424e-01 -3.269349932670593262e-01
-3.756034970283508301e-01 -3.990004658699035645e-01 -3.405820131301879883e-01
-3.608244061470031738e-01 -4.100527763366699219e-01 -3.286772370338439941e-01
-3.572435677051544189e-01 -3.755279183387756348e-01 -3.357152044773101807e-01
-3.620151579380035400e-01 -3.948989510536193848e-01 -3.299597501754760742e-01
-3.241774141788482666e-01 -4.125257730484008789e-01 -3.344150483608245850e-01
-3.237817883491516113e-01 -4.006354808807373047e-01 -3.334929049015045166e-01
-3.299457430839538574e-01 -4.393548965454101562e-01 -3.390270471572875977e-01
-3.770007789134979248e-01 -4.220363199710845947e-01 -3.293521702289581299e-01
-3.292217552661895752e-01 -4.081694781780242920e-01 -3.340348601341247559e-01
-3.226327002048492432e-01 -3.948375582695007324e-01 -3.328847885131835938e-01
-3.900406956672668457e-01 -4.525324404239654541e-01 -3.364088535308837891e-01
-3.154664635658264160e-01 -4.383035004138946533e-01 -3.409119546413421631e-01
-3.366285562515258789e-01 -4.003420472145080566e-01 -3.327977955341339111e-01
-3.766421675682067871e-01 -4.604117274284362793e-01 -3.362812399864196777e-01
-3.688147962093353271e-01 -3.905872404575347900e-01 -3.373720645904541016e-01
-3.691280782222747803e-01 -4.526933133602142334e-01 -3.318923115730285645e-01
-3.286369740962982178e-01 -4.023705422878265381e-01 -3.339305520057678223e-01
-3.676200211048126221e-01 -3.967364728450775146e-01 -3.380975425243377686e-01
-3.586007058620452881e-01 -3.677493333816528320e-01 -3.360779285430908203e-01
-3.117600977420806885e-01 -4.354653954505920410e-01 -3.389799594879150391e-01
-3.803468644618988037e-01 -4.393528103828430176e-01 -3.322334885597229004e-01
-3.186889588832855225e-01 -4.136858582496643066e-01 -3.339949250221252441e-01
-3.693627119064331055e-01 -4.082022309303283691e-01 -3.292352855205535889e-01
-3.927598297595977783e-01 -4.529063999652862549e-01 -3.362349867820739746e-01
-3.777652382850646973e-01 -4.489388167858123779e-01 -3.341309130191802979e-01
-3.850423097610473633e-01 -4.281141161918640137e-01 -3.293814659118652344e-01
-4.120889306068420410e-01 -3.726547062397003174e-01 -3.306628465652465820e-01
-3.723696768283843994e-01 -3.925835192203521729e-01 -3.381517827510833740e-01
-3.314892053604125977e-01 -4.043188393115997314e-01 -3.337596356868743896e-01
-3.547173440456390381e-01 -3.760415613651275635e-01 -3.294452130794525146e-01
-3.680468499660491943e-01 -3.917532861232757568e-01 -3.374540507793426514e-01
-3.633462488651275635e-01 -4.150586724281311035e-01 -3.287606537342071533e-01
-3.933884501457214355e-01 -4.564479887485504150e-01 -3.375158011913299561e-01
-3.322430551052093506e-01 -4.278900325298309326e-01 -3.356789648532867432e-01
-3.567985594272613525e-01 -4.164046943187713623e-01 -3.270806074142456055e-01
-3.897001445293426514e-01 -4.454911053180694580e-01 -3.338153362274169922e-01
-3.128119111061096191e-01 -4.192640483379364014e-01 -3.338299691677093506e-01
-3.356133401393890381e-01 -4.171949625015258789e-01 -3.332078456878662109e-01
