-3.359532654285430908e-01 -3.402817845344543457e-01 -2.323129624128341675e-01
-2.570190727710723877e-01 -2.452618628740310669e-01 -2.373417019844055176e-01
-3.476018607616424561e-01 -3.256308734416961670e-01 -2.206560522317886353e-01
-3.286781013011932373e-01 -3.032123744487762451e-01 -2.210464179515838623e-01
-2.699148356914520264e-01 -2.701491713523864746e-01 -2.313937842845916748e-01
-3.430674374103546143e-01 -2.241625934839248657e-01 -2.288449108600616455e-01
-3.139721751213073730e-01 -3.043260276317596436e-01 -2.235764712095260620e-01
-3.442058861255645752e-01 -2.504158318042755127e-01 -2.280653119087219238e-01
-3.132841289043426514e-01 -2.407970130443572998e-01 -2.322669923305511475e-01
-3.388697803020477295e-01 -3.073139190673828125e-01 -2.194946706295013428e-01
-2.505276799201965332e-01 -2.480788975954055786e-01 -2.465460002422332764e-01
-3.423179686069488525e-01 -2.506867647171020508e-01 -2.269315719604492188e-01
-3.185026347637176514e-01 -3.256366550922393799e-01 -2.308393865823745728e-01
-3.507243394851684570e-01 -2.479524165391921997e-01 -2.272970676422119141e-01
-3.237651288509368896e-01 -3.242112100124359131e-01 -2.210743874311447144e-01
-3.375419676303863525e-01 -2.438045293092727661e-01 -2.292217612266540527e-01
-3.349970579147338867e-01 -3.415085673332214355e-01 -2.195057123899459839e-01
-3.232035040855407715e-01 -3.007179498672485352e-01 -2.218654751777648926e-01
-3.701266050338745117e-01 -2.491986304521560669e-01 -2.282042503356933594e-01
-3.327852785587310791e-01 -3.014712035655975342e-01 -2.197561860084533691e-01
-2.866791486740112305e-01 -2.656673491001129150e-01 -2.398328185081481934e-01
-3.211086988449096680e-01 -2.355268895626068115e-01 -2.315400093793869019e-01
-2.636342942714691162e-01 -2.614565789699554443e-01 -2.287799865007400513e-01
-3.361534774303436279e-01 -3.400370180606842041e-01 -2.323156893253326416e-01
-3.280986845493316650e-01 -3.194592297077178955e-01 -2.305047065019607544e-01
-3.208697140216827393e-01 -2.284222990274429321e-01 -2.301904261112213135e-01
-3.633298873901367188e-01 -3.239099383354187012e-01 -2.186763137578964233e-01
-3.550820648670196533e-01 -3.387843072414398193e-01 -2.218771725893020630e-01
-3.103059530258178711e-01 -3.066480755805969238e-01 -2.312375009059906006e-01
-2.572321891784667969e-01 -2.563923299312591553e-01 -2.365138679742813110e-01
-3.429616987705230713e-01 -2.343743741512298584e-01 -2.299055159091949463e-01
-3.248634040355682373e-01 -3.402400910854339600e-01 -2.306611239910125732e-01
-3.360829055309295654e-01 -2.380751222372055054e-01 -2.291063666343688965e-01
-3.282474577426910400e-01 -3.019944429397583008e-01 -2.209451347589492798e-01
-3.277638852596282959e-01 -2.905215919017791748e-01 -2.433660626411437988e-01
-3.126231729984283447e-01 -3.176828622817993164e-01 -2.215113341808319092e-01
-2.844012379646301270e-01 -2.605890631675720215e-01 -2.399072647094726562e-01
-3.003146350383758545e-01 -2.449258416891098022e-01 -2.289956659078598022e-01
-3.446283638477325439e-01 -3.219459056854248047e-01 -2.205689102411270142e-01
-3.186825215816497803e-01 -3.269864320755004883e-01 -2.307678312063217163e-01
-3.326307833194732666e-01 -2.499481439590454102e-01 -2.286330908536911011e-01
-3.538805544376373291e-01 -2.312583327293395996e-01 -2.297028601169586182e-01
-3.189238309860229492e-01 -3.400355875492095947e-01 -2.295155525207519531e-01
-3.248188495635986328e-01 -2.814430296421051025e-01 -2.427635639905929565e-01
-3.276830017566680908e-01 -3.483799099922180176e-01 -2.307547032833099365e-01
-3.270967900753021240e-01 -3.384614586830139160e-01 -2.311032414436340332e-01
-2.663522660732269287e-01 -2.460722476243972778e-01 -2.360265702009201050e-01
-3.184604644775390625e-01 -3.256711661815643311e-01 -2.308351397514343262e-01
-3.321240246295928955e-01 -2.820281088352203369e-01 -2.450489103794097900e-01
-3.326393365859985352e-01 -3.464211225509643555e-01 -2.320009171962738037e-01
-3.515092432498931885e-01 -2.472063899040222168e-01 -2.275079935789108276e-01
-3.333124816417694092e-01 -2.391710877418518066e-01 -2.293425649404525757e-01
-2.636893689632415771e-01 -2.637134492397308350e-01 -2.348643094301223755e-01
-3.109680712223052979e-01 -3.115058839321136475e-01 -2.312846481800079346e-01
-3.290775716304779053e-01 -2.848888635635375977e-01 -2.443302422761917114e-01
-3.611999452114105225e-01 -2.417607605457305908e-01 -2.286379784345626831e-01
-3.331085443496704102e-01 -2.247164845466613770e-01 -2.290299534797668457e-01
-3.166812658309936523e-01 -3.314163982868194580e-01 -2.301363795995712280e-01
-3.638479411602020264e-01 -3.244114816188812256e-01 -2.187436372041702271e-01
-2.760801017284393311e-01 -2.766188085079193115e-01 -2.331551313400268555e-01
-3.455657660961151123e-01 -2.460147291421890259e-01 -2.286932915449142456e-01
-3.018656969070434570e-01 -2.974381744861602783e-01 -2.250526547431945801e-01
-2.580304145812988281e-01 -2.514879405498504639e-01 -2.450284212827682495e-01
-3.375635147094726562e-01 -3.249071836471557617e-01 -2.210950106382369995e-01
-3.225250244140625000e-01 -2.878449261188507080e-01 -2.417387664318084717e-01
-2.615568041801452637e-01 -2.634848058223724365e-01 -2.333006262779235840e-01
-3.054354190826416016e-01 -2.956721186637878418e-01 -2.305794358253479004e-01
-2.970130741596221924e-01 -2.787034809589385986e-01 -2.375712245702743530e-01
-3.390772044658660889e-01 -2.364691346883773804e-01 -2.288153767585754395e-01
-2.839915156364440918e-01 -2.835259735584259033e-01 -2.321262061595916748e-01
-3.117698729038238525e-01 -2.427357733249664307e-01 -2.320731282234191895e-01
-3.237323462963104248e-01 -3.172063827514648438e-01 -2.306820601224899292e-01
-3.148093819618225098e-01 -2.682106196880340576e-01 -2.390310168266296387e-01
-2.708687484264373779e-01 -2.451433837413787842e-01 -2.330523431301116943e-01
-2.704834043979644775e-01 -2.449502795934677124e-01 -2.321028411388397217e-01
-3.144754469394683838e-01 -2.705333530902862549e-01 -2.395455688238143921e-01
-3.324544429779052734e-01 -3.482643067836761475e-01 -2.319432497024536133e-01
-2.627868950366973877e-01 -2.471446543931961060e-01 -2.348786294460296631e-01
-3.299092054367065430e-01 -3.329803049564361572e-01 -2.201192378997802734e-01
-3.044278621673583984e-01 -3.237232267856597900e-01 -2.292419224977493286e-01
-3.178586661815643311e-01 -2.384876608848571777e-01 -2.295710593461990356e-01
-3.084433972835540771e-01 -2.924746274948120117e-01 -2.239151298999786377e-01
-3.193393945693969727e-01 -3.172751069068908691e-01 -2.219836115837097168e-01
-3.441618680953979492e-01 -3.289632201194763184e-01 -2.306617200374603271e-01
-3.358109593391418457e-01 -2.872114479541778564e-01 -2.469117641448974609e-01
-3.651732802391052246e-01 -3.254918456077575684e-01 -2.188592404127120972e-01
-2.976348400115966797e-01 -3.013434112071990967e-01 -2.319278717041015625e-01
-2.904684841632843018e-01 -2.628730237483978271e-01 -2.396001666784286499e-01
-3.149400353431701660e-01 -2.956760227680206299e-01 -2.229548394680023193e-01
-2.703942358493804932e-01 -2.716057896614074707e-01 -2.336391657590866089e-01
-3.153879940509796143e-01 -2.321632653474807739e-01 -2.313248962163925171e-01
-3.319539427757263184e-01 -3.421565890312194824e-01 -2.318113148212432861e-01
-2.886239290237426758e-01 -2.906439006328582764e-01 -2.334017306566238403e-01
-3.393364250659942627e-01 -2.373995333909988403e-01 -2.299813330173492432e-01
-2.600164413452148438e-01 -2.622250020503997803e-01 -2.343316972255706787e-01
-3.478622734546661377e-01 -2.435917258262634277e-01 -2.285738885402679443e-01
-2.712225914001464844e-01 -2.578673660755157471e-01 -2.414844930171966553e-01
-3.353220522403717041e-01 -3.417749404907226562e-01 -2.323352545499801636e-01
-3.302005827426910400e-01 -3.248249888420104980e-01 -2.212056815624237061e-01
-3.448214828968048096e-01 -2.425215840339660645e-01 -2.289543151855468750e-01
-3.189420998096466064e-01 -2.430238872766494751e-01 -2.303531318902969360e-01
-3.089637458324432373e-01 -2.796625494956970215e-01 -2.391067743301391602e-01
-3.230136334896087646e-01 -3.377022743225097656e-01 -2.305477261543273926e-01
-3.541172444820404053e-01 -2.378537058830261230e-01 -2.293780744075775146e-01
-3.058069050312042236e-01 -2.413788735866546631e-01 -2.330480515956878662e-01
-3.230712413787841797e-01 -2.688708007335662842e-01 -2.395691424608230591e-01
-3.069709837436676025e-01 -3.013029396533966064e-01 -2.312603443861007690e-01
-2.675957977771759033e-01 -2.664991915225982666e-01 -2.281266301870346069e-01
-3.315064311027526855e-01 -3.258002996444702148e-01 -2.309451252222061157e-01
-3.372920155525207520e-01 -3.347840607166290283e-01 -2.206470817327499390e-01
-2.978084087371826172e-01 -2.716029584407806396e-01 -2.391532659530639648e-01
-3.028557002544403076e-01 -2.950814068317413330e-01 -2.309976816177368164e-01
-2.983196079730987549e-01 -2.735534012317657471e-01 -2.389186620712280273e-01
-3.235575854778289795e-01 -3.127838373184204102e-01 -2.302019298076629639e-01
-3.258982896804809570e-01 -2.467160671949386597e-01 -2.296148240566253662e-01
-3.557128906250000000e-01 -2.352532148361206055e-01 -2.296205759048461914e-01
-3.105549514293670654e-01 -3.067957758903503418e-01 -2.235206514596939087e-01
-3.434185981750488281e-01 -3.270229101181030273e-01 -2.302174270153045654e-01
-3.606401085853576660e-01 -2.488356828689575195e-01 -2.279898077249526978e-01
-3.461691141128540039e-01 -2.358235567808151245e-01 -2.296970188617706299e-01
-3.477149903774261475e-01 -2.300480902194976807e-01 -2.274532914161682129e-01
-2.847188115119934082e-01 -2.456836849451065063e-01 -2.294589877128601074e-01
-3.259496092796325684e-01 -3.033687770366668701e-01 -2.216474264860153198e-01
-3.323796093463897705e-01 -3.192228674888610840e-01 -2.214754223823547363e-01
-3.312630355358123779e-01 -2.354076355695724487e-01 -2.306701242923736572e-01
-3.048855662345886230e-01 -3.071529269218444824e-01 -2.315619140863418579e-01
-2.499141097068786621e-01 -2.489595413208007812e-01 -2.453015893697738647e-01
-3.337494432926177979e-01 -3.267959058284759521e-01 -2.210235893726348877e-01
-2.835201025009155273e-01 -2.797393202781677246e-01 -2.252475172281265259e-01
-3.343613445758819580e-01 -3.370818793773651123e-01 -2.200911045074462891e-01
-3.030755817890167236e-01 -2.685490846633911133e-01 -2.392122447490692139e-01
-3.376288414001464844e-01 -3.415094316005706787e-01 -2.326152175664901733e-01
-3.268125653266906738e-01 -3.263890445232391357e-01 -2.209207266569137573e-01
-3.298330605030059814e-01 -3.238603770732879639e-01 -2.212993800640106201e-01
-3.350126743316650391e-01 -2.784955799579620361e-01 -2.447218745946884155e-01
-3.520841598510742188e-01 -3.424464464187622070e-01 -2.339052557945251465e-01
-3.013223707675933838e-01 -3.067313432693481445e-01 -2.227923274040222168e-01
-3.334868252277374268e-01 -2.307147979736328125e-01 -2.301902621984481812e-01
-2.701309025287628174e-01 -2.572501897811889648e-01 -2.466313093900680542e-01
-2.749363183975219727e-01 -2.585039734840393066e-01 -2.412732392549514771e-01
-3.531929552555084229e-01 -2.361966967582702637e-01 -2.295396775007247925e-01
-3.326763808727264404e-01 -2.437062561511993408e-01 -2.296994924545288086e-01
-3.316362798213958740e-01 -2.430510520935058594e-01 -2.299336194992065430e-01
-3.089652955532073975e-01 -3.064517676830291748e-01 -2.235779017210006714e-01
-3.070620000362396240e-01 -2.992723286151885986e-01 -2.245386242866516113e-01
-3.267075121402740479e-01 -3.311101496219635010e-01 -2.201266139745712280e-01
-3.376574516296386719e-01 -3.047536313533782959e-01 -2.192533910274505615e-01
-3.295810520648956299e-01 -2.879097461700439453e-01 -2.444816529750823975e-01
-3.512093722820281982e-01 -3.387724757194519043e-01 -2.216704338788986206e-01
-3.205828070640563965e-01 -2.772735357284545898e-01 -2.413364648818969727e-01
-3.358891904354095459e-01 -3.385910987854003906e-01 -2.200673073530197144e-01
-3.516730666160583496e-01 -2.542408704757690430e-01 -2.269397526979446411e-01
-2.638821303844451904e-01 -2.455622851848602295e-01 -2.326062619686126709e-01
-2.946720421314239502e-01 -2.649442851543426514e-01 -2.394285649061203003e-01
-3.142104446887969971e-01 -3.025602996349334717e-01 -2.236102819442749023e-01
-3.025637269020080566e-01 -2.968691587448120117e-01 -2.251038104295730591e-01
-3.030387461185455322e-01 -3.014684319496154785e-01 -2.243355661630630493e-01
-3.291428685188293457e-01 -2.779622673988342285e-01 -2.432818859815597534e-01
-3.353403508663177490e-01 -3.164074420928955078e-01 -2.211703211069107056e-01
-3.220867216587066650e-01 -2.420780658721923828e-01 -2.310815453529357910e-01
-2.533703446388244629e-01 -2.518315315246582031e-01 -2.346558719873428345e-01
-2.497912198305130005e-01 -2.506349682807922363e-01 -2.389660477638244629e-01
-3.029694557189941406e-01 -2.986597716808319092e-01 -2.248447835445404053e-01
-3.186607360839843750e-01 -2.403224259614944458e-01 -2.300555408000946045e-01
-3.536703586578369141e-01 -2.501748800277709961e-01 -2.278437763452529907e-01
-3.408101499080657959e-01 -2.451014965772628784e-01 -2.289912253618240356e-01
-3.295460045337677002e-01 -2.810839414596557617e-01 -2.440545260906219482e-01
-3.052497506141662598e-01 -3.076047599315643311e-01 -2.231364399194717407e-01
-3.078483939170837402e-01 -3.322609364986419678e-01 -2.282931208610534668e-01
-3.335897326469421387e-01 -3.437485694885253906e-01 -2.188604176044464111e-01
-3.179774582386016846e-01 -3.047807812690734863e-01 -2.298997640609741211e-01
-2.835174798965454102e-01 -2.630071938037872314e-01 -2.401770353317260742e-01
-3.491431474685668945e-01 -3.130055963993072510e-01 -2.184235006570816040e-01
-3.142260313034057617e-01 -2.727544605731964111e-01 -2.398848682641983032e-01
-3.505157530307769775e-01 -3.329060673713684082e-01 -2.212204188108444214e-01
-3.056342899799346924e-01 -2.843114435672760010e-01 -2.374242693185806274e-01
-2.984153032302856445e-01 -2.745655179023742676e-01 -2.387526035308837891e-01
-2.835129797458648682e-01 -2.788492143154144287e-01 -2.276443839073181152e-01
-3.110051155090332031e-01 -2.990180850028991699e-01 -2.301429510116577148e-01
-2.635287046432495117e-01 -2.555624246597290039e-01 -2.402362972497940063e-01
-2.792363464832305908e-01 -2.768921256065368652e-01 -2.261956632137298584e-01
-3.087999522686004639e-01 -2.850632965564727783e-01 -2.380243241786956787e-01
-3.651458024978637695e-01 -2.492932230234146118e-01 -2.279812246561050415e-01
-3.119899928569793701e-01 -3.188747763633728027e-01 -2.211526185274124146e-01
-3.087108731269836426e-01 -2.429939806461334229e-01 -2.323021441698074341e-01
-3.482529819011688232e-01 -3.153302669525146484e-01 -2.190851718187332153e-01
-2.791663408279418945e-01 -2.798392772674560547e-01 -2.306562811136245728e-01
-2.550244033336639404e-01 -2.460296899080276489e-01 -2.400623559951782227e-01
-3.345442712306976318e-01 -3.395471274852752686e-01 -2.197537571191787720e-01
-2.582174837589263916e-01 -2.455569505691528320e-01 -2.345636487007141113e-01
-3.159150183200836182e-01 -2.413245141506195068e-01 -2.318856865167617798e-01
-3.503773510456085205e-01 -3.351996243000030518e-01 -2.214085906744003296e-01
-3.278130292892456055e-01 -3.086734712123870850e-01 -2.287344187498092651e-01
-3.006793260574340820e-01 -3.233716189861297607e-01 -2.284225076436996460e-01
-3.554607331752777100e-01 -2.516522705554962158e-01 -2.275278568267822266e-01
-3.602839708328247070e-01 -3.293542861938476562e-01 -2.203771173954010010e-01
-3.403347730636596680e-01 -3.294217586517333984e-01 -2.210663259029388428e-01
-3.268113136291503906e-01 -2.406438142061233521e-01 -2.307762652635574341e-01
-3.160853087902069092e-01 -3.039558827877044678e-01 -2.233461737632751465e-01
-3.449402749538421631e-01 -2.368413060903549194e-01 -2.297067940235137939e-01
-2.583356499671936035e-01 -2.534335851669311523e-01 -2.416229248046875000e-01
-3.091679215431213379e-01 -2.394239008426666260e-01 -2.328692376613616943e-01
-3.257669210433959961e-01 -3.066776394844055176e-01 -2.219987511634826660e-01
-2.951609194278717041e-01 -2.948889434337615967e-01 -2.322856038808822632e-01
-2.935692965984344482e-01 -2.867334783077239990e-01 -2.254244685173034668e-01
-2.964133024215698242e-01 -3.085858225822448730e-01 -2.306551337242126465e-01
-3.536988496780395508e-01 -3.311818540096282959e-01 -2.304204851388931274e-01
-2.922224700450897217e-01 -2.863924503326416016e-01 -2.248383760452270508e-01
-3.014592528343200684e-01 -3.194085955619812012e-01 -2.294867783784866333e-01
-3.266712427139282227e-01 -3.003306090831756592e-01 -2.210163474082946777e-01
-2.814824879169464111e-01 -2.761216461658477783e-01 -2.274275869131088257e-01
-2.820412814617156982e-01 -2.468065023422241211e-01 -2.311261743307113647e-01
-3.026026487350463867e-01 -3.042336404323577881e-01 -2.317412495613098145e-01
-3.577902615070343018e-01 -2.506783902645111084e-01 -2.262740284204483032e-01
-3.243514597415924072e-01 -2.840960919857025146e-01 -2.426964491605758667e-01
-3.150173127651214600e-01 -2.873327434062957764e-01 -2.392396926879882812e-01
-3.295541405677795410e-01 -3.453258574008941650e-01 -2.177098989486694336e-01
-3.017520010471343994e-01 -3.007396161556243896e-01 -2.244172841310501099e-01
-3.270268142223358154e-01 -3.338968157768249512e-01 -2.312164604663848877e-01
-3.366804420948028564e-01 -2.869578599929809570e-01 -2.472158074378967285e-01
-2.548542916774749756e-01 -2.555739879608154297e-01 -2.325809299945831299e-01
-2.673892974853515625e-01 -2.437491863965988159e-01 -2.369020581245422363e-01
-2.621416747570037842e-01 -2.476068437099456787e-01 -2.332236170768737793e-01
-3.321061134338378906e-01 -2.427666336297988892e-01 -2.299409806728363037e-01
-3.380650281906127930e-01 -3.358846306800842285e-01 -2.320256680250167847e-01
-3.315970003604888916e-01 -3.193936347961425781e-01 -2.215215265750885010e-01
-3.512926399707794189e-01 -3.229705989360809326e-01 -2.199542522430419922e-01
-3.533622622489929199e-01 -2.558908760547637939e-01 -2.264673560857772827e-01
-3.412813544273376465e-01 -3.357096016407012939e-01 -2.321455031633377075e-01
-3.368024826049804688e-01 -3.364991545677185059e-01 -2.320160418748855591e-01
-3.530869483947753906e-01 -2.378116697072982788e-01 -2.293833792209625244e-01
-3.394433259963989258e-01 -3.071359992027282715e-01 -2.193345874547958374e-01
-3.138260841369628906e-01 -3.100178539752960205e-01 -2.230008095502853394e-01
-3.275571167469024658e-01 -3.408929109573364258e-01 -2.183056622743606567e-01
-2.984549105167388916e-01 -2.991479933261871338e-01 -2.244338393211364746e-01
-3.570707142353057861e-01 -2.509370148181915283e-01 -2.261961102485656738e-01
-3.598490655422210693e-01 -3.338570296764373779e-01 -2.212649434804916382e-01
-3.200114071369171143e-01 -3.024727702140808105e-01 -2.289842665195465088e-01
-2.546520829200744629e-01 -2.555820643901824951e-01 -2.371503412723541260e-01
-3.288061916828155518e-01 -3.182033002376556396e-01 -2.217070758342742920e-01
-3.058540523052215576e-01 -2.770693600177764893e-01 -2.390403896570205688e-01
-3.387244641780853271e-01 -2.525300681591033936e-01 -2.277447730302810669e-01
-2.957628667354583740e-01 -2.697167396545410156e-01 -2.393198162317276001e-01
-2.604268491268157959e-01 -2.525764703750610352e-01 -2.400120049715042114e-01
-3.293238580226898193e-01 -2.496774345636367798e-01 -2.288397252559661865e-01
-3.468792140483856201e-01 -2.439494282007217407e-01 -2.288053482770919800e-01
-3.233886659145355225e-01 -3.074281513690948486e-01 -2.293627411127090454e-01
-2.578011155128479004e-01 -2.574432194232940674e-01 -2.364060431718826294e-01
-3.345323801040649414e-01 -2.373517602682113647e-01 -2.290708273649215698e-01
-2.890262901782989502e-01 -2.921590507030487061e-01 -2.319303601980209351e-01
-3.169808685779571533e-01 -3.139443695545196533e-01 -2.224539071321487427e-01
-2.669122219085693359e-01 -2.461214661598205566e-01 -2.362983524799346924e-01
-2.649542987346649170e-01 -2.454376220703125000e-01 -2.377984970808029175e-01
-2.722930610179901123e-01 -2.748227119445800781e-01 -2.318246215581893921e-01
-3.145676553249359131e-01 -3.221232295036315918e-01 -2.206785082817077637e-01
-3.244666457176208496e-01 -3.104956150054931641e-01 -2.222886830568313599e-01
-3.050411343574523926e-01 -3.149487078189849854e-01 -2.308219820261001587e-01
-2.711243331432342529e-01 -2.449046522378921509e-01 -2.365878969430923462e-01
-3.201423883438110352e-01 -2.348638027906417847e-01 -2.315637022256851196e-01
-3.178876042366027832e-01 -2.302476614713668823e-01 -2.307512611150741577e-01
-3.337576985359191895e-01 -3.325926363468170166e-01 -2.205669283866882324e-01
-3.476511836051940918e-01 -3.348179459571838379e-01 -2.319261878728866577e-01
-3.115199506282806396e-01 -3.056878447532653809e-01 -2.310401201248168945e-01
-3.322608470916748047e-01 -2.808514535427093506e-01 -2.448231577873229980e-01
-3.131965398788452148e-01 -3.341546356678009033e-01 -2.291453927755355835e-01
-3.006277680397033691e-01 -3.226988315582275391e-01 -2.285635471343994141e-01
-3.167269229888916016e-01 -2.656260728836059570e-01 -2.382797598838806152e-01
-3.434534668922424316e-01 -3.462778925895690918e-01 -2.204898893833160400e-01
-3.286388814449310303e-01 -3.341903388500213623e-01 -2.197716832160949707e-01
-2.596036195755004883e-01 -2.519303858280181885e-01 -2.449244558811187744e-01
-3.208432793617248535e-01 -3.184350132942199707e-01 -2.218290865421295166e-01
-2.502593696117401123e-01 -2.500315904617309570e-01 -2.431636601686477661e-01
-3.331987857818603516e-01 -2.352952212095260620e-01 -2.305112779140472412e-01
-3.095665276050567627e-01 -2.727274000644683838e-01 -2.395090609788894653e-01
-3.026694059371948242e-01 -3.272933959960937500e-01 -2.280402779579162598e-01
-3.373587727546691895e-01 -2.490907460451126099e-01 -2.285909652709960938e-01
-2.783750891685485840e-01 -2.747021317481994629e-01 -2.257092595100402832e-01
-3.345676660537719727e-01 -3.303143978118896484e-01 -2.208305895328521729e-01
-3.023886382579803467e-01 -2.668555676937103271e-01 -2.390985637903213501e-01
-3.214691579341888428e-01 -2.284375429153442383e-01 -2.301912307739257812e-01
-3.029648661613464355e-01 -3.059713542461395264e-01 -2.316445857286453247e-01
-2.516675293445587158e-01 -2.482943832874298096e-01 -2.368590235710144043e-01
-3.274703025817871094e-01 -3.439935445785522461e-01 -2.175686359405517578e-01
-3.437856435775756836e-01 -3.325929641723632812e-01 -2.315410822629928589e-01
-3.188660442829132080e-01 -3.307061493396759033e-01 -2.191867530345916748e-01
-2.495659738779067993e-01 -2.501538693904876709e-01 -2.391915917396545410e-01
-3.389856815338134766e-01 -3.111295998096466064e-01 -2.201100736856460571e-01
-2.793948650360107422e-01 -2.816614806652069092e-01 -2.308514863252639771e-01
-3.103309273719787598e-01 -3.132604360580444336e-01 -2.312411814928054810e-01
-3.332650363445281982e-01 -2.503719627857208252e-01 -2.285035550594329834e-01
-2.645227909088134766e-01 -2.559103071689605713e-01 -2.399667203426361084e-01
-3.491225838661193848e-01 -3.438279330730438232e-01 -2.215216755867004395e-01
-3.124290704727172852e-01 -3.047973215579986572e-01 -2.236779779195785522e-01
-2.720292508602142334e-01 -2.675039470195770264e-01 -2.285278141498565674e-01
-3.179800212383270264e-01 -2.355071604251861572e-01 -2.318043857812881470e-01
-2.938918471336364746e-01 -2.882869243621826172e-01 -2.271979004144668579e-01
-3.095187842845916748e-01 -2.402321696281433105e-01 -2.327813208103179932e-01
-3.321081697940826416e-01 -2.516636550426483154e-01 -2.282041162252426147e-01
-3.058176338672637939e-01 -3.186624646186828613e-01 -2.303875088691711426e-01
-3.208430409431457520e-01 -2.423296421766281128e-01 -2.302104681730270386e-01
-3.011976778507232666e-01 -3.095415830612182617e-01 -2.311881184577941895e-01
-3.423787653446197510e-01 -3.440521955490112305e-01 -2.204807996749877930e-01
-2.705227434635162354e-01 -2.662773728370666504e-01 -2.280145883560180664e-01
-3.116092085838317871e-01 -3.110091388225555420e-01 -2.228197306394577026e-01
-3.187824785709381104e-01 -2.892695069313049316e-01 -2.400356382131576538e-01
-3.332911729812622070e-01 -2.828344404697418213e-01 -2.455721795558929443e-01
-3.131794929504394531e-01 -2.459502220153808594e-01 -2.304532080888748169e-01
-3.300017714500427246e-01 -3.211051225662231445e-01 -2.304909527301788330e-01
-3.194830715656280518e-01 -2.962755560874938965e-01 -2.219725549221038818e-01
-3.384318947792053223e-01 -3.488063514232635498e-01 -2.191053181886672974e-01
-3.574433028697967529e-01 -2.509794831275939941e-01 -2.276477515697479248e-01
-2.603526115417480469e-01 -2.521480917930603027e-01 -2.402009963989257812e-01
-3.211811780929565430e-01 -2.878356277942657471e-01 -2.412376254796981812e-01
-3.172292709350585938e-01 -2.985057830810546875e-01 -2.228617817163467407e-01
-3.529542982578277588e-01 -2.466898113489151001e-01 -2.276305705308914185e-01
-3.325453996658325195e-01 -3.455010056495666504e-01 -2.319804579019546509e-01
-2.869848310947418213e-01 -2.675041556358337402e-01 -2.395327687263488770e-01
-3.120256662368774414e-01 -3.353973627090454102e-01 -2.286720424890518188e-01
-3.325433433055877686e-01 -3.108132183551788330e-01 -2.211701273918151855e-01
-2.952843308448791504e-01 -2.606967091560363770e-01 -2.386322617530822754e-01
-3.206791877746582031e-01 -3.092128932476043701e-01 -2.227156013250350952e-01
-3.411562740802764893e-01 -2.332430630922317505e-01 -2.282079905271530151e-01
-2.837640643119812012e-01 -2.415937185287475586e-01 -2.347012311220169067e-01
-3.039098680019378662e-01 -3.219105899333953857e-01 -2.294998168945312500e-01
-3.359645009040832520e-01 -3.147099614143371582e-01 -2.209910899400711060e-01
-2.651329040527343750e-01 -2.457717657089233398e-01 -2.376183271408081055e-01
-3.385298550128936768e-01 -2.277407199144363403e-01 -2.295641005039215088e-01
-3.026176989078521729e-01 -2.440187633037567139e-01 -2.313303500413894653e-01
-3.273202776908874512e-01 -3.221051692962646484e-01 -2.214589267969131470e-01
-3.494036495685577393e-01 -2.495157718658447266e-01 -2.268811464309692383e-01
-3.179068863391876221e-01 -3.297747671604156494e-01 -2.192598283290863037e-01
-3.102209866046905518e-01 -3.341887593269348145e-01 -2.284902036190032959e-01
-3.486414849758148193e-01 -2.411743253469467163e-01 -2.288085073232650757e-01
-2.614527642726898193e-01 -2.445682734251022339e-01 -2.364022135734558105e-01
-2.957387268543243408e-01 -3.003771007061004639e-01 -2.319509834051132202e-01
-3.249689638614654541e-01 -2.793173491954803467e-01 -2.425696551799774170e-01
-3.422870337963104248e-01 -2.572151422500610352e-01 -2.261873185634613037e-01
-3.382298946380615234e-01 -3.097257614135742188e-01 -2.200454920530319214e-01
-3.392939269542694092e-01 -2.235839515924453735e-01 -2.287174761295318604e-01
-2.659791409969329834e-01 -2.562756538391113281e-01 -2.452712506055831909e-01
-3.334065973758697510e-01 -3.324981629848480225e-01 -2.205466032028198242e-01
-2.684942483901977539e-01 -2.651351392269134521e-01 -2.299897074699401855e-01
-3.163685500621795654e-01 -2.738801836967468262e-01 -2.402233183383941650e-01
-3.551063537597656250e-01 -3.339085578918457031e-01 -2.311319857835769653e-01
-3.177953958511352539e-01 -3.250932395458221436e-01 -2.308277040719985962e-01
-2.929528951644897461e-01 -2.961379885673522949e-01 -2.322991639375686646e-01
-3.293669521808624268e-01 -3.420741260051727295e-01 -2.184097468852996826e-01
-3.122989535331726074e-01 -3.196073174476623535e-01 -2.210115194320678711e-01
-2.802252173423767090e-01 -2.452071011066436768e-01 -2.322093844413757324e-01
-2.825854122638702393e-01 -2.793198823928833008e-01 -2.254379391670227051e-01
-3.607054650783538818e-01 -3.205710053443908691e-01 -2.181062996387481689e-01
-3.110410571098327637e-01 -2.402462959289550781e-01 -2.325976788997650146e-01
-3.236890435218811035e-01 -2.326674908399581909e-01 -2.310271412134170532e-01
-3.382203578948974609e-01 -3.467251658439636230e-01 -2.193536311388015747e-01
-3.190103471279144287e-01 -3.086686134338378906e-01 -2.228857576847076416e-01
-2.554218471050262451e-01 -2.496357858180999756e-01 -2.445952445268630981e-01
-2.677631974220275879e-01 -2.458876371383666992e-01 -2.357658296823501587e-01
-2.969626784324645996e-01 -2.924619615077972412e-01 -2.316405028104782104e-01
-3.543443381786346436e-01 -3.391468226909637451e-01 -2.329521775245666504e-01
-3.349036574363708496e-01 -3.293915092945098877e-01 -2.209105938673019409e-01
-3.072547316551208496e-01 -3.096939921379089355e-01 -2.313991636037826538e-01
-3.150001466274261475e-01 -3.173110783100128174e-01 -2.218004912137985229e-01
-3.212100565433502197e-01 -3.075216710567474365e-01 -2.297932207584381104e-01
-2.974425852298736572e-01 -2.929215133190155029e-01 -2.316468060016632080e-01
-3.375336825847625732e-01 -2.511137425899505615e-01 -2.281460016965866089e-01
-2.577482461929321289e-01 -2.478502690792083740e-01 -2.342720478773117065e-01
-2.752518951892852783e-01 -2.706490755081176758e-01 -2.267585992813110352e-01
-3.451782166957855225e-01 -2.395721524953842163e-01 -2.294258177280426025e-01
-2.912864089012145996e-01 -2.978388667106628418e-01 -2.317974716424942017e-01
-3.131983280181884766e-01 -3.305867910385131836e-01 -2.297159582376480103e-01
-2.954579293727874756e-01 -2.607978880405426025e-01 -2.386388331651687622e-01
-3.290864527225494385e-01 -3.404029905796051025e-01 -2.187127172946929932e-01
-3.306721746921539307e-01 -3.288977742195129395e-01 -2.207424342632293701e-01
-3.294231295585632324e-01 -2.334588021039962769e-01 -2.307245284318923950e-01
-3.292738795280456543e-01 -3.499023616313934326e-01 -2.310917973518371582e-01
-3.088696300983428955e-01 -3.114611208438873291e-01 -2.313177287578582764e-01
-3.328528702259063721e-01 -3.456196784973144531e-01 -2.183353453874588013e-01
-3.534027636051177979e-01 -3.254539370536804199e-01 -2.200830429792404175e-01
-3.344617187976837158e-01 -2.815383970737457275e-01 -2.456056326627731323e-01
-3.074547350406646729e-01 -2.720681726932525635e-01 -2.394094765186309814e-01
-2.645835876464843750e-01 -2.519754767417907715e-01 -2.445820868015289307e-01
-3.330001235008239746e-01 -2.378320544958114624e-01 -2.291942834854125977e-01
-2.589985728263854980e-01 -2.519979178905487061e-01 -2.402235269546508789e-01
-3.055949509143829346e-01 -3.071672618389129639e-01 -2.315475791692733765e-01
-3.253406286239624023e-01 -3.349728584289550781e-01 -2.310181707143783569e-01
-3.443927168846130371e-01 -3.364455401897430420e-01 -2.323332726955413818e-01
-3.612626492977142334e-01 -3.329536020755767822e-01 -2.210355848073959351e-01
-3.341116607189178467e-01 -3.174316287040710449e-01 -2.294114530086517334e-01
-3.108599781990051270e-01 -3.223068714141845703e-01 -2.304633706808090210e-01
-2.746342122554779053e-01 -2.770649790763854980e-01 -2.313615381717681885e-01
-3.434065878391265869e-01 -2.354910522699356079e-01 -2.285748869180679321e-01
-3.382028937339782715e-01 -2.503656744956970215e-01 -2.282967418432235718e-01
-3.237372934818267822e-01 -2.438320666551589966e-01 -2.305480986833572388e-01
-3.581584692001342773e-01 -2.429755628108978271e-01 -2.286294698715209961e-01
-3.335793614387512207e-01 -3.151477873325347900e-01 -2.290559858083724976e-01
-3.454211354255676270e-01 -2.278644740581512451e-01 -2.294288128614425659e-01
-2.910885810852050781e-01 -2.844973802566528320e-01 -2.255347967147827148e-01
-3.441798686981201172e-01 -2.477571517229080200e-01 -2.285377383232116699e-01
-2.983218133449554443e-01 -2.744112014770507812e-01 -2.387731671333312988e-01
-3.325830101966857910e-01 -2.335917800664901733e-01 -2.305067181587219238e-01
-3.210242390632629395e-01 -3.521936535835266113e-01 -2.282910048961639404e-01
-2.651438713073730469e-01 -2.645554542541503906e-01 -2.297514677047729492e-01
-3.556819260120391846e-01 -2.464913278818130493e-01 -2.283757925033569336e-01
-3.214736282825469971e-01 -3.303076624870300293e-01 -2.307481914758682251e-01
-2.759440839290618896e-01 -2.742516398429870605e-01 -2.273506373167037964e-01
-3.474172651767730713e-01 -2.550600171089172363e-01 -2.267943620681762695e-01
-2.937097251415252686e-01 -2.437933534383773804e-01 -2.305326908826828003e-01
-2.675614953041076660e-01 -2.646996080875396729e-01 -2.278772592544555664e-01
-2.692892849445343018e-01 -2.555285394191741943e-01 -2.400297522544860840e-01
-3.563644886016845703e-01 -2.586581707000732422e-01 -2.255913913249969482e-01
-2.973311245441436768e-01 -2.435006797313690186e-01 -2.302067428827285767e-01
-3.388696908950805664e-01 -3.264723122119903564e-01 -2.210855931043624878e-01
-3.538195192813873291e-01 -2.436657100915908813e-01 -2.283856719732284546e-01
-3.074328899383544922e-01 -3.028852939605712891e-01 -2.241395115852355957e-01
-3.612971603870391846e-01 -2.500405907630920410e-01 -2.277809530496597290e-01
-3.189150393009185791e-01 -3.169128000736236572e-01 -2.220323830842971802e-01
-3.191873133182525635e-01 -3.150401711463928223e-01 -2.223021090030670166e-01
-2.625038027763366699e-01 -2.458464354276657104e-01 -2.348788231611251831e-01
-3.029031157493591309e-01 -2.434972971677780151e-01 -2.309171110391616821e-01
-3.313442766666412354e-01 -3.497463166713714600e-01 -2.170336544513702393e-01
-2.991845905780792236e-01 -2.993093430995941162e-01 -2.245024740695953369e-01
-3.425556421279907227e-01 -3.394282162189483643e-01 -2.327932119369506836e-01
-3.151784539222717285e-01 -3.317808806896209717e-01 -2.298676669597625732e-01
-3.170166909694671631e-01 -2.663970887660980225e-01 -2.385372966527938843e-01
-3.293371200561523438e-01 -3.297814130783081055e-01 -2.312691062688827515e-01
-3.539975583553314209e-01 -2.533579468727111816e-01 -2.271490246057510376e-01
-3.361623585224151611e-01 -2.452304959297180176e-01 -2.290291637182235718e-01
-3.547793328762054443e-01 -2.441128939390182495e-01 -2.282721400260925293e-01
-3.226482272148132324e-01 -3.255931138992309570e-01 -2.207644879817962646e-01
-2.874275445938110352e-01 -2.626291215419769287e-01 -2.398692667484283447e-01
-3.328466713428497314e-01 -3.094196915626525879e-01 -2.209821641445159912e-01
-3.272786438465118408e-01 -3.211722970008850098e-01 -2.215513885021209717e-01
-3.224787116050720215e-01 -2.430662959814071655e-01 -2.308495789766311646e-01
-3.639753460884094238e-01 -2.470230460166931152e-01 -2.275306582450866699e-01
-3.164128661155700684e-01 -2.426941692829132080e-01 -2.304868996143341064e-01
-3.107625246047973633e-01 -3.197179138660430908e-01 -2.307591438293457031e-01
-3.035428822040557861e-01 -2.656471431255340576e-01 -2.388622462749481201e-01
-3.020257949829101562e-01 -2.448275536298751831e-01 -2.290172129869461060e-01
-3.583417236804962158e-01 -3.261803686618804932e-01 -2.198478579521179199e-01
-3.211101889610290527e-01 -3.242095708847045898e-01 -2.208806574344635010e-01
-3.052935004234313965e-01 -3.229004144668579102e-01 -2.295743823051452637e-01
-3.434376120567321777e-01 -3.266877830028533936e-01 -2.209787517786026001e-01
-2.971726953983306885e-01 -2.616442441940307617e-01 -2.386535257101058960e-01
-2.763639092445373535e-01 -2.445946633815765381e-01 -2.340514361858367920e-01
-3.426817655563354492e-01 -3.457716703414916992e-01 -2.203905284404754639e-01
-3.013237118721008301e-01 -3.089627623558044434e-01 -2.312780320644378662e-01
-2.703924179077148438e-01 -2.575522959232330322e-01 -2.414885163307189941e-01
-3.183703422546386719e-01 -2.750390470027923584e-01 -2.406374067068099976e-01
-2.784168422222137451e-01 -2.733216285705566406e-01 -2.265273779630661011e-01
-3.536820113658905029e-01 -2.310336083173751831e-01 -2.277449369430541992e-01
-3.341836631298065186e-01 -3.165427446365356445e-01 -2.213030606508255005e-01
-3.251143693923950195e-01 -3.074235618114471436e-01 -2.290131598711013794e-01
-3.370330929756164551e-01 -2.314174622297286987e-01 -2.277602255344390869e-01
-2.784095704555511475e-01 -2.809824943542480469e-01 -2.312043607234954834e-01
-3.158487379550933838e-01 -2.866218984127044678e-01 -2.396627068519592285e-01
-2.782397270202636719e-01 -2.615879476070404053e-01 -2.394152730703353882e-01
-3.437156081199645996e-01 -2.478579729795455933e-01 -2.285416871309280396e-01
-3.333493173122406006e-01 -2.380334436893463135e-01 -2.304202169179916382e-01
-3.010480105876922607e-01 -2.939241528511047363e-01 -2.254885882139205933e-01
-3.281830549240112305e-01 -2.479604184627532959e-01 -2.292737513780593872e-01
-3.291966915130615234e-01 -3.475616872310638428e-01 -2.170733809471130371e-01
-3.385019004344940186e-01 -3.491924703121185303e-01 -2.332006692886352539e-01
-3.227155506610870361e-01 -2.679136097431182861e-01 -2.391862869262695312e-01
-2.913320064544677734e-01 -2.998526394367218018e-01 -2.313684970140457153e-01
-3.153728842735290527e-01 -2.855645716190338135e-01 -2.397146672010421753e-01
-3.263340890407562256e-01 -3.514870405197143555e-01 -2.301287949085235596e-01
-3.307551741600036621e-01 -2.348963022232055664e-01 -2.306997478008270264e-01
-3.454787135124206543e-01 -3.099864423274993896e-01 -2.185471951961517334e-01
-2.929193973541259766e-01 -2.930380105972290039e-01 -2.324467152357101440e-01
-3.254789113998413086e-01 -3.288283348083496094e-01 -2.204299420118331909e-01
-3.517381250858306885e-01 -3.377072215080261230e-01 -2.216443568468093872e-01
-2.998608946800231934e-01 -2.712078690528869629e-01 -2.392429560422897339e-01
-2.937500178813934326e-01 -2.402344644069671631e-01 -2.327205240726470947e-01
-3.228827714920043945e-01 -3.313001692295074463e-01 -2.196555137634277344e-01
-3.065131604671478271e-01 -3.248451650142669678e-01 -2.294378727674484253e-01
-3.186167180538177490e-01 -2.414274066686630249e-01 -2.315711826086044312e-01
-3.561421632766723633e-01 -2.599790692329406738e-01 -2.251284271478652954e-01
-3.139047324657440186e-01 -2.715005576610565186e-01 -2.396753579378128052e-01
-3.247017562389373779e-01 -2.306917309761047363e-01 -2.306317389011383057e-01
-3.183298408985137939e-01 -3.121010065078735352e-01 -2.226627022027969360e-01
-3.316396176815032959e-01 -2.899925112724304199e-01 -2.451053410768508911e-01
-3.071596026420593262e-01 -2.439574897289276123e-01 -2.315639704465866089e-01
-3.616583645343780518e-01 -3.303827941417694092e-01 -2.204849123954772949e-01
-3.546074628829956055e-01 -2.340025007724761963e-01 -2.282524853944778442e-01
-3.056804537773132324e-01 -3.001364767551422119e-01 -2.313229888677597046e-01
-3.460068702697753906e-01 -2.298961579799652100e-01 -2.296166419982910156e-01
-3.111337125301361084e-01 -2.354856878519058228e-01 -2.322792410850524902e-01
-2.897452712059020996e-01 -2.924875020980834961e-01 -2.325425744056701660e-01
-3.259180784225463867e-01 -2.405472248792648315e-01 -2.308819741010665894e-01
-3.421470224857330322e-01 -3.328583836555480957e-01 -2.316219657659530640e-01
-3.042425215244293213e-01 -2.930098176002502441e-01 -2.249460071325302124e-01
-2.595953047275543213e-01 -2.570974230766296387e-01 -2.324317693710327148e-01
-3.461319506168365479e-01 -3.445990681648254395e-01 -2.339322417974472046e-01
-2.706375718116760254e-01 -2.556931972503662109e-01 -2.464011609554290771e-01
-3.262439966201782227e-01 -3.319841325283050537e-01 -2.311536520719528198e-01
-3.660466372966766357e-01 -2.574442028999328613e-01 -2.260843366384506226e-01
-3.480073213577270508e-01 -3.373741209506988525e-01 -2.213727235794067383e-01
-2.806343138217926025e-01 -2.607582807540893555e-01 -2.403708398342132568e-01
-2.834352254867553711e-01 -2.455136179924011230e-01 -2.321053594350814819e-01
-3.253717124462127686e-01 -3.381118774414062500e-01 -2.308859378099441528e-01
-3.209062814712524414e-01 -2.460889220237731934e-01 -2.302089184522628784e-01
-3.057318925857543945e-01 -2.746279537677764893e-01 -2.392645031213760376e-01
-3.006543517112731934e-01 -2.744933068752288818e-01 -2.389136999845504761e-01
-3.309421539306640625e-01 -2.331659346818923950e-01 -2.282002866268157959e-01
-2.893400490283966064e-01 -2.835011184215545654e-01 -2.250538915395736694e-01
-3.072857558727264404e-01 -2.963899672031402588e-01 -2.303424328565597534e-01
-3.052628040313720703e-01 -3.001772463321685791e-01 -2.313906550407409668e-01
-3.206323981285095215e-01 -3.387876749038696289e-01 -2.173456400632858276e-01
-3.100218474864959717e-01 -3.284035921096801758e-01 -2.294799387454986572e-01
-3.028767108917236328e-01 -2.644577324390411377e-01 -2.386988103389739990e-01
-3.358380198478698730e-01 -2.460933625698089600e-01 -2.288385778665542603e-01
-3.557426631450653076e-01 -2.425979673862457275e-01 -2.285982966423034668e-01
-3.423343896865844727e-01 -2.500663697719573975e-01 -2.271466553211212158e-01
-3.522281050682067871e-01 -3.209409415721893311e-01 -2.194952964782714844e-01
-3.318579792976379395e-01 -2.791303098201751709e-01 -2.442458570003509521e-01
-3.014144301414489746e-01 -3.144104182720184326e-01 -2.304328531026840210e-01
-3.282455205917358398e-01 -2.272926270961761475e-01 -2.297729551792144775e-01
-3.213020861148834229e-01 -2.995741367340087891e-01 -2.221175581216812134e-01
-3.129543960094451904e-01 -3.330713212490081787e-01 -2.292829602956771851e-01
-2.948758602142333984e-01 -2.450508177280426025e-01 -2.289597094058990479e-01
-2.601861059665679932e-01 -2.614155411720275879e-01 -2.332675457000732422e-01
-3.417342901229858398e-01 -2.335626184940338135e-01 -2.282691448926925659e-01
-2.556097805500030518e-01 -2.480646669864654541e-01 -2.358644902706146240e-01
-3.264382481575012207e-01 -3.206947743892669678e-01 -2.215938568115234375e-01
-2.605752050876617432e-01 -2.447953969240188599e-01 -2.365251779556274414e-01
-3.064350783824920654e-01 -3.001237809658050537e-01 -2.312041223049163818e-01
-3.518764972686767578e-01 -3.368088901042938232e-01 -2.215923219919204712e-01
-2.999372780323028564e-01 -2.791045904159545898e-01 -2.378612905740737915e-01
-2.819801568984985352e-01 -2.646409571170806885e-01 -2.399142384529113770e-01
-3.104441463947296143e-01 -2.749547362327575684e-01 -2.396112382411956787e-01
-2.820159494876861572e-01 -2.795263826847076416e-01 -2.261824756860733032e-01
-2.865000069141387939e-01 -2.695573866367340088e-01 -2.389816045761108398e-01
-2.950347661972045898e-01 -2.458681166172027588e-01 -2.293378114700317383e-01
-3.115834891796112061e-01 -2.346868366003036499e-01 -2.320775389671325684e-01
-2.558791935443878174e-01 -2.450403273105621338e-01 -2.383601069450378418e-01
-3.066065311431884766e-01 -3.104959726333618164e-01 -2.225756049156188965e-01
-3.373927474021911621e-01 -3.359400331974029541e-01 -2.205394804477691650e-01
-2.697019577026367188e-01 -2.690642178058624268e-01 -2.335216552019119263e-01
-2.826931178569793701e-01 -2.838780581951141357e-01 -2.305506467819213867e-01
-3.589335680007934570e-01 -2.506697773933410645e-01 -2.262551039457321167e-01
-2.903172373771667480e-01 -2.405510842800140381e-01 -2.331934273242950439e-01
-3.594763875007629395e-01 -3.349857628345489502e-01 -2.311922013759613037e-01
-3.328705430030822754e-01 -3.249436020851135254e-01 -2.307869344949722290e-01
-2.630056142807006836e-01 -2.620591223239898682e-01 -2.331306338310241699e-01
-3.284758329391479492e-01 -3.143771588802337646e-01 -2.297611087560653687e-01
-3.220872879028320312e-01 -2.748543918132781982e-01 -2.412050217390060425e-01
-3.295238018035888672e-01 -2.457388490438461304e-01 -2.295393943786621094e-01
-3.465955555438995361e-01 -3.418542742729187012e-01 -2.212394773960113525e-01
-3.023625314235687256e-01 -3.004794716835021973e-01 -2.317668795585632324e-01
-3.447964787483215332e-01 -3.229735791683197021e-01 -2.206495404243469238e-01
-2.749361693859100342e-01 -2.604747712612152100e-01 -2.397704869508743286e-01
-2.981041967868804932e-01 -2.930636405944824219e-01 -2.257926166057586670e-01
-3.418896794319152832e-01 -2.279839515686035156e-01 -2.295317649841308594e-01
-2.620930075645446777e-01 -2.466761767864227295e-01 -2.369884848594665527e-01
-3.040118515491485596e-01 -2.784065306186676025e-01 -2.386040240526199341e-01
-3.265330791473388672e-01 -3.450124561786651611e-01 -2.170875817537307739e-01
-3.326702117919921875e-01 -2.433484643697738647e-01 -2.295202612876892090e-01
-3.275166451930999756e-01 -2.389376014471054077e-01 -2.295472919940948486e-01
-3.082683980464935303e-01 -3.309056460857391357e-01 -2.286660224199295044e-01
-3.445677161216735840e-01 -2.486030310392379761e-01 -2.283864021301269531e-01
-3.326334059238433838e-01 -3.198303580284118652e-01 -2.214461714029312134e-01
-3.325490951538085938e-01 -2.458137571811676025e-01 -2.292106300592422485e-01
-3.430941700935363770e-01 -3.380979299545288086e-01 -2.326065301895141602e-01
-3.528124988079071045e-01 -2.461062371730804443e-01 -2.284552007913589478e-01
-3.319276869297027588e-01 -2.526736557483673096e-01 -2.279018163681030273e-01
-3.430134057998657227e-01 -3.128488659858703613e-01 -2.195926606655120850e-01
-3.019280433654785156e-01 -2.675303816795349121e-01 -2.391853332519531250e-01
-3.292483985424041748e-01 -3.111344873905181885e-01 -2.290058732032775879e-01
-3.680155873298645020e-01 -2.610637843608856201e-01 -2.249660640954971313e-01
-3.451202809810638428e-01 -2.434366643428802490e-01 -2.287843972444534302e-01
-2.892294824123382568e-01 -2.645076811313629150e-01 -2.398008257150650024e-01
-2.709726393222808838e-01 -2.666484713554382324e-01 -2.289005815982818604e-01
-2.529736757278442383e-01 -2.494708150625228882e-01 -2.463592886924743652e-01
-2.969370186328887939e-01 -3.090041577816009521e-01 -2.306755930185317993e-01
-3.509244620800018311e-01 -3.389019072055816650e-01 -2.216533571481704712e-01
-3.129203319549560547e-01 -2.993386983871459961e-01 -2.237618714570999146e-01
-3.223527967929840088e-01 -2.422761172056198120e-01 -2.301184535026550293e-01
-3.427496552467346191e-01 -3.392078876495361328e-01 -2.208013087511062622e-01
-3.386293649673461914e-01 -2.500566244125366211e-01 -2.273886054754257202e-01
-3.320266902446746826e-01 -2.786132097244262695e-01 -2.441299259662628174e-01
-3.385483324527740479e-01 -3.295894563198089600e-01 -2.210374474525451660e-01
-3.583509922027587891e-01 -3.209283947944641113e-01 -2.185383439064025879e-01
-2.754431366920471191e-01 -2.755826413631439209e-01 -2.331070452928543091e-01
-3.137999773025512695e-01 -3.263080716133117676e-01 -2.303515672683715820e-01
-3.108961582183837891e-01 -3.035009801387786865e-01 -2.239012122154235840e-01
-2.841443717479705811e-01 -2.657364606857299805e-01 -2.397795766592025757e-01
-3.365858495235443115e-01 -3.148464560508728027e-01 -2.209148257970809937e-01
-3.265511989593505859e-01 -3.342132866382598877e-01 -2.311665117740631104e-01
-3.168620765209197998e-01 -3.465687930583953857e-01 -2.279488593339920044e-01
-3.122539818286895752e-01 -2.988632619380950928e-01 -2.238533943891525269e-01
-3.629741966724395752e-01 -2.571254968643188477e-01 -2.260644584894180298e-01
-3.036694824695587158e-01 -3.184212446212768555e-01 -2.301004976034164429e-01
-2.894884049892425537e-01 -2.456896156072616577e-01 -2.315117120742797852e-01
-3.217025995254516602e-01 -2.344543337821960449e-01 -2.313958406448364258e-01
-3.294142186641693115e-01 -2.245974093675613403e-01 -2.290270775556564331e-01
-3.267232775688171387e-01 -2.292515337467193604e-01 -2.302634418010711670e-01
-3.260720372200012207e-01 -3.007845282554626465e-01 -2.212366610765457153e-01
-3.357573747634887695e-01 -3.172888755798339844e-01 -2.211562097072601318e-01
-2.755435705184936523e-01 -2.713759243488311768e-01 -2.264466285705566406e-01
-3.396670818328857422e-01 -3.088563382625579834e-01 -2.196078002452850342e-01
-3.214450776576995850e-01 -2.838758826255798340e-01 -2.417354881763458252e-01
-2.741763889789581299e-01 -2.720776498317718506e-01 -2.285674661397933960e-01
-3.567754328250885010e-01 -2.368912994861602783e-01 -2.285590767860412598e-01
-2.805380225181579590e-01 -2.614352703094482422e-01 -2.404174655675888062e-01
-3.066845834255218506e-01 -3.217132687568664551e-01 -2.300273776054382324e-01
-2.569980025291442871e-01 -2.461546957492828369e-01 -2.340387850999832153e-01
-3.308553099632263184e-01 -3.199594318866729736e-01 -2.302660793066024780e-01
-3.664556443691253662e-01 -2.468434870243072510e-01 -2.277400195598602295e-01
-2.837311923503875732e-01 -2.779629826545715332e-01 -2.260376363992691040e-01
-2.827644348144531250e-01 -2.614760696887969971e-01 -2.402234822511672974e-01
-2.606392502784729004e-01 -2.553560435771942139e-01 -2.444982826709747314e-01
-2.852340042591094971e-01 -2.662419080734252930e-01 -2.397207319736480713e-01
-3.152681589126586914e-01 -2.671068608760833740e-01 -2.387373596429824829e-01
-3.608056008815765381e-01 -2.583746016025543213e-01 -2.256815433502197266e-01
-3.618350028991699219e-01 -2.457202672958374023e-01 -2.283783555030822754e-01
-3.397974669933319092e-01 -2.292471677064895630e-01 -2.271694093942642212e-01
-2.966208457946777344e-01 -2.983510196208953857e-01 -2.321505248546600342e-01
-2.670649290084838867e-01 -2.662144601345062256e-01 -2.285564541816711426e-01
-3.172181248664855957e-01 -3.202773928642272949e-01 -2.213578224182128906e-01
-2.657293677330017090e-01 -2.521505355834960938e-01 -2.446106523275375366e-01
-3.445107042789459229e-01 -3.076650798320770264e-01 -2.182743102312088013e-01
-3.287877738475799561e-01 -3.477729856967926025e-01 -2.169221043586730957e-01
-3.432959616184234619e-01 -3.367912471294403076e-01 -2.323855906724929810e-01
-3.340048193931579590e-01 -3.231880068778991699e-01 -2.212583720684051514e-01
-3.422700166702270508e-01 -2.432136535644531250e-01 -2.290451973676681519e-01
-3.461748957633972168e-01 -3.466156721115112305e-01 -2.343171685934066772e-01
-3.608809411525726318e-01 -2.576418220996856689e-01 -2.259175032377243042e-01
-2.791824638843536377e-01 -2.819891571998596191e-01 -2.321366071701049805e-01
-3.130217492580413818e-01 -3.182267546653747559e-01 -2.214279919862747192e-01
-2.553482353687286377e-01 -2.496173828840255737e-01 -2.427179515361785889e-01
-2.859141528606414795e-01 -2.828477919101715088e-01 -2.267538458108901978e-01
-3.194387257099151611e-01 -3.047706186771392822e-01 -2.296140342950820923e-01
-3.175619542598724365e-01 -3.339576423168182373e-01 -2.180707156658172607e-01
-3.016190528869628906e-01 -2.666489183902740479e-01 -2.391168028116226196e-01
-3.025740087032318115e-01 -2.397739887237548828e-01 -2.344247847795486450e-01
-2.924433052539825439e-01 -2.864712774753570557e-01 -2.270519137382507324e-01
-2.949371337890625000e-01 -2.754895091056823730e-01 -2.382041364908218384e-01
-2.615736722946166992e-01 -2.606672048568725586e-01 -2.294108420610427856e-01
-2.672473490238189697e-01 -2.662194669246673584e-01 -2.282535731792449951e-01
-3.445888757705688477e-01 -3.120879530906677246e-01 -2.191450446844100952e-01
-3.332229256629943848e-01 -2.352381348609924316e-01 -2.305089682340621948e-01
-3.357987701892852783e-01 -3.466908037662506104e-01 -2.187860757112503052e-01
-3.066147565841674805e-01 -3.020924925804138184e-01 -2.313813418149948120e-01
-3.219722211360931396e-01 -3.543030917644500732e-01 -2.283277958631515503e-01
-2.613794505596160889e-01 -2.545388638973236084e-01 -2.416554838418960571e-01
-3.081689774990081787e-01 -3.184186816215515137e-01 -2.306905686855316162e-01
-3.012547492980957031e-01 -2.445234060287475586e-01 -2.314825206995010376e-01
-2.882406115531921387e-01 -2.888978123664855957e-01 -2.310643345117568970e-01
-2.866506278514862061e-01 -2.835920453071594238e-01 -2.265465855598449707e-01
-3.677344024181365967e-01 -2.457866072654724121e-01 -2.281486988067626953e-01
-3.158199489116668701e-01 -3.069243729114532471e-01 -2.232404351234436035e-01
-3.055108487606048584e-01 -2.921692132949829102e-01 -2.245547920465469360e-01
-3.167839348316192627e-01 -2.740782499313354492e-01 -2.402865290641784668e-01
-3.153264820575714111e-01 -3.293842077255249023e-01 -2.301972508430480957e-01
-3.412438631057739258e-01 -3.413259685039520264e-01 -2.204748839139938354e-01
-3.068068921566009521e-01 -3.092556297779083252e-01 -2.228965461254119873e-01
-3.196607232093811035e-01 -3.267466127872467041e-01 -2.308468371629714966e-01
-3.345046043395996094e-01 -2.482902407646179199e-01 -2.283164858818054199e-01
-2.989143729209899902e-01 -2.416355907917022705e-01 -2.325340062379837036e-01
-2.872784733772277832e-01 -2.441336810588836670e-01 -2.308447808027267456e-01
-3.138205111026763916e-01 -2.691810131072998047e-01 -2.392247766256332397e-01
-3.157454729080200195e-01 -3.126795291900634766e-01 -2.226298004388809204e-01
-2.839495539665222168e-01 -2.432958036661148071e-01 -2.349803447723388672e-01
-3.237689137458801270e-01 -3.189285397529602051e-01 -2.308120727539062500e-01
-3.245900571346282959e-01 -2.373118847608566284e-01 -2.312471568584442139e-01
-3.242069184780120850e-01 -2.294511497020721436e-01 -2.303904891014099121e-01
-3.715902864933013916e-01 -2.557623386383056641e-01 -2.268044054508209229e-01
-3.030316829681396484e-01 -2.825130522251129150e-01 -2.374537885189056396e-01
-3.620158731937408447e-01 -2.395103424787521362e-01 -2.286442518234252930e-01
-3.267875611782073975e-01 -3.267758190631866455e-01 -2.208619713783264160e-01
-3.330049812793731689e-01 -3.258059024810791016e-01 -2.308916747570037842e-01
-3.431404531002044678e-01 -2.246561795473098755e-01 -2.289477139711380005e-01
-3.227385282516479492e-01 -3.382065296173095703e-01 -2.304598242044448853e-01
-3.099247813224792480e-01 -3.192711770534515381e-01 -2.307436764240264893e-01
-2.973593771457672119e-01 -3.136318922042846680e-01 -2.297901809215545654e-01
-3.463454544544219971e-01 -3.472090959548950195e-01 -2.344483584165573120e-01
-3.190718889236450195e-01 -2.297299802303314209e-01 -2.305894047021865845e-01
-3.414941132068634033e-01 -2.271475344896316528e-01 -2.294173985719680786e-01
-3.249635398387908936e-01 -3.350369930267333984e-01 -2.309724241495132446e-01
-3.682582676410675049e-01 -2.531710565090179443e-01 -2.273324131965637207e-01
-3.156307041645050049e-01 -3.136288821697235107e-01 -2.310744076967239380e-01
-3.239926993846893311e-01 -2.446615844964981079e-01 -2.303207218647003174e-01
-3.336679339408874512e-01 -2.532585561275482178e-01 -2.276735603809356689e-01
-3.334304690361022949e-01 -3.377895355224609375e-01 -2.318029403686523438e-01
-3.266036510467529297e-01 -2.862122654914855957e-01 -2.433768957853317261e-01
-3.723101615905761719e-01 -2.541480660438537598e-01 -2.272589504718780518e-01
-3.195259571075439453e-01 -2.360985577106475830e-01 -2.317176014184951782e-01
-3.193089365959167480e-01 -2.794745564460754395e-01 -2.412334233522415161e-01
-2.995416522026062012e-01 -2.941721677780151367e-01 -2.255882322788238525e-01
-3.216658532619476318e-01 -2.383979111909866333e-01 -2.315248847007751465e-01
-2.506983280181884766e-01 -2.475516349077224731e-01 -2.437798529863357544e-01
-3.630588650703430176e-01 -2.427711188793182373e-01 -2.286390960216522217e-01
-3.143455684185028076e-01 -2.650612890720367432e-01 -2.380934953689575195e-01
-2.834878265857696533e-01 -2.801323533058166504e-01 -2.274463623762130737e-01
-2.988105416297912598e-01 -2.772711217403411865e-01 -2.382030487060546875e-01
-3.260754346847534180e-01 -2.411663383245468140e-01 -2.298534959554672241e-01
-2.869953811168670654e-01 -2.408807724714279175e-01 -2.337711453437805176e-01
-3.090614080429077148e-01 -3.365743458271026611e-01 -2.276968657970428467e-01
-3.531735241413116455e-01 -2.430954128503799438e-01 -2.285171896219253540e-01
-2.804353237152099609e-01 -2.420180290937423706e-01 -2.335159033536911011e-01
-2.725812494754791260e-01 -2.696318030357360840e-01 -2.292735576629638672e-01
-3.031307756900787354e-01 -3.079236745834350586e-01 -2.227732390165328979e-01
-3.324984312057495117e-01 -3.496300280094146729e-01 -2.173957377672195435e-01
-3.443910181522369385e-01 -3.462981581687927246e-01 -2.206611633300781250e-01
-3.078942894935607910e-01 -2.815268933773040771e-01 -2.385912388563156128e-01
-3.186118900775909424e-01 -2.404630929231643677e-01 -2.300848662853240967e-01
-2.586886584758758545e-01 -2.606134712696075439e-01 -2.351168096065521240e-01
-3.707996606826782227e-01 -2.549972236156463623e-01 -2.269813120365142822e-01
-2.652399241924285889e-01 -2.461175024509429932e-01 -2.359955012798309326e-01
-3.690111935138702393e-01 -2.614651918411254883e-01 -2.248666882514953613e-01
-3.202067017555236816e-01 -3.156993389129638672e-01 -2.308235764503479004e-01
-3.083271384239196777e-01 -3.193828463554382324e-01 -2.305841147899627686e-01
-3.328270018100738525e-01 -2.376139014959335327e-01 -2.291687726974487305e-01
-2.676033675670623779e-01 -2.566799223423004150e-01 -2.414769083261489868e-01
-3.309327960014343262e-01 -3.455362021923065186e-01 -2.179619967937469482e-01
-3.420554399490356445e-01 -2.241523116827011108e-01 -2.288484871387481689e-01
-3.405117392539978027e-01 -3.159106075763702393e-01 -2.204253971576690674e-01
-3.259927034378051758e-01 -3.158474266529083252e-01 -2.219440937042236328e-01
-3.170643150806427002e-01 -2.423179894685745239e-01 -2.315866947174072266e-01
-3.212030827999114990e-01 -3.402815759181976318e-01 -2.299750596284866333e-01
-2.778560519218444824e-01 -2.747239470481872559e-01 -2.282428741455078125e-01
-3.328682482242584229e-01 -3.215065002441406250e-01 -2.213807553052902222e-01
-3.202699720859527588e-01 -2.314266562461853027e-01 -2.309930175542831421e-01
-3.460679948329925537e-01 -3.340954780578613281e-01 -2.211042195558547974e-01
-3.300517201423645020e-01 -2.467737942934036255e-01 -2.291664630174636841e-01
-3.012191057205200195e-01 -3.218125998973846436e-01 -2.289182394742965698e-01
-3.160855174064636230e-01 -2.437989860773086548e-01 -2.305423617362976074e-01
-2.789538204669952393e-01 -2.814345061779022217e-01 -2.310123890638351440e-01
-3.506157994270324707e-01 -2.579714655876159668e-01 -2.258186340332031250e-01
-3.386794328689575195e-01 -2.429717034101486206e-01 -2.292944192886352539e-01
-3.584156036376953125e-01 -2.486466467380523682e-01 -2.269509732723236084e-01
-2.973562180995941162e-01 -3.159251213073730469e-01 -2.292680293321609497e-01
-3.372208178043365479e-01 -3.314738273620605469e-01 -2.208956331014633179e-01
-3.565522432327270508e-01 -2.501198649406433105e-01 -2.264962494373321533e-01
-3.453407883644104004e-01 -2.402939498424530029e-01 -2.289296984672546387e-01
-3.188431262969970703e-01 -2.298409640789031982e-01 -2.306238859891891479e-01
-3.159872293472290039e-01 -3.321008086204528809e-01 -2.182679921388626099e-01
-3.395198583602905273e-01 -3.353936374187469482e-01 -2.207499891519546509e-01
-3.566095530986785889e-01 -2.399343252182006836e-01 -2.290819287300109863e-01
-3.632163703441619873e-01 -3.214558064937591553e-01 -2.179820388555526733e-01
-3.291081488132476807e-01 -3.006685078144073486e-01 -2.204969376325607300e-01
-3.286603093147277832e-01 -3.039453327655792236e-01 -2.211578041315078735e-01
-3.228866755962371826e-01 -2.983082830905914307e-01 -2.215384840965270996e-01
-3.301032185554504395e-01 -3.263913691043853760e-01 -2.210365980863571167e-01
-3.249139785766601562e-01 -3.180963695049285889e-01 -2.218270003795623779e-01
-3.538140952587127686e-01 -2.434754669666290283e-01 -2.284272909164428711e-01
-3.558233380317687988e-01 -2.471712678670883179e-01 -2.274477034807205200e-01
-3.284848332405090332e-01 -2.465535700321197510e-01 -2.294964492321014404e-01
-3.423181474208831787e-01 -3.194059729576110840e-01 -2.205201089382171631e-01
-3.097825050354003906e-01 -3.052069842815399170e-01 -2.237627655267715454e-01
-3.175551593303680420e-01 -3.066038191318511963e-01 -2.302816510200500488e-01
-2.884885370731353760e-01 -2.668825685977935791e-01 -2.396641075611114502e-01
-3.334688842296600342e-01 -2.352480888366699219e-01 -2.304889261722564697e-01
-3.216254711151123047e-01 -2.707580327987670898e-01 -2.400901615619659424e-01
-2.849609553813934326e-01 -2.810474932193756104e-01 -2.251239567995071411e-01
-3.329667448997497559e-01 -3.301986753940582275e-01 -2.207332849502563477e-01
-3.419683277606964111e-01 -3.305604159832000732e-01 -2.210622131824493408e-01
-2.875913083553314209e-01 -2.464877218008041382e-01 -2.301920056343078613e-01
-3.641127645969390869e-01 -2.416766136884689331e-01 -2.286988347768783569e-01
-3.203220665454864502e-01 -3.341097831726074219e-01 -2.185690253973007202e-01
-3.468632400035858154e-01 -3.471994102001190186e-01 -2.345177829265594482e-01
-3.041263520717620850e-01 -2.966156899929046631e-01 -2.310607135295867920e-01
-2.822580039501190186e-01 -2.850833237171173096e-01 -2.323457300662994385e-01
-3.042972683906555176e-01 -3.014521598815917969e-01 -2.316141575574874878e-01
-3.131259381771087646e-01 -3.142001926898956299e-01 -2.311788499355316162e-01
-3.133573234081268311e-01 -3.134407699108123779e-01 -2.311829924583435059e-01
-3.533134460449218750e-01 -2.331485450267791748e-01 -2.281190007925033569e-01
-3.145863413810729980e-01 -2.438954859972000122e-01 -2.314697653055191040e-01
-3.583174347877502441e-01 -3.368530869483947754e-01 -2.319901734590530396e-01
-3.312273919582366943e-01 -3.214799761772155762e-01 -2.304082810878753662e-01
-3.170549571514129639e-01 -2.819691002368927002e-01 -2.406398206949234009e-01
-3.432426452636718750e-01 -3.386621475219726562e-01 -2.208790183067321777e-01
-3.169616162776947021e-01 -3.247644305229187012e-01 -2.307923138141632080e-01
-3.344843089580535889e-01 -2.756398916244506836e-01 -2.434792220592498779e-01
-3.381733298301696777e-01 -3.342372477054595947e-01 -2.207537293434143066e-01
-2.691484391689300537e-01 -2.473199069499969482e-01 -2.320492416620254517e-01
-3.084206581115722656e-01 -3.117531538009643555e-01 -2.224625796079635620e-01
-3.496923446655273438e-01 -3.264824151992797852e-01 -2.294317930936813354e-01
-3.420989215373992920e-01 -3.104453384876251221e-01 -2.193778157234191895e-01
-3.481713533401489258e-01 -3.430886268615722656e-01 -2.214153707027435303e-01
-3.561951518058776855e-01 -3.295059800148010254e-01 -2.206769138574600220e-01
-3.112998306751251221e-01 -3.383215367794036865e-01 -2.279172837734222412e-01
-3.384409546852111816e-01 -3.402126431465148926e-01 -2.325809597969055176e-01
-2.759948968887329102e-01 -2.778004407882690430e-01 -2.330041080713272095e-01
-3.176466226577758789e-01 -2.717534005641937256e-01 -2.399797886610031128e-01
-3.344494104385375977e-01 -2.337775081396102905e-01 -2.283726185560226440e-01
-2.781903445720672607e-01 -2.443381100893020630e-01 -2.337919920682907104e-01
-3.182847797870635986e-01 -2.835489511489868164e-01 -2.408497184514999390e-01
-3.447548747062683105e-01 -3.072697818279266357e-01 -2.181263566017150879e-01
-3.060090839862823486e-01 -2.769609093666076660e-01 -2.390718162059783936e-01
-3.537921309471130371e-01 -3.234812319278717041e-01 -2.196944355964660645e-01
-3.303479552268981934e-01 -3.422556221485137939e-01 -2.185658663511276245e-01
-3.549965023994445801e-01 -3.213228881359100342e-01 -2.191266864538192749e-01
-3.412387669086456299e-01 -3.384518027305603027e-01 -2.325789481401443481e-01
-3.132375180721282959e-01 -3.221751153469085693e-01 -2.204880118370056152e-01
-3.263734579086303711e-01 -3.009604513645172119e-01 -2.211977094411849976e-01
-3.264130651950836182e-01 -2.770832777023315430e-01 -2.424907833337783813e-01
-3.316545188426971436e-01 -3.142120540142059326e-01 -2.292085289955139160e-01
-3.158925473690032959e-01 -2.479873746633529663e-01 -2.297492623329162598e-01
-3.349724411964416504e-01 -2.537107467651367188e-01 -2.274979799985885620e-01
-3.161963522434234619e-01 -2.478364706039428711e-01 -2.297990173101425171e-01
-3.334918916225433350e-01 -2.472444027662277222e-01 -2.287261337041854858e-01
-3.342729210853576660e-01 -3.400936424732208252e-01 -2.196284383535385132e-01
-2.904300689697265625e-01 -2.405620664358139038e-01 -2.338745892047882080e-01
-3.414830565452575684e-01 -2.451301068067550659e-01 -2.289591282606124878e-01
-3.423757553100585938e-01 -2.403670698404312134e-01 -2.290487438440322876e-01
-3.081746101379394531e-01 -2.727964222431182861e-01 -2.394562214612960815e-01
-3.580900728702545166e-01 -3.350221812725067139e-01 -2.313261181116104126e-01
-3.283011317253112793e-01 -3.383020162582397461e-01 -2.312587648630142212e-01
-3.414321243762969971e-01 -3.295334279537200928e-01 -2.210671454668045044e-01
-2.862935364246368408e-01 -2.890611886978149414e-01 -2.329210340976715088e-01
-3.337900638580322266e-01 -3.429981470108032227e-01 -2.190448492765426636e-01
-3.603631556034088135e-01 -3.294182717800140381e-01 -2.203843444585800171e-01
-3.375709354877471924e-01 -3.192351162433624268e-01 -2.292891740798950195e-01
-3.478543758392333984e-01 -3.366810679435729980e-01 -2.323473542928695679e-01
-2.529552578926086426e-01 -2.518414258956909180e-01 -2.323416620492935181e-01
-3.238337635993957520e-01 -3.082074224948883057e-01 -2.294266223907470703e-01
-3.254793882369995117e-01 -3.172875642776489258e-01 -2.305336147546768188e-01
-2.676832377910614014e-01 -2.572995424270629883e-01 -2.397847920656204224e-01
-3.435443937778472900e-01 -2.311722338199615479e-01 -2.277270406484603882e-01
-3.165220022201538086e-01 -3.300507068634033203e-01 -2.189386785030364990e-01
-2.546463310718536377e-01 -2.477077692747116089e-01 -2.388902604579925537e-01
-3.259850144386291504e-01 -3.445977866649627686e-01 -2.170626074075698853e-01
-3.467661440372467041e-01 -3.383330404758453369e-01 -2.212811410427093506e-01
-3.410106301307678223e-01 -2.236181050539016724e-01 -2.287290990352630615e-01
-3.699195384979248047e-01 -2.512998282909393311e-01 -2.278093248605728149e-01
-2.874211072921752930e-01 -2.460252046585083008e-01 -2.294893413782119751e-01
-2.540056705474853516e-01 -2.526388168334960938e-01 -2.359719425439834595e-01
-2.547074258327484131e-01 -2.522943317890167236e-01 -2.325381785631179810e-01
-3.310375213623046875e-01 -2.876449227333068848e-01 -2.450944781303405762e-01
-3.051021993160247803e-01 -2.945234477519989014e-01 -2.248900532722473145e-01
-3.205792605876922607e-01 -3.415352702140808105e-01 -2.296938449144363403e-01
-3.207629621028900146e-01 -2.800665199756622314e-01 -2.415812015533447266e-01
-2.963487505912780762e-01 -2.935525476932525635e-01 -2.256230711936950684e-01
-3.178836703300476074e-01 -2.381824404001235962e-01 -2.319281101226806641e-01
-2.643709778785705566e-01 -2.630463242530822754e-01 -2.308430075645446777e-01
-3.348513841629028320e-01 -2.370037287473678589e-01 -2.303407043218612671e-01
-3.418046236038208008e-01 -3.352500498294830322e-01 -2.208870500326156616e-01
-3.340567052364349365e-01 -3.422858119010925293e-01 -2.321703732013702393e-01
-2.655520439147949219e-01 -2.678091824054718018e-01 -2.327417284250259399e-01
-3.305563926696777344e-01 -2.517754435539245605e-01 -2.282177507877349854e-01
-3.244004845619201660e-01 -3.191108405590057373e-01 -2.307817488908767700e-01
-3.329807221889495850e-01 -3.430902659893035889e-01 -2.320195138454437256e-01
-3.393162786960601807e-01 -2.314559817314147949e-01 -2.299701422452926636e-01
-3.350896835327148438e-01 -2.405507266521453857e-01 -2.300104647874832153e-01
-3.235007822513580322e-01 -3.099415004253387451e-01 -2.224055975675582886e-01
-3.210639953613281250e-01 -2.384201139211654663e-01 -2.315881252288818359e-01
-2.916316688060760498e-01 -2.441139817237854004e-01 -2.294608503580093384e-01
-3.332219719886779785e-01 -2.484544366598129272e-01 -2.283731848001480103e-01
-3.522885441780090332e-01 -3.157585263252258301e-01 -2.184466272592544556e-01
-3.349716961383819580e-01 -2.479585558176040649e-01 -2.289171665906906128e-01
-3.073529601097106934e-01 -2.747121155261993408e-01 -2.393844127655029297e-01
-3.066395521163940430e-01 -2.703281342983245850e-01 -2.392972856760025024e-01
-3.317176997661590576e-01 -2.894161641597747803e-01 -2.452190667390823364e-01
-2.938761413097381592e-01 -2.425897717475891113e-01 -2.333160489797592163e-01
-3.199375867843627930e-01 -3.430524468421936035e-01 -2.293458580970764160e-01
-3.644725084304809570e-01 -2.486654818058013916e-01 -2.270237058401107788e-01
-3.359677791595458984e-01 -2.319137603044509888e-01 -2.278881072998046875e-01
-2.922600507736206055e-01 -2.603538036346435547e-01 -2.389042675495147705e-01
-2.990283966064453125e-01 -2.951331734657287598e-01 -2.317565828561782837e-01
-3.035154342651367188e-01 -3.149660229682922363e-01 -2.306434363126754761e-01
-3.223785161972045898e-01 -3.005864322185516357e-01 -2.220237851142883301e-01
-3.008956015110015869e-01 -2.939454615116119385e-01 -2.311490476131439209e-01
-3.012391030788421631e-01 -3.088518381118774414e-01 -2.312855422496795654e-01
-3.389115333557128906e-01 -3.318659365177154541e-01 -2.209537625312805176e-01
-3.301553726196289062e-01 -2.313175350427627563e-01 -2.304581701755523682e-01
-2.965134680271148682e-01 -3.015534579753875732e-01 -2.318540960550308228e-01
-3.237386047840118408e-01 -3.120695650577545166e-01 -2.223235964775085449e-01
-2.996274232864379883e-01 -2.941539883613586426e-01 -2.314646691083908081e-01
-3.314577341079711914e-01 -3.096856176853179932e-01 -2.212362438440322876e-01
-3.170767128467559814e-01 -3.484725356101989746e-01 -2.276496738195419312e-01
-3.019268512725830078e-01 -2.953334152698516846e-01 -2.253045886754989624e-01
-3.502378165721893311e-01 -3.241810202598571777e-01 -2.202459424734115601e-01
-2.731426358222961426e-01 -2.708595097064971924e-01 -2.267140001058578491e-01
-2.988940775394439697e-01 -2.606285512447357178e-01 -2.381809055805206299e-01
-3.113100826740264893e-01 -3.145989179611206055e-01 -2.220775038003921509e-01
-3.311798274517059326e-01 -3.149194121360778809e-01 -2.294269949197769165e-01
-2.689792513847351074e-01 -2.454662621021270752e-01 -2.336204200983047485e-01
-3.321729004383087158e-01 -3.223940432071685791e-01 -2.213680297136306763e-01
-3.417497277259826660e-01 -3.177126944065093994e-01 -2.204025536775588989e-01
-2.688785493373870850e-01 -2.658097743988037109e-01 -2.276083827018737793e-01
-3.098658323287963867e-01 -2.976277768611907959e-01 -2.300685644149780273e-01
-3.161365687847137451e-01 -2.838930785655975342e-01 -2.402006983757019043e-01
-3.222135305404663086e-01 -3.412289023399353027e-01 -2.300760746002197266e-01
-2.969638109207153320e-01 -2.669164836406707764e-01 -2.393756806850433350e-01
-3.211791813373565674e-01 -3.147950768470764160e-01 -2.222846895456314087e-01
-3.194618523120880127e-01 -3.199540078639984131e-01 -2.310091853141784668e-01
-2.630028128623962402e-01 -2.617233097553253174e-01 -2.337520420551300049e-01
-3.566212952136993408e-01 -2.456292361021041870e-01 -2.284567356109619141e-01
-3.213864266872406006e-01 -3.383643627166748047e-01 -2.302080839872360229e-01
-3.000199496746063232e-01 -3.169805407524108887e-01 -2.296738177537918091e-01
-2.545171380043029785e-01 -2.491279542446136475e-01 -2.426280081272125244e-01
-3.217328190803527832e-01 -2.353400290012359619e-01 -2.314720153808593750e-01
-3.060192763805389404e-01 -2.397939562797546387e-01 -2.332222908735275269e-01
-2.682203054428100586e-01 -2.670152187347412109e-01 -2.279236614704132080e-01
-2.875978350639343262e-01 -2.842373847961425781e-01 -2.268668562173843384e-01
-2.582892477512359619e-01 -2.517023682594299316e-01 -2.427176386117935181e-01
-2.526795566082000732e-01 -2.483524978160858154e-01 -2.454940080642700195e-01
-3.308199346065521240e-01 -3.385905921459197998e-01 -2.315223962068557739e-01
-3.390599787235260010e-01 -3.376922905445098877e-01 -2.323384284973144531e-01
-2.508510947227478027e-01 -2.475377917289733887e-01 -2.452784478664398193e-01
-3.071662485599517822e-01 -2.727321684360504150e-01 -2.394095659255981445e-01
-3.261418342590332031e-01 -2.692702412605285645e-01 -2.399139851331710815e-01
-3.110737502574920654e-01 -2.864979803562164307e-01 -2.382364273071289062e-01
-3.234425783157348633e-01 -2.284605950117111206e-01 -2.301658689975738525e-01
-3.443627655506134033e-01 -2.543384134769439697e-01 -2.270831167697906494e-01
-3.388113677501678467e-01 -2.501149773597717285e-01 -2.273536920547485352e-01
-3.306126296520233154e-01 -3.114250600337982178e-01 -2.214893251657485962e-01
-2.767338752746582031e-01 -2.782218754291534424e-01 -2.307168096303939819e-01
-3.290738463401794434e-01 -3.328061103820800781e-01 -2.313628047704696655e-01
-2.941366434097290039e-01 -2.461836934089660645e-01 -2.304687947034835815e-01
-3.343307077884674072e-01 -2.506354451179504395e-01 -2.283943742513656616e-01
-3.066829442977905273e-01 -3.073492050170898438e-01 -2.315064519643783569e-01
-2.843253910541534424e-01 -2.787692546844482422e-01 -2.273646593093872070e-01
-3.279192149639129639e-01 -3.454290330410003662e-01 -2.173118442296981812e-01
-3.139528334140777588e-01 -3.106090426445007324e-01 -2.311057150363922119e-01
-3.370240926742553711e-01 -3.439328372478485107e-01 -2.327129393815994263e-01
-3.590539693832397461e-01 -3.341717123985290527e-01 -2.309165149927139282e-01
-3.564682900905609131e-01 -3.359096646308898926e-01 -2.317683547735214233e-01
-2.637099325656890869e-01 -2.557967007160186768e-01 -2.448254376649856567e-01
-3.523389995098114014e-01 -3.314777314662933350e-01 -2.210800796747207642e-01
-2.663126885890960693e-01 -2.668495774269104004e-01 -2.344159483909606934e-01
-2.526862621307373047e-01 -2.511005699634552002e-01 -2.367788106203079224e-01
-3.282545506954193115e-01 -2.310679405927658081e-01 -2.305264025926589966e-01
-2.780963182449340820e-01 -2.441101968288421631e-01 -2.355670779943466187e-01
-3.507648408412933350e-01 -3.360694944858551025e-01 -2.214895188808441162e-01
-2.608227729797363281e-01 -2.535664439201354980e-01 -2.399057596921920776e-01
-3.488628268241882324e-01 -3.409963846206665039e-01 -2.215183675289154053e-01
-3.292880356311798096e-01 -2.787863910198211670e-01 -2.435102909803390503e-01
-3.450292348861694336e-01 -2.330738604068756104e-01 -2.281335741281509399e-01
-3.095822632312774658e-01 -2.865277826786041260e-01 -2.378315776586532593e-01
-3.112929463386535645e-01 -2.653169333934783936e-01 -2.383452653884887695e-01
-2.500145435333251953e-01 -2.515262961387634277e-01 -2.370111942291259766e-01
-2.603087127208709717e-01 -2.596829533576965332e-01 -2.356059551239013672e-01
-3.318946361541748047e-01 -3.392673730850219727e-01 -2.194093465805053711e-01
-3.327037990093231201e-01 -2.843768000602722168e-01 -2.456209361553192139e-01
-3.208367824554443359e-01 -3.082781732082366943e-01 -2.299858629703521729e-01
-3.336524665355682373e-01 -3.372755348682403564e-01 -2.317852675914764404e-01
-3.102850914001464844e-01 -3.275132775306701660e-01 -2.296670377254486084e-01
-3.310525715351104736e-01 -3.053492903709411621e-01 -2.208459228277206421e-01
-3.288833796977996826e-01 -3.371932208538055420e-01 -2.192965745925903320e-01
-3.102265894412994385e-01 -2.863231897354125977e-01 -2.380591630935668945e-01
-3.479255139827728271e-01 -3.148153126239776611e-01 -2.190370559692382812e-01
-3.349175155162811279e-01 -3.473939895629882812e-01 -2.324643433094024658e-01
-2.657343149185180664e-01 -2.654013633728027344e-01 -2.343578934669494629e-01
-2.891186177730560303e-01 -2.445622533559799194e-01 -2.293753474950790405e-01
-3.370389938354492188e-01 -3.371545672416687012e-01 -2.321145534515380859e-01
-3.337725698947906494e-01 -3.206904232501983643e-01 -2.300514578819274902e-01
-3.031089603900909424e-01 -3.281511366367340088e-01 -2.279578149318695068e-01
-3.380626142024993896e-01 -3.280909061431884766e-01 -2.309221774339675903e-01
-2.588265836238861084e-01 -2.465477138757705688e-01 -2.359108179807662964e-01
-3.177695870399475098e-01 -2.779850363731384277e-01 -2.408262193202972412e-01
-3.281082808971405029e-01 -3.449624776840209961e-01 -2.310126125812530518e-01
-2.878329455852508545e-01 -2.839833498001098633e-01 -2.271440774202346802e-01
-3.364081680774688721e-01 -3.087990283966064453e-01 -2.202596366405487061e-01
-3.202251493930816650e-01 -3.267005085945129395e-01 -2.308817356824874878e-01
-2.708266675472259521e-01 -2.563149929046630859e-01 -2.396914213895797729e-01
-2.868374288082122803e-01 -2.890427410602569580e-01 -2.310169190168380737e-01
-2.971945703029632568e-01 -2.396637201309204102e-01 -2.336163669824600220e-01
-3.410148918628692627e-01 -2.322806268930435181e-01 -2.299532443284988403e-01
-2.723357081413269043e-01 -2.568661272525787354e-01 -2.398843467235565186e-01
-2.938899099826812744e-01 -3.012676239013671875e-01 -2.316102683544158936e-01
-3.231488168239593506e-01 -3.346133828163146973e-01 -2.189236730337142944e-01
-3.298996686935424805e-01 -3.217616081237792969e-01 -2.214731276035308838e-01
-2.776777446269989014e-01 -2.445841133594512939e-01 -2.342700213193893433e-01
-3.213339447975158691e-01 -2.343252748250961304e-01 -2.314114421606063843e-01
-3.597392439842224121e-01 -3.245748579502105713e-01 -2.193185985088348389e-01
-3.383817672729492188e-01 -3.288574218750000000e-01 -2.310134023427963257e-01
-3.462638258934020996e-01 -2.334186285734176636e-01 -2.297481447458267212e-01
-3.718765676021575928e-01 -2.573640644550323486e-01 -2.263542264699935913e-01
-2.748874723911285400e-01 -2.449985295534133911e-01 -2.326072603464126587e-01
-3.321574032306671143e-01 -3.144385814666748047e-01 -2.291650474071502686e-01
-2.511587440967559814e-01 -2.497204393148422241e-01 -2.441181540489196777e-01
-3.057689666748046875e-01 -3.132191300392150879e-01 -2.217343747615814209e-01
-3.315197229385375977e-01 -2.273888289928436279e-01 -2.297113239765167236e-01
-3.253797888755798340e-01 -2.332783788442611694e-01 -2.309777289628982544e-01
-3.422486782073974609e-01 -3.186098635196685791e-01 -2.283745408058166504e-01
-3.141909837722778320e-01 -3.211934566497802734e-01 -2.208596765995025635e-01
-3.307665884494781494e-01 -2.423692792654037476e-01 -2.296443134546279907e-01
-3.198030889034271240e-01 -2.401265949010848999e-01 -2.299894839525222778e-01
-3.185391426086425781e-01 -2.444157451391220093e-01 -2.309359759092330933e-01
-2.931905388832092285e-01 -2.461206763982772827e-01 -2.307645231485366821e-01
-3.453094959259033203e-01 -2.481499612331390381e-01 -2.284283638000488281e-01
-3.457360565662384033e-01 -2.284702509641647339e-01 -2.270280420780181885e-01
-2.716379463672637939e-01 -2.466914057731628418e-01 -2.332555204629898071e-01
-3.275045454502105713e-01 -2.434485107660293579e-01 -2.302394360303878784e-01
-3.336790204048156738e-01 -3.229696154594421387e-01 -2.304482609033584595e-01
-3.014084994792938232e-01 -3.002811074256896973e-01 -2.244952768087387085e-01
-3.370311260223388672e-01 -3.454991281032562256e-01 -2.192454636096954346e-01
-2.734389305114746094e-01 -2.456627935171127319e-01 -2.330797612667083740e-01
-3.281791210174560547e-01 -2.336524873971939087e-01 -2.283033132553100586e-01
-3.279761075973510742e-01 -3.488515615463256836e-01 -2.308044135570526123e-01
-3.507334887981414795e-01 -2.465599626302719116e-01 -2.276987731456756592e-01
-3.440678119659423828e-01 -2.432802319526672363e-01 -2.289646565914154053e-01
-3.291329145431518555e-01 -3.410762548446655273e-01 -2.185795456171035767e-01
-3.129127323627471924e-01 -3.169818222522735596e-01 -2.310743927955627441e-01
-2.514668107032775879e-01 -2.485095858573913574e-01 -2.442052960395812988e-01
-3.534959554672241211e-01 -2.330910265445709229e-01 -2.281109988689422607e-01
-2.724223136901855469e-01 -2.471691817045211792e-01 -2.315348535776138306e-01
-3.149891793727874756e-01 -3.162446022033691406e-01 -2.310936599969863892e-01
