-1.506919264793395996e-01 -1.728046089410781860e-01 -2.006096243858337402e-01
-1.074838787317276001e-01 -1.937848776578903198e-01 -1.885603219270706177e-01
-1.248285993933677673e-01 -1.621779501438140869e-01 -1.843906939029693604e-01
-9.444195032119750977e-02 -1.890782415866851807e-01 -1.870589852333068848e-01
-9.617896378040313721e-02 -1.564196944236755371e-01 -2.000956386327743530e-01
-1.430832594633102417e-01 -1.759320348501205444e-01 -2.011283040046691895e-01
-1.301359683275222778e-01 -1.695384383201599121e-01 -1.988416165113449097e-01
-2.100166976451873779e-01 -2.150276750326156616e-01 -2.031651139259338379e-01
-1.783565282821655273e-01 -1.944165974855422974e-01 -2.039468884468078613e-01
-1.344678699970245361e-01 -1.477792114019393921e-01 -1.960709542036056519e-01
-1.525195688009262085e-01 -1.354490667581558228e-01 -1.825193613767623901e-01
-1.017958745360374451e-01 -2.053486555814743042e-01 -1.900070160627365112e-01
-1.218320876359939575e-01 -1.481243222951889038e-01 -1.981542259454727173e-01
-1.208166033029556274e-01 -1.460976302623748779e-01 -1.815911233425140381e-01
-1.069430857896804810e-01 -1.442892104387283325e-01 -1.816919595003128052e-01
-2.103700786828994751e-01 -2.101624459028244019e-01 -1.963299065828323364e-01
-1.213245987892150879e-01 -2.130824029445648193e-01 -1.916143000125885010e-01
-9.274318814277648926e-02 -1.883930861949920654e-01 -1.868535727262496948e-01
-1.084152683615684509e-01 -1.520119458436965942e-01 -2.072129994630813599e-01
-2.138986289501190186e-01 -1.940125077962875366e-01 -1.993813812732696533e-01
-1.093562245368957520e-01 -2.191390544176101685e-01 -1.890234202146530151e-01
-1.149278506636619568e-01 -1.494535356760025024e-01 -1.991673409938812256e-01
-1.866743564605712891e-01 -2.298036813735961914e-01 -2.077446430921554565e-01
-9.440908581018447876e-02 -1.940304487943649292e-01 -1.883138567209243774e-01
-1.206197291612625122e-01 -1.724309772253036499e-01 -1.975130587816238403e-01
-1.134781762957572937e-01 -1.474688351154327393e-01 -1.820913851261138916e-01
-1.849639117717742920e-01 -1.954011470079421997e-01 -2.005129456520080566e-01
-9.186247736215591431e-02 -1.915059983730316162e-01 -1.876928210258483887e-01
-1.705385595560073853e-01 -2.371322214603424072e-01 -2.104122191667556763e-01
-1.713570952415466309e-01 -2.164560407400131226e-01 -1.923061907291412354e-01
-1.665965318679809570e-01 -2.112358063459396362e-01 -1.943853646516799927e-01
-1.586741954088211060e-01 -2.446224689483642578e-01 -1.975981891155242920e-01
-1.245500370860099792e-01 -1.811211407184600830e-01 -1.995895653963088989e-01
-1.885526925325393677e-01 -1.752584725618362427e-01 -1.874604374170303345e-01
-1.039189174771308899e-01 -2.219654321670532227e-01 -1.915514916181564331e-01
-1.249235719442367554e-01 -2.090450674295425415e-01 -1.919421255588531494e-01
-1.092888489365577698e-01 -1.513738036155700684e-01 -2.068516165018081665e-01
-1.687735468149185181e-01 -1.881935149431228638e-01 -1.993812769651412964e-01
-1.006477847695350647e-01 -1.996107250452041626e-01 -1.894521713256835938e-01
-1.508801579475402832e-01 -1.659214496612548828e-01 -1.980835199356079102e-01
-1.740457564592361450e-01 -2.362130135297775269e-01 -2.092418372631072998e-01
-1.099947765469551086e-01 -1.455481946468353271e-01 -1.818442195653915405e-01
-1.351441890001296997e-01 -1.735372692346572876e-01 -1.988862603902816772e-01
-1.458413004875183105e-01 -1.661429703235626221e-01 -1.987728476524353027e-01
-1.841775774955749512e-01 -2.306998670101165771e-01 -1.982202231884002686e-01
-1.105723977088928223e-01 -1.929358989000320435e-01 -1.883959919214248657e-01
-1.061892658472061157e-01 -2.182231843471527100e-01 -1.890604943037033081e-01
-1.057517975568771362e-01 -1.658340096473693848e-01 -2.056247889995574951e-01
-9.472735226154327393e-02 -1.638900339603424072e-01 -1.978946477174758911e-01
-1.200402677059173584e-01 -1.514001637697219849e-01 -1.827724575996398926e-01
-1.691695004701614380e-01 -2.318964898586273193e-01 -2.104674726724624634e-01
-1.879778802394866943e-01 -1.977062970399856567e-01 -1.919391453266143799e-01
-1.168938651680946350e-01 -1.628818809986114502e-01 -1.835857182741165161e-01
-1.081774756312370300e-01 -1.971345245838165283e-01 -1.893963366746902466e-01
-1.299261301755905151e-01 -1.588792502880096436e-01 -1.986947208642959595e-01
-1.840039342641830444e-01 -1.976588219404220581e-01 -1.908214688301086426e-01
-1.133315190672874451e-01 -2.335197180509567261e-01 -1.894752681255340576e-01
-1.556198894977569580e-01 -2.466380745172500610e-01 -1.990081369876861572e-01
-1.201001629233360291e-01 -1.521019041538238525e-01 -1.987809240818023682e-01
-1.595984101295471191e-01 -1.235652193427085876e-01 -1.834939718246459961e-01
-1.230770349502563477e-01 -1.525475531816482544e-01 -1.984963715076446533e-01
-1.988818496465682983e-01 -1.882347017526626587e-01 -1.898139119148254395e-01
-1.625649780035018921e-01 -2.154173254966735840e-01 -1.919022053480148315e-01
-1.065065339207649231e-01 -1.532533317804336548e-01 -1.824869960546493530e-01
-1.821843981742858887e-01 -2.314571440219879150e-01 -1.975231021642684937e-01
-1.625467985868453979e-01 -1.350549608469009399e-01 -1.845510900020599365e-01
-1.645739525556564331e-01 -2.099040597677230835e-01 -1.929793804883956909e-01
-1.274847388267517090e-01 -2.130289375782012939e-01 -1.917600333690643311e-01
-1.493123918771743774e-01 -1.343064308166503906e-01 -1.817442327737808228e-01
-9.309194236993789673e-02 -2.035031467676162720e-01 -1.886789798736572266e-01
-2.108993381261825562e-01 -2.118846178054809570e-01 -2.010539621114730835e-01
-1.149480491876602173e-01 -1.529334485530853271e-01 -2.048992514610290527e-01
-1.131967157125473022e-01 -1.641924679279327393e-01 -2.047339826822280884e-01
-2.098887562751770020e-01 -2.118023633956909180e-01 -1.996342837810516357e-01
-1.348642855882644653e-01 -2.124866694211959839e-01 -1.924951821565628052e-01
-1.328034698963165283e-01 -1.559907048940658569e-01 -1.980991661548614502e-01
-1.541051417589187622e-01 -1.691306978464126587e-01 -1.993814706802368164e-01
-1.073547974228858948e-01 -2.208752930164337158e-01 -1.884191632270812988e-01
-1.127407178282737732e-01 -1.744219809770584106e-01 -1.811754703521728516e-01
-1.666283458471298218e-01 -1.326855272054672241e-01 -1.844955682754516602e-01
-9.497469663619995117e-02 -2.178177386522293091e-01 -1.885635852813720703e-01
-1.374842971563339233e-01 -1.573501974344253540e-01 -1.834470331668853760e-01
-1.262350529432296753e-01 -1.511616706848144531e-01 -1.980244219303131104e-01
-1.966292709112167358e-01 -2.036313414573669434e-01 -2.031175494194030762e-01
-1.183058694005012512e-01 -1.715975105762481689e-01 -1.974465101957321167e-01
-1.399582028388977051e-01 -1.573722064495086670e-01 -1.975774616003036499e-01
-1.182584390044212341e-01 -2.274744510650634766e-01 -1.911017000675201416e-01
-2.022193074226379395e-01 -2.117811143398284912e-01 -1.989332735538482666e-01
-1.400308758020401001e-01 -1.732703596353530884e-01 -1.866148412227630615e-01
-1.326188743114471436e-01 -1.521161496639251709e-01 -1.823483258485794067e-01
-1.944111883640289307e-01 -2.037322968244552612e-01 -2.033902555704116821e-01
-1.130056381225585938e-01 -1.703177988529205322e-01 -2.032089680433273315e-01
-1.194364130496978760e-01 -2.157918959856033325e-01 -1.905351132154464722e-01
-9.243679046630859375e-02 -1.647758930921554565e-01 -1.974878907203674316e-01
-1.203681230545043945e-01 -1.498488187789916992e-01 -2.025512456893920898e-01
-1.107472032308578491e-01 -1.581611484289169312e-01 -1.828877776861190796e-01
-1.040877550840377808e-01 -2.300750315189361572e-01 -1.905860751867294312e-01
-1.322377622127532959e-01 -1.520325243473052979e-01 -1.974502503871917725e-01
-1.822186857461929321e-01 -2.341781109571456909e-01 -2.073905318975448608e-01
-2.142433226108551025e-01 -1.752440780401229858e-01 -1.967482566833496094e-01
-1.442304104566574097e-01 -1.658409684896469116e-01 -1.998121440410614014e-01
-2.084389775991439819e-01 -2.106515467166900635e-01 -2.114623337984085083e-01
-1.213749274611473083e-01 -2.083115577697753906e-01 -1.916232854127883911e-01
-1.090640276670455933e-01 -2.198084741830825806e-01 -1.888235360383987427e-01
-1.665530651807785034e-01 -2.354499697685241699e-01 -2.118885219097137451e-01
-1.165744438767433167e-01 -1.665139645338058472e-01 -1.833424270153045654e-01
-1.373843997716903687e-01 -1.594375222921371460e-01 -1.840884536504745483e-01
-1.172820255160331726e-01 -1.481231153011322021e-01 -1.821629106998443604e-01
-1.693636029958724976e-01 -1.399668902158737183e-01 -1.853576451539993286e-01
-1.424637883901596069e-01 -1.686005443334579468e-01 -2.005007565021514893e-01
-9.542159736156463623e-02 -1.548963785171508789e-01 -2.110396623611450195e-01
-1.131886914372444153e-01 -2.050744146108627319e-01 -1.908133924007415771e-01
-1.238186061382293701e-01 -1.734022796154022217e-01 -2.016187757253646851e-01
-1.192904636263847351e-01 -1.771818846464157104e-01 -1.960489749908447266e-01
-2.137727886438369751e-01 -1.827425658702850342e-01 -1.970774084329605103e-01
-1.570748537778854370e-01 -1.721150726079940796e-01 -1.998554617166519165e-01
-1.824541091918945312e-01 -1.962054222822189331e-01 -1.999655514955520630e-01
-1.537725031375885010e-01 -2.164843529462814331e-01 -1.914729177951812744e-01
-1.398474276065826416e-01 -1.822942495346069336e-01 -1.976965069770812988e-01
-1.591373085975646973e-01 -2.441729158163070679e-01 -1.976130902767181396e-01
-1.111433133482933044e-01 -1.744958758354187012e-01 -1.808165013790130615e-01
-1.967170089483261108e-01 -1.872800141572952271e-01 -1.883585900068283081e-01
-1.338308602571487427e-01 -2.115479111671447754e-01 -1.925919204950332642e-01
-2.016811817884445190e-01 -2.181144207715988159e-01 -2.075606137514114380e-01
-1.525202989578247070e-01 -1.835097670555114746e-01 -2.015902101993560791e-01
-1.159294098615646362e-01 -1.570201516151428223e-01 -1.833337545394897461e-01
-1.651277840137481689e-01 -1.281102895736694336e-01 -1.839492470026016235e-01
-1.121407896280288696e-01 -2.258505821228027344e-01 -1.913460195064544678e-01
-1.238861158490180969e-01 -1.412282884120941162e-01 -1.965208053588867188e-01
-1.209509223699569702e-01 -1.761544197797775269e-01 -2.010150700807571411e-01
-1.499327570199966431e-01 -1.826391369104385376e-01 -2.013989090919494629e-01
-1.958217173814773560e-01 -2.044846564531326294e-01 -2.053266763687133789e-01
-1.643939018249511719e-01 -1.856440305709838867e-01 -1.995157748460769653e-01
-1.257772743701934814e-01 -1.992013454437255859e-01 -1.906337887048721313e-01
-1.055224761366844177e-01 -2.179882377386093140e-01 -1.915621608495712280e-01
-1.195038557052612305e-01 -1.718079596757888794e-01 -2.022368013858795166e-01
-1.955038458108901978e-01 -2.145542204380035400e-01 -1.954936832189559937e-01
-1.640641093254089355e-01 -1.854077130556106567e-01 -2.008235156536102295e-01
-1.412825584411621094e-01 -1.655292063951492310e-01 -2.001636773347854614e-01
-1.720178425312042236e-01 -2.334269434213638306e-01 -2.099682986736297607e-01
-1.305037736892700195e-01 -1.791176050901412964e-01 -1.971728205680847168e-01
-1.028490066528320312e-01 -2.061626166105270386e-01 -1.894986629486083984e-01
-1.293080449104309082e-01 -2.227948457002639771e-01 -1.921775341033935547e-01
-1.416218280792236328e-01 -1.668734401464462280e-01 -2.003451436758041382e-01
-9.031806141138076782e-02 -2.063420414924621582e-01 -1.894896328449249268e-01
-1.232009083032608032e-01 -1.764860451221466064e-01 -1.828567832708358765e-01
-1.020121201872825623e-01 -1.611732542514801025e-01 -2.078989595174789429e-01
-1.914383023977279663e-01 -2.133755683898925781e-01 -1.962045282125473022e-01
-1.034164279699325562e-01 -1.521679013967514038e-01 -2.003487646579742432e-01
-1.042047888040542603e-01 -2.228408008813858032e-01 -1.915190517902374268e-01
-1.575049608945846558e-01 -2.469981759786605835e-01 -1.988929212093353271e-01
-1.236714869737625122e-01 -1.606604456901550293e-01 -2.027371674776077271e-01
-1.581311672925949097e-01 -1.825115233659744263e-01 -1.869414895772933960e-01
-9.609507024288177490e-02 -1.578438133001327515e-01 -1.997442692518234253e-01
-9.831376373767852783e-02 -1.629126667976379395e-01 -1.982886642217636108e-01
-9.256619215011596680e-02 -1.894592940807342529e-01 -1.871625781059265137e-01
-2.124055773019790649e-01 -1.989302039146423340e-01 -2.016301155090332031e-01
-1.075267568230628967e-01 -1.459436863660812378e-01 -2.001138478517532349e-01
-1.156776472926139832e-01 -1.626360565423965454e-01 -1.987363249063491821e-01
-1.183354333043098450e-01 -1.535652428865432739e-01 -1.830981522798538208e-01
-1.236665323376655579e-01 -1.765045970678329468e-01 -1.829515248537063599e-01
-2.137582749128341675e-01 -2.004807144403457642e-01 -2.006535828113555908e-01
-1.735092252492904663e-01 -2.164990454912185669e-01 -1.929691582918167114e-01
-9.237465262413024902e-02 -2.070537358522415161e-01 -1.896518319845199585e-01
-1.080515310168266296e-01 -1.645507961511611938e-01 -2.056488245725631714e-01
-1.244059354066848755e-01 -1.746067851781845093e-01 -2.013591676950454712e-01
-1.339491903781890869e-01 -1.691870838403701782e-01 -1.857426315546035767e-01
-1.196051239967346191e-01 -2.104330360889434814e-01 -1.913693249225616455e-01
-1.832377612590789795e-01 -2.119120508432388306e-01 -1.966670304536819458e-01
-2.120246887207031250e-01 -2.018177658319473267e-01 -2.019794732332229614e-01
-1.204212605953216553e-01 -1.437437236309051514e-01 -1.810029596090316772e-01
-1.474399268627166748e-01 -1.264021247625350952e-01 -1.820424348115921021e-01
-1.935963332653045654e-01 -2.014915645122528076e-01 -1.918187141418457031e-01
-2.040609121322631836e-01 -2.123877406120300293e-01 -1.975921094417572021e-01
-1.851000785827636719e-01 -2.156315296888351440e-01 -1.943881213665008545e-01
-1.963527053594589233e-01 -1.843506991863250732e-01 -1.883699744939804077e-01
-1.819642782211303711e-01 -1.963010281324386597e-01 -2.040092647075653076e-01
-1.759727597236633301e-01 -1.910572797060012817e-01 -1.887211054563522339e-01
-1.800764203071594238e-01 -1.931121498346328735e-01 -2.009075731039047241e-01
-1.909779757261276245e-01 -2.000227421522140503e-01 -1.931290626525878906e-01
-1.298050880432128906e-01 -1.737235337495803833e-01 -1.848151683807373047e-01
-1.988813281059265137e-01 -2.057604193687438965e-01 -2.028696388006210327e-01
-1.734523922204971313e-01 -1.415662616491317749e-01 -1.853116154670715332e-01
-9.444876760244369507e-02 -1.606475561857223511e-01 -1.806798726320266724e-01
-1.301583945751190186e-01 -1.796633452177047729e-01 -2.002855688333511353e-01
-1.604125201702117920e-01 -2.155041098594665527e-01 -1.920616030693054199e-01
-1.257115006446838379e-01 -1.444281190633773804e-01 -1.807223260402679443e-01
-1.726495325565338135e-01 -1.506551355123519897e-01 -1.863432824611663818e-01
-1.474265158176422119e-01 -2.178564816713333130e-01 -1.916547417640686035e-01
-1.995509266853332520e-01 -2.038602679967880249e-01 -2.028039693832397461e-01
-9.035123884677886963e-02 -2.032792419195175171e-01 -1.886391192674636841e-01
-1.777709871530532837e-01 -1.924006640911102295e-01 -1.888088136911392212e-01
-1.732582449913024902e-01 -1.406449675559997559e-01 -1.851758658885955811e-01
-1.240546405315399170e-01 -1.416981369256973267e-01 -1.965896785259246826e-01
-1.292828470468521118e-01 -2.058465182781219482e-01 -1.922140866518020630e-01
-1.253868192434310913e-01 -2.238645851612091064e-01 -1.919126808643341064e-01
-1.358032226562500000e-01 -1.777942329645156860e-01 -1.851959079504013062e-01
-1.559512913227081299e-01 -1.754558682441711426e-01 -1.997171938419342041e-01
-1.396291255950927734e-01 -1.686869710683822632e-01 -1.861800253391265869e-01
-1.153795421123504639e-01 -1.737013906240463257e-01 -1.965476721525192261e-01
-1.345569491386413574e-01 -1.601036339998245239e-01 -2.003059685230255127e-01
-1.501730829477310181e-01 -1.307414025068283081e-01 -1.823487430810928345e-01
-9.540565311908721924e-02 -1.676523834466934204e-01 -1.794122904539108276e-01
-1.211828365921974182e-01 -2.123675346374511719e-01 -1.913157999515533447e-01
-1.070751175284385681e-01 -1.466329395771026611e-01 -1.820051819086074829e-01
-1.645481437444686890e-01 -2.416987717151641846e-01 -1.990742087364196777e-01
-1.679649204015731812e-01 -1.473171710968017578e-01 -1.854393333196640015e-01
-9.931604564189910889e-02 -1.587438732385635376e-01 -1.816095411777496338e-01
-1.268417239189147949e-01 -1.702523380517959595e-01 -1.984895616769790649e-01
-1.342190951108932495e-01 -1.606165319681167603e-01 -1.845522820949554443e-01
-1.847319304943084717e-01 -1.671027243137359619e-01 -1.876872181892395020e-01
-1.389925330877304077e-01 -2.199435532093048096e-01 -1.928873956203460693e-01
-1.594509929418563843e-01 -1.311675310134887695e-01 -1.840433180332183838e-01
-1.105966046452522278e-01 -1.704064756631851196e-01 -1.968965977430343628e-01
-1.674974411725997925e-01 -1.296267360448837280e-01 -1.840129792690277100e-01
-1.086449250578880310e-01 -2.205048948526382446e-01 -1.885983347892761230e-01
-1.891935467720031738e-01 -1.762215048074722290e-01 -1.872140467166900635e-01
-1.093475148081779480e-01 -2.221943587064743042e-01 -1.881086379289627075e-01
-1.107295230031013489e-01 -1.535410583019256592e-01 -1.995579451322555542e-01
-9.138450771570205688e-02 -2.105383276939392090e-01 -1.894353032112121582e-01
-1.191108524799346924e-01 -1.554517745971679688e-01 -1.833756119012832642e-01
-1.799799203872680664e-01 -1.591831445693969727e-01 -1.852835565805435181e-01
-9.776581823825836182e-02 -1.604716032743453979e-01 -1.811968088150024414e-01
-1.166266202926635742e-01 -2.288337051868438721e-01 -1.907755732536315918e-01
-1.664715260267257690e-01 -1.294443011283874512e-01 -1.840638071298599243e-01
-1.824219673871994019e-01 -2.139406800270080566e-01 -1.945224255323410034e-01
-1.022088229656219482e-01 -2.131312936544418335e-01 -1.896982491016387939e-01
-9.939936548471450806e-02 -1.984560489654541016e-01 -1.892498433589935303e-01
-1.068403571844100952e-01 -2.212064415216445923e-01 -1.882935166358947754e-01
-1.990988403558731079e-01 -2.182798683643341064e-01 -2.080485373735427856e-01
-1.067916080355644226e-01 -1.410331875085830688e-01 -2.000711560249328613e-01
-1.009407788515090942e-01 -1.617612391710281372e-01 -2.079164981842041016e-01
-1.154047250747680664e-01 -1.621862053871154785e-01 -2.045393139123916626e-01
-1.730436682701110840e-01 -1.294002085924148560e-01 -1.830656230449676514e-01
-1.508200913667678833e-01 -1.693814396858215332e-01 -1.989529281854629517e-01
-1.233694627881050110e-01 -1.774241477251052856e-01 -2.006861120462417603e-01
-1.170533969998359680e-01 -1.671722680330276489e-01 -1.981918513774871826e-01
-2.128134071826934814e-01 -1.634678840637207031e-01 -1.953493207693099976e-01
-2.137908935546875000e-01 -1.721694171428680420e-01 -1.975641250610351562e-01
-1.931878775358200073e-01 -2.150366604328155518e-01 -1.957676857709884644e-01
-1.050968617200851440e-01 -1.454958170652389526e-01 -2.005246877670288086e-01
-1.110585778951644897e-01 -1.631510406732559204e-01 -1.985914409160614014e-01
-1.981211453676223755e-01 -1.904768347740173340e-01 -1.903961151838302612e-01
-9.800607711076736450e-02 -1.566553711891174316e-01 -2.100761532783508301e-01
-1.386069208383560181e-01 -1.270274668931961060e-01 -1.795737594366073608e-01
-8.926846086978912354e-02 -2.006927877664566040e-01 -1.878331303596496582e-01
-1.104700118303298950e-01 -1.410164237022399902e-01 -1.810121238231658936e-01
-1.425482928752899170e-01 -1.719164848327636719e-01 -1.868117153644561768e-01
-1.382186263799667358e-01 -1.719733178615570068e-01 -1.863516420125961304e-01
-1.086597666144371033e-01 -1.661577820777893066e-01 -1.978683024644851685e-01
-1.001840308308601379e-01 -1.513127684593200684e-01 -1.820243448019027710e-01
-1.436111181974411011e-01 -1.720082908868789673e-01 -1.868916153907775879e-01
-9.313064813613891602e-02 -2.134734392166137695e-01 -1.892183423042297363e-01
-1.180433854460716248e-01 -1.697867512702941895e-01 -1.978082209825515747e-01
-1.147438809275627136e-01 -1.493321806192398071e-01 -1.991793513298034668e-01
-9.924989938735961914e-02 -2.109455168247222900e-01 -1.905341446399688721e-01
-1.233145296573638916e-01 -1.542164236307144165e-01 -1.986546963453292847e-01
-9.337524324655532837e-02 -2.135314196348190308e-01 -1.892218440771102905e-01
-1.994449943304061890e-01 -2.210340201854705811e-01 -2.018981277942657471e-01
-2.135981619358062744e-01 -2.041596621274948120e-01 -2.027188539505004883e-01
-1.114725843071937561e-01 -1.636233180761337280e-01 -1.985193938016891479e-01
-2.010292708873748779e-01 -2.069973796606063843e-01 -1.953548789024353027e-01
-1.633918136358261108e-01 -1.859906464815139771e-01 -2.024138718843460083e-01
-2.079507112503051758e-01 -2.136526703834533691e-01 -1.986452788114547729e-01
-2.053465247154235840e-01 -2.129646092653274536e-01 -2.000441551208496094e-01
-1.870780885219573975e-01 -1.692331582307815552e-01 -1.871874630451202393e-01
-1.734241992235183716e-01 -2.161455005407333374e-01 -1.922391355037689209e-01
-2.127062529325485229e-01 -2.012260407209396362e-01 -2.002840042114257812e-01
-1.858045309782028198e-01 -2.279740124940872192e-01 -1.995781809091567993e-01
-1.013506650924682617e-01 -2.223422080278396606e-01 -1.914780735969543457e-01
-1.640773266553878784e-01 -2.109639048576354980e-01 -1.932437866926193237e-01
-1.748133152723312378e-01 -1.431546658277511597e-01 -1.853578388690948486e-01
-1.299724429845809937e-01 -2.135057151317596436e-01 -1.920046955347061157e-01
-1.178464591503143311e-01 -2.121380567550659180e-01 -1.913012564182281494e-01
-2.004599869251251221e-01 -2.128613144159317017e-01 -1.998458653688430786e-01
-1.318399608135223389e-01 -1.690299212932586670e-01 -1.989897191524505615e-01
-1.064269021153450012e-01 -2.295185476541519165e-01 -1.906883865594863892e-01
-1.317009478807449341e-01 -1.692361235618591309e-01 -1.854669451713562012e-01
-1.381849497556686401e-01 -1.595084816217422485e-01 -1.993719190359115601e-01
-1.059813722968101501e-01 -1.496494114398956299e-01 -2.002603709697723389e-01
-1.341599822044372559e-01 -1.618825793266296387e-01 -1.988050043582916260e-01
-1.152162179350852966e-01 -2.260618507862091064e-01 -1.913676410913467407e-01
-1.022043749690055847e-01 -2.040738314390182495e-01 -1.888690143823623657e-01
-1.420461386442184448e-01 -1.750002503395080566e-01 -2.010817080736160278e-01
-9.675405174493789673e-02 -1.973423212766647339e-01 -1.890003681182861328e-01
-2.124798744916915894e-01 -1.644691228866577148e-01 -1.963619589805603027e-01
-1.122490540146827698e-01 -1.560009121894836426e-01 -1.829687058925628662e-01
-1.758572608232498169e-01 -2.241201102733612061e-01 -2.077522277832031250e-01
-1.372008025646209717e-01 -1.696213632822036743e-01 -1.992425024509429932e-01
-1.721996814012527466e-01 -2.318639308214187622e-01 -2.097951322793960571e-01
-1.808929741382598877e-01 -1.625154614448547363e-01 -1.858183294534683228e-01
-1.884884238243103027e-01 -1.990536451339721680e-01 -2.032864391803741455e-01
-1.991431564092636108e-01 -1.923791915178298950e-01 -1.904867738485336304e-01
-9.851454198360443115e-02 -1.566886603832244873e-01 -2.099626958370208740e-01
-1.227563470602035522e-01 -1.827602237462997437e-01 -1.989303529262542725e-01
-1.364785581827163696e-01 -1.708580553531646729e-01 -2.011601626873016357e-01
-1.084547042846679688e-01 -2.210505604743957520e-01 -1.916873604059219360e-01
-1.428473740816116333e-01 -1.691787689924240112e-01 -2.005346268415451050e-01
-1.770445853471755981e-01 -1.919932067394256592e-01 -1.904099881649017334e-01
-1.319130957126617432e-01 -1.637196391820907593e-01 -1.850769817829132080e-01
-1.510674953460693359e-01 -1.817946881055831909e-01 -2.015073150396347046e-01
-1.363687664270401001e-01 -1.724008023738861084e-01 -1.860834211111068726e-01
-1.970372647047042847e-01 -2.047989368438720703e-01 -1.934948414564132690e-01
-9.694821387529373169e-02 -2.099010348320007324e-01 -1.897225379943847656e-01
-1.986927241086959839e-01 -1.879471093416213989e-01 -1.897718608379364014e-01
-1.094077527523040771e-01 -1.574459969997406006e-01 -2.066094279289245605e-01
-1.216597557067871094e-01 -2.131600677967071533e-01 -1.916414350271224976e-01
-1.035265773534774780e-01 -2.224872112274169922e-01 -1.915217041969299316e-01
-1.459393352270126343e-01 -2.460477501153945923e-01 -1.979257762432098389e-01
-1.536146253347396851e-01 -1.805600970983505249e-01 -2.000705897808074951e-01
-1.712591499090194702e-01 -1.331292837858200073e-01 -1.841358840465545654e-01
-9.830231219530105591e-02 -2.235849797725677490e-01 -1.913496404886245728e-01
-1.520696580410003662e-01 -1.690852642059326172e-01 -1.996480673551559448e-01
-1.353907734155654907e-01 -2.105325460433959961e-01 -1.928861290216445923e-01
-2.141034603118896484e-01 -1.829923391342163086e-01 -1.976368576288223267e-01
-1.196636557579040527e-01 -1.655590832233428955e-01 -2.033416181802749634e-01
-1.716336309909820557e-01 -1.884184181690216064e-01 -1.989749222993850708e-01
-1.190597563982009888e-01 -2.256239205598831177e-01 -1.915017962455749512e-01
-1.141213253140449524e-01 -2.236191332340240479e-01 -1.916818767786026001e-01
-1.441331356763839722e-01 -1.610282510519027710e-01 -1.986842453479766846e-01
-1.184565946459770203e-01 -2.173594534397125244e-01 -1.920254826545715332e-01
-1.052621006965637207e-01 -1.902178227901458740e-01 -1.874625384807586670e-01
-1.105261072516441345e-01 -1.594620496034622192e-01 -1.991215646266937256e-01
-1.534529626369476318e-01 -1.805316358804702759e-01 -1.877844929695129395e-01
-1.801251173019409180e-01 -2.144977003335952759e-01 -1.928537786006927490e-01
-1.177156716585159302e-01 -1.459359079599380493e-01 -1.816871315240859985e-01
-2.111720889806747437e-01 -2.114538699388504028e-01 -2.089170068502426147e-01
-1.092771440744400024e-01 -1.583826541900634766e-01 -1.992509514093399048e-01
-1.243187636137008667e-01 -1.639525890350341797e-01 -1.844436675310134888e-01
-1.113317832350730896e-01 -1.589670777320861816e-01 -2.059446424245834351e-01
-1.993465870618820190e-01 -2.051235884428024292e-01 -2.037182301282882690e-01
-1.538183987140655518e-01 -1.785715222358703613e-01 -1.880704313516616821e-01
-9.590277820825576782e-02 -1.554825752973556519e-01 -2.003226131200790405e-01
-1.293055415153503418e-01 -1.800444126129150391e-01 -1.967116743326187134e-01
-1.272396147251129150e-01 -1.749491095542907715e-01 -1.840793937444686890e-01
-1.089344695210456848e-01 -1.710609644651412964e-01 -2.033977657556533813e-01
-1.204736307263374329e-01 -2.175249457359313965e-01 -1.901583075523376465e-01
-1.450564563274383545e-01 -1.695288419723510742e-01 -1.993378549814224243e-01
-1.650596112012863159e-01 -1.432607322931289673e-01 -1.850209385156631470e-01
-1.282444745302200317e-01 -1.493200808763504028e-01 -1.974533647298812866e-01
-1.291601508855819702e-01 -1.545617431402206421e-01 -1.982482969760894775e-01
-1.567696630954742432e-01 -1.890331953763961792e-01 -2.015654146671295166e-01
-2.063592672348022461e-01 -2.146967649459838867e-01 -2.088046967983245850e-01
-1.953486800193786621e-01 -2.108664065599441528e-01 -1.977277398109436035e-01
-1.502483785152435303e-01 -1.731279492378234863e-01 -1.996537894010543823e-01
-1.844333708286285400e-01 -1.964509189128875732e-01 -2.014297395944595337e-01
-1.412664800882339478e-01 -1.641953289508819580e-01 -1.999162137508392334e-01
-1.766263097524642944e-01 -1.923917680978775024e-01 -2.007610499858856201e-01
-1.303751766681671143e-01 -1.782051026821136475e-01 -1.974050104618072510e-01
-1.283970922231674194e-01 -1.547061204910278320e-01 -1.983357220888137817e-01
-1.923970133066177368e-01 -2.136788219213485718e-01 -1.965489536523818970e-01
-1.046016663312911987e-01 -1.447939276695251465e-01 -1.817628890275955200e-01
-1.398654282093048096e-01 -1.776309609413146973e-01 -1.860884726047515869e-01
-1.205869242548942566e-01 -2.315609604120254517e-01 -1.898279041051864624e-01
-1.585731804370880127e-01 -1.831641644239425659e-01 -1.884616613388061523e-01
-1.264023482799530029e-01 -1.524993926286697388e-01 -2.010393291711807251e-01
-1.466763168573379517e-01 -1.653197854757308960e-01 -1.985242366790771484e-01
-1.699221432209014893e-01 -1.427182108163833618e-01 -1.856726258993148804e-01
-1.292385607957839966e-01 -1.565796732902526855e-01 -1.985022723674774170e-01
-1.738078743219375610e-01 -1.908991783857345581e-01 -1.881378591060638428e-01
-1.234693899750709534e-01 -1.531422883272171021e-01 -1.830918192863464355e-01
-1.309357136487960815e-01 -2.230959683656692505e-01 -1.921270340681076050e-01
-1.999045610427856445e-01 -2.110102027654647827e-01 -1.989551335573196411e-01
-1.557277888059616089e-01 -1.366737037897109985e-01 -1.832498759031295776e-01
-1.194440796971321106e-01 -1.729793250560760498e-01 -2.019413858652114868e-01
-1.894079595804214478e-01 -2.002954781055450439e-01 -1.927001178264617920e-01
-1.927017271518707275e-01 -2.236374467611312866e-01 -2.085119783878326416e-01
-1.734314113855361938e-01 -2.366757988929748535e-01 -1.987544894218444824e-01
-1.324306577444076538e-01 -1.593347042798995972e-01 -2.006399631500244141e-01
-2.074139863252639771e-01 -2.087876647710800171e-01 -2.069664895534515381e-01
-1.590941846370697021e-01 -1.410908252000808716e-01 -1.837014257907867432e-01
-1.279618889093399048e-01 -1.662840694189071655e-01 -1.849489510059356689e-01
-9.839051216840744019e-02 -1.571530848741531372e-01 -1.998467892408370972e-01
-1.539530456066131592e-01 -1.859312802553176880e-01 -2.015820294618606567e-01
-1.560682356357574463e-01 -1.813592165708541870e-01 -1.868407130241394043e-01
-9.951158612966537476e-02 -1.579035222530364990e-01 -1.817145347595214844e-01
-1.123673021793365479e-01 -1.766624450683593750e-01 -2.010267823934555054e-01
-1.176288798451423645e-01 -1.717175394296646118e-01 -1.973428875207901001e-01
-1.558653712272644043e-01 -2.483069598674774170e-01 -1.988238245248794556e-01
-1.848897188901901245e-01 -1.954599171876907349e-01 -2.007155418395996094e-01
-1.191305816173553467e-01 -2.224982678890228271e-01 -1.919569373130798340e-01
-1.579324901103973389e-01 -1.826486587524414062e-01 -2.003276348114013672e-01
-1.471619158983230591e-01 -2.183851301670074463e-01 -1.928062736988067627e-01
-1.939233392477035522e-01 -1.802685707807540894e-01 -1.878668218851089478e-01
-2.109900116920471191e-01 -2.108707875013351440e-01 -2.049261182546615601e-01
-1.686358153820037842e-01 -1.483896672725677490e-01 -1.855034381151199341e-01
-1.059307157993316650e-01 -2.333381474018096924e-01 -1.897699683904647827e-01
-1.227026060223579407e-01 -1.760621517896652222e-01 -1.828627288341522217e-01
-1.220119073987007141e-01 -1.466670483350753784e-01 -1.979176104068756104e-01
-1.094343587756156921e-01 -1.707573086023330688e-01 -2.034607678651809692e-01
-1.629581600427627563e-01 -1.842499673366546631e-01 -1.871450543403625488e-01
-1.214856579899787903e-01 -1.760004758834838867e-01 -2.010580599308013916e-01
-1.219710856676101685e-01 -1.747053414583206177e-01 -1.830438524484634399e-01
-1.478972136974334717e-01 -1.693170368671417236e-01 -1.991946101188659668e-01
-1.902467608451843262e-01 -2.146377265453338623e-01 -1.961123198270797729e-01
-1.421013325452804565e-01 -1.814065724611282349e-01 -2.008485198020935059e-01
-2.040357887744903564e-01 -2.068921178579330444e-01 -1.948331147432327271e-01
-1.707864105701446533e-01 -2.161500602960586548e-01 -1.919326186180114746e-01
-1.185019984841346741e-01 -2.204215824604034424e-01 -1.920688152313232422e-01
-1.945265382528305054e-01 -2.121664732694625854e-01 -1.972450613975524902e-01
-1.300723701715469360e-01 -1.583293080329895020e-01 -1.840963065624237061e-01
-1.974409371614456177e-01 -2.030405402183532715e-01 -1.930960118770599365e-01
-1.369254291057586670e-01 -2.157615572214126587e-01 -1.927554309368133545e-01
-1.199041008949279785e-01 -1.733772158622741699e-01 -2.017945796251296997e-01
-1.052455604076385498e-01 -1.608327180147171021e-01 -2.072317451238632202e-01
-1.057923659682273865e-01 -1.456725150346755981e-01 -2.004070132970809937e-01
-2.088368088006973267e-01 -2.096934616565704346e-01 -1.963623166084289551e-01
-1.119985356926918030e-01 -1.641944348812103271e-01 -1.984330415725708008e-01
-1.713765263557434082e-01 -1.889459788799285889e-01 -1.879312843084335327e-01
-1.743828952312469482e-01 -1.898993700742721558e-01 -1.890946328639984131e-01
-1.068377047777175903e-01 -2.061484754085540771e-01 -1.904016882181167603e-01
-1.068408191204071045e-01 -2.134468406438827515e-01 -1.900052279233932495e-01
-1.461721509695053101e-01 -1.741875857114791870e-01 -1.996865272521972656e-01
-1.161265522241592407e-01 -2.196609675884246826e-01 -1.919795721769332886e-01
-1.083224639296531677e-01 -1.416228115558624268e-01 -1.997916400432586670e-01
-2.122179120779037476e-01 -2.106321752071380615e-01 -2.043661326169967651e-01
-1.299276798963546753e-01 -1.647492200136184692e-01 -2.016657441854476929e-01
-1.201035380363464355e-01 -1.495634466409683228e-01 -1.824116855859756470e-01
-2.016841769218444824e-01 -2.131480872631072998e-01 -1.966787278652191162e-01
-9.947634488344192505e-02 -2.031510174274444580e-01 -1.885583847761154175e-01
-2.024178355932235718e-01 -2.062455564737319946e-01 -2.024221271276473999e-01
-1.871135383844375610e-01 -2.004989534616470337e-01 -2.037181854248046875e-01
-1.736729443073272705e-01 -2.348486930131912231e-01 -2.095028609037399292e-01
-1.635345965623855591e-01 -1.267432719469070435e-01 -1.838274896144866943e-01
-2.021262347698211670e-01 -2.075802087783813477e-01 -1.957581341266632080e-01
-9.324151277542114258e-02 -1.638062298297882080e-01 -1.978743523359298706e-01
-1.115872040390968323e-01 -1.918551921844482422e-01 -1.880720704793930054e-01
-1.320677101612091064e-01 -1.479472070932388306e-01 -1.965556442737579346e-01
-1.253284066915512085e-01 -2.050121575593948364e-01 -1.918018460273742676e-01
-1.305291950702667236e-01 -2.033053636550903320e-01 -1.918928176164627075e-01
-1.511452347040176392e-01 -1.865942180156707764e-01 -2.011690586805343628e-01
-1.047156825661659241e-01 -1.512760818004608154e-01 -1.823100894689559937e-01
-9.352263063192367554e-02 -1.998197734355926514e-01 -1.892655640840530396e-01
-1.869405955076217651e-01 -2.289230823516845703e-01 -1.993510425090789795e-01
-1.122862398624420166e-01 -1.754627823829650879e-01 -2.015003412961959839e-01
-1.780877113342285156e-01 -2.321136891841888428e-01 -1.978980004787445068e-01
-8.971890807151794434e-02 -1.984722614288330078e-01 -1.889770776033401489e-01
-1.725215017795562744e-01 -1.883538067340850830e-01 -1.995013505220413208e-01
-1.170481070876121521e-01 -2.214247733354568481e-01 -1.887224018573760986e-01
-1.168074831366539001e-01 -1.492610722780227661e-01 -1.989483237266540527e-01
-1.168862879276275635e-01 -1.691288352012634277e-01 -1.978241503238677979e-01
-1.816107928752899170e-01 -1.961137801408767700e-01 -1.908454596996307373e-01
-1.185686811804771423e-01 -2.029702067375183105e-01 -1.910183131694793701e-01
-1.286659836769104004e-01 -1.763983070850372314e-01 -1.840433925390243530e-01
-1.598783880472183228e-01 -1.350044012069702148e-01 -1.841930299997329712e-01
-1.165105104446411133e-01 -1.527223289012908936e-01 -1.991658508777618408e-01
-1.511923521757125854e-01 -1.755665838718414307e-01 -2.010356336832046509e-01
-1.210602372884750366e-01 -1.527067124843597412e-01 -1.987164169549942017e-01
-1.449059247970581055e-01 -1.282222718000411987e-01 -1.812501102685928345e-01
-1.093444749712944031e-01 -2.100051492452621460e-01 -1.905825287103652954e-01
-1.072399392724037170e-01 -1.907690614461898804e-01 -1.876656264066696167e-01
-1.581145226955413818e-01 -1.906235516071319580e-01 -2.014613151550292969e-01
-1.820575892925262451e-01 -2.156272083520889282e-01 -1.933574229478836060e-01
-1.048065721988677979e-01 -2.221987694501876831e-01 -1.915648281574249268e-01
-2.003872245550155640e-01 -2.074032574892044067e-01 -2.054648101329803467e-01
-1.568472236394882202e-01 -2.478925287723541260e-01 -1.987885236740112305e-01
-8.905380964279174805e-02 -2.054523527622222900e-01 -1.892657279968261719e-01
-1.199320778250694275e-01 -1.684934645891189575e-01 -1.982140094041824341e-01
-1.730370223522186279e-01 -2.148606479167938232e-01 -1.922029852867126465e-01
-2.019499689340591431e-01 -2.074701786041259766e-01 -1.957280337810516357e-01
-1.345569193363189697e-01 -2.029610574245452881e-01 -1.919810324907302856e-01
-1.754156798124313354e-01 -1.898943036794662476e-01 -1.998196244239807129e-01
-1.069421321153640747e-01 -2.341509759426116943e-01 -1.895083189010620117e-01
-1.220030635595321655e-01 -2.095419317483901978e-01 -1.916477680206298828e-01
-1.066865548491477966e-01 -1.922708302736282349e-01 -1.881148666143417358e-01
-1.759807467460632324e-01 -2.327487319707870483e-01 -2.089985907077789307e-01
-2.050176262855529785e-01 -2.070845663547515869e-01 -1.957019716501235962e-01
-1.139893010258674622e-01 -1.596943587064743042e-01 -1.990678608417510986e-01
-1.831437796354293823e-01 -2.153476029634475708e-01 -1.949023604393005371e-01
-2.059946805238723755e-01 -2.176564633846282959e-01 -2.029828876256942749e-01
-1.870690733194351196e-01 -2.154439091682434082e-01 -1.945371031761169434e-01
-2.029130756855010986e-01 -2.128567695617675781e-01 -1.994427740573883057e-01
-1.093547642230987549e-01 -1.741878390312194824e-01 -1.805181801319122314e-01
-1.254893392324447632e-01 -1.562242209911346436e-01 -2.019231617450714111e-01
-1.049334928393363953e-01 -1.468017995357513428e-01 -1.819914728403091431e-01
-1.335787326097488403e-01 -1.744904369115829468e-01 -1.986020207405090332e-01
-1.889297068119049072e-01 -2.268544584512710571e-01 -1.980866640806198120e-01
-1.470415145158767700e-01 -1.747314482927322388e-01 -2.010494023561477661e-01
-1.961104720830917358e-01 -2.138294130563735962e-01 -1.953445374965667725e-01
-1.662992537021636963e-01 -1.470248997211456299e-01 -1.850085407495498657e-01
-1.713697761297225952e-01 -2.103877812623977661e-01 -1.954805105924606323e-01
-2.130531370639801025e-01 -2.078627794981002808e-01 -2.019936293363571167e-01
-2.095506787300109863e-01 -2.106375694274902344e-01 -1.964819729328155518e-01
-1.504355520009994507e-01 -1.754709929227828979e-01 -1.876194030046463013e-01
-1.092689707875251770e-01 -1.956712007522583008e-01 -1.891057044267654419e-01
-1.883700489997863770e-01 -2.293240576982498169e-01 -2.076143473386764526e-01
-9.960793703794479370e-02 -1.644888669252395630e-01 -1.808412075042724609e-01
-1.372526288032531738e-01 -1.724707335233688354e-01 -2.011560052633285522e-01
-1.167243272066116333e-01 -2.264846861362457275e-01 -1.913091242313385010e-01
-1.489389538764953613e-01 -2.484370023012161255e-01 -1.986708492040634155e-01
-1.289481073617935181e-01 -1.609274744987487793e-01 -1.845297217369079590e-01
-1.353545486927032471e-01 -1.641749888658523560e-01 -1.852781474590301514e-01
-2.005672603845596313e-01 -2.046792805194854736e-01 -1.949151009321212769e-01
-1.056316122412681580e-01 -1.448734551668167114e-01 -2.004354745149612427e-01
-1.613370776176452637e-01 -1.292209178209304810e-01 -1.840681880712509155e-01
-2.132011055946350098e-01 -1.752971410751342773e-01 -1.980289667844772339e-01
-1.540321856737136841e-01 -1.745944023132324219e-01 -2.007609605789184570e-01
-1.013745889067649841e-01 -1.550283730030059814e-01 -2.001152485609054565e-01
-1.183015629649162292e-01 -1.673327237367630005e-01 -1.982641667127609253e-01
-1.186056286096572876e-01 -1.595312207937240601e-01 -1.837057918310165405e-01
-1.240305304527282715e-01 -1.555908620357513428e-01 -1.835373938083648682e-01
-1.276105493307113647e-01 -1.779016405344009399e-01 -1.970756798982620239e-01
-1.281911879777908325e-01 -1.659689396619796753e-01 -1.989112645387649536e-01
-1.109591051936149597e-01 -1.376624554395675659e-01 -1.987667530775070190e-01
-1.436208933591842651e-01 -1.754924803972244263e-01 -1.871154457330703735e-01
-1.439170837402343750e-01 -2.168796360492706299e-01 -1.933545023202896118e-01
-1.027888804674148560e-01 -1.682605892419815063e-01 -1.968331038951873779e-01
-9.687358140945434570e-02 -1.700558811426162720e-01 -1.790668070316314697e-01
-1.517287492752075195e-01 -2.163321673870086670e-01 -1.916521936655044556e-01
-1.973621100187301636e-01 -1.863234490156173706e-01 -1.884179264307022095e-01
-1.768185198307037354e-01 -2.143916934728622437e-01 -1.939032822847366333e-01
-1.310252696275711060e-01 -1.624949127435684204e-01 -1.989033520221710205e-01
-9.408083558082580566e-02 -1.959212273359298706e-01 -1.886865794658660889e-01
-1.111151650547981262e-01 -2.140911370515823364e-01 -1.913679391145706177e-01
-1.089626848697662354e-01 -2.251874506473541260e-01 -1.914037615060806274e-01
-1.183191463351249695e-01 -2.171061038970947266e-01 -1.920048147439956665e-01
-9.442524611949920654e-02 -1.973693221807479858e-01 -1.889448910951614380e-01
-1.149554625153541565e-01 -1.552472412586212158e-01 -1.992870569229125977e-01
-1.157794818282127380e-01 -1.386293023824691772e-01 -1.976790875196456909e-01
-1.395385414361953735e-01 -1.532199233770370483e-01 -1.965959966182708740e-01
-1.146719530224800110e-01 -1.673387140035629272e-01 -1.829426437616348267e-01
-1.694753915071487427e-01 -2.395159751176834106e-01 -1.977541297674179077e-01
-1.013239473104476929e-01 -1.511369347572326660e-01 -1.821009665727615356e-01
-1.554958373308181763e-01 -1.798815727233886719e-01 -1.885126680135726929e-01
-1.515520215034484863e-01 -1.724054813385009766e-01 -2.004658132791519165e-01
-1.264968216419219971e-01 -1.638676524162292480e-01 -1.989502608776092529e-01
-2.021619081497192383e-01 -2.068412899971008301e-01 -1.961992233991622925e-01
-1.998131275177001953e-01 -1.903635710477828979e-01 -1.908499598503112793e-01
-1.000009998679161072e-01 -1.670156866312026978e-01 -2.059080302715301514e-01
-1.229678764939308167e-01 -1.564480513334274292e-01 -2.026544660329818726e-01
-1.012082993984222412e-01 -1.607427597045898438e-01 -1.988873183727264404e-01
-1.027303338050842285e-01 -1.683389246463775635e-01 -1.968037039041519165e-01
-1.535788029432296753e-01 -2.448417246341705322e-01 -1.985835731029510498e-01
-9.049852192401885986e-02 -2.062916606664657593e-01 -1.895459741353988647e-01
-1.753627508878707886e-01 -1.921525746583938599e-01 -1.996812373399734497e-01
-9.643512964248657227e-02 -2.207987606525421143e-01 -1.914049834012985229e-01
-9.427439421415328979e-02 -2.007832527160644531e-01 -1.893956512212753296e-01
-1.164388135075569153e-01 -2.071602195501327515e-01 -1.911582797765731812e-01
-9.596790373325347900e-02 -2.191680222749710083e-01 -1.913753896951675415e-01
-1.537000387907028198e-01 -1.789470165967941284e-01 -2.001447081565856934e-01
-2.083451002836227417e-01 -2.118804454803466797e-01 -1.992736905813217163e-01
-1.179998144507408142e-01 -1.370392441749572754e-01 -1.793350726366043091e-01
-9.820003062486648560e-02 -1.911399066448211670e-01 -1.876561194658279419e-01
-1.398947983980178833e-01 -1.789314150810241699e-01 -1.985935568809509277e-01
-2.023164182901382446e-01 -2.125007063150405884e-01 -1.984969377517700195e-01
-2.013728916645050049e-01 -2.185225784778594971e-01 -2.094641327857971191e-01
-1.720934063196182251e-01 -1.897113323211669922e-01 -1.878979057073593140e-01
-1.133392527699470520e-01 -1.515771895647048950e-01 -1.826466023921966553e-01
-1.350252032279968262e-01 -1.661291271448135376e-01 -1.855717301368713379e-01
-1.229609325528144836e-01 -1.644592434167861938e-01 -2.028318047523498535e-01
-1.943207383155822754e-01 -2.228107601404190063e-01 -2.008651942014694214e-01
-1.952034980058670044e-01 -2.227610647678375244e-01 -1.991990506649017334e-01
-1.899938732385635376e-01 -1.748601347208023071e-01 -1.864938288927078247e-01
-1.014585196971893311e-01 -1.648198813199996948e-01 -2.066789865493774414e-01
-1.424902081489562988e-01 -1.845979988574981689e-01 -2.004091739654541016e-01
-1.370225995779037476e-01 -1.600988805294036865e-01 -1.984214931726455688e-01
-9.126622974872589111e-02 -2.018945068120956421e-01 -1.893937885761260986e-01
-1.243453100323677063e-01 -1.583661586046218872e-01 -1.989001929759979248e-01
-1.242084950208663940e-01 -1.603304147720336914e-01 -2.025975733995437622e-01
-1.900889128446578979e-01 -2.020765542984008789e-01 -2.039068937301635742e-01
-1.679200083017349243e-01 -2.315866649150848389e-01 -2.106712311506271362e-01
-1.757721155881881714e-01 -1.449087560176849365e-01 -1.854706406593322754e-01
-1.342186778783798218e-01 -2.066471725702285767e-01 -1.927412897348403931e-01
-1.778779476881027222e-01 -2.268838435411453247e-01 -2.084407657384872437e-01
-1.676959395408630371e-01 -1.386138796806335449e-01 -1.851773560047149658e-01
-1.359299272298812866e-01 -1.778431981801986694e-01 -2.008667141199111938e-01
-1.925946027040481567e-01 -2.213270217180252075e-01 -2.085925489664077759e-01
-1.450861096382141113e-01 -1.744918525218963623e-01 -2.010585069656372070e-01
-9.872367978096008301e-02 -2.151922732591629028e-01 -1.911382824182510376e-01
-1.658087819814682007e-01 -1.870394200086593628e-01 -2.026083618402481079e-01
-1.400902122259140015e-01 -1.653131395578384399e-01 -2.002823501825332642e-01
-1.334615498781204224e-01 -1.732779443264007568e-01 -2.012309283018112183e-01
-1.828254461288452148e-01 -2.252018898725509644e-01 -2.082994729280471802e-01
-1.640049219131469727e-01 -1.841506510972976685e-01 -1.879395842552185059e-01
-1.323169022798538208e-01 -1.575620919466018677e-01 -1.983754783868789673e-01
-1.355087459087371826e-01 -2.227585017681121826e-01 -1.921503096818923950e-01
-9.271752089262008667e-02 -2.086755484342575073e-01 -1.895989179611206055e-01
-9.194214642047882080e-02 -1.920701712369918823e-01 -1.878311932086944580e-01
-1.359360963106155396e-01 -1.717190891504287720e-01 -2.012008577585220337e-01
-1.285935938358306885e-01 -1.710385382175445557e-01 -2.016697824001312256e-01
-1.221053972840309143e-01 -1.647517085075378418e-01 -1.987951248884201050e-01
-2.097099423408508301e-01 -2.128177285194396973e-01 -2.029224634170532227e-01
-1.134205088019371033e-01 -2.219293713569641113e-01 -1.883850693702697754e-01
-1.094548553228378296e-01 -1.356911808252334595e-01 -1.988624483346939087e-01
-1.321237236261367798e-01 -1.745487898588180542e-01 -1.984311938285827637e-01
-1.039941832423210144e-01 -1.582660079002380371e-01 -1.993460208177566528e-01
-1.477660685777664185e-01 -1.870259791612625122e-01 -2.006326466798782349e-01
-1.254436075687408447e-01 -2.114413380622863770e-01 -1.918186247348785400e-01
-1.272032409906387329e-01 -1.776537448167800903e-01 -1.970823258161544800e-01
-1.172135770320892334e-01 -1.747343689203262329e-01 -1.820359826087951660e-01
-2.055939733982086182e-01 -2.075484395027160645e-01 -1.965949833393096924e-01
-9.835288673639297485e-02 -2.006312310695648193e-01 -1.895112693309783936e-01
-1.002687811851501465e-01 -2.106148004531860352e-01 -1.898152083158493042e-01
-1.233259364962577820e-01 -2.184807360172271729e-01 -1.900246441364288330e-01
-1.379597038030624390e-01 -1.837137192487716675e-01 -2.000492811203002930e-01
-1.178549900650978088e-01 -1.742116510868072510e-01 -1.967306882143020630e-01
-9.611643105745315552e-02 -1.583964675664901733e-01 -2.097750008106231689e-01
-1.019832417368888855e-01 -2.127131968736648560e-01 -1.909087747335433960e-01
-1.530883014202117920e-01 -1.790387630462646484e-01 -2.001021802425384521e-01
-1.736572980880737305e-01 -1.909463703632354736e-01 -1.992129832506179810e-01
-1.149372458457946777e-01 -1.609056293964385986e-01 -1.833739429712295532e-01
-1.950124800205230713e-01 -2.235112637281417847e-01 -2.010268867015838623e-01
-1.482625603675842285e-01 -1.642731726169586182e-01 -1.980729997158050537e-01
-2.140491008758544922e-01 -1.889115273952484131e-01 -1.990251094102859497e-01
-9.305486083030700684e-02 -1.903637349605560303e-01 -1.874100416898727417e-01
-1.354647874832153320e-01 -1.690425872802734375e-01 -2.011404484510421753e-01
-9.311982244253158569e-02 -2.064098566770553589e-01 -1.894907504320144653e-01
-1.899122595787048340e-01 -2.257177084684371948e-01 -2.001728117465972900e-01
-1.381408125162124634e-01 -1.659978628158569336e-01 -1.991024613380432129e-01
-1.797956973314285278e-01 -1.967064142227172852e-01 -2.033912390470504761e-01
-1.233201548457145691e-01 -2.193445265293121338e-01 -1.897280216217041016e-01
-1.825255155563354492e-01 -2.314182221889495850e-01 -1.991295516490936279e-01
-2.091784626245498657e-01 -2.147135734558105469e-01 -2.086291164159774780e-01
-1.439184695482254028e-01 -1.702032834291458130e-01 -1.994169354438781738e-01
-1.002447381615638733e-01 -1.509230136871337891e-01 -2.101576924324035645e-01
-1.402454078197479248e-01 -2.202071994543075562e-01 -1.927981674671173096e-01
-1.084491312503814697e-01 -1.656260043382644653e-01 -2.052857279777526855e-01
-1.026930361986160278e-01 -1.960469186305999756e-01 -1.889192163944244385e-01
-1.247914433479309082e-01 -1.456570178270339966e-01 -1.811846941709518433e-01
-1.255796402692794800e-01 -1.711360961198806763e-01 -1.843838542699813843e-01
-9.029024839401245117e-02 -1.937472373247146606e-01 -1.881818026304244995e-01
-1.424571126699447632e-01 -1.746851056814193726e-01 -1.869581043720245361e-01
-1.095981374382972717e-01 -2.163574248552322388e-01 -1.915746033191680908e-01
-1.485066264867782593e-01 -2.478196024894714355e-01 -1.985654532909393311e-01
-1.435646265745162964e-01 -1.759222447872161865e-01 -1.994619667530059814e-01
-1.147760748863220215e-01 -2.174542248249053955e-01 -1.918588429689407349e-01
-2.053967863321304321e-01 -2.075747102499008179e-01 -2.048784494400024414e-01
-1.305011957883834839e-01 -1.836987584829330444e-01 -1.992891579866409302e-01
-2.139946818351745605e-01 -1.864350140094757080e-01 -1.988298147916793823e-01
-1.982927173376083374e-01 -1.909106820821762085e-01 -1.896795183420181274e-01
-1.437589675188064575e-01 -1.758560240268707275e-01 -2.011338770389556885e-01
-1.097098067402839661e-01 -2.204239964485168457e-01 -1.917323023080825806e-01
-1.078479066491127014e-01 -2.002642750740051270e-01 -1.899507492780685425e-01
-1.155377700924873352e-01 -1.536063551902770996e-01 -2.047501355409622192e-01
-9.171780198812484741e-02 -1.606737822294235229e-01 -1.989083737134933472e-01
-9.019220620393753052e-02 -2.014629691839218140e-01 -1.880715042352676392e-01
-1.159905046224594116e-01 -2.223330885171890259e-01 -1.918630301952362061e-01
-1.679318845272064209e-01 -1.864031255245208740e-01 -1.881435513496398926e-01
-1.252599060535430908e-01 -1.762263029813766479e-01 -1.971737444400787354e-01
-1.024574115872383118e-01 -1.663104891777038574e-01 -2.059376984834671021e-01
-2.084928900003433228e-01 -2.121529728174209595e-01 -2.026483863592147827e-01
-1.208401694893836975e-01 -2.037761211395263672e-01 -1.913015991449356079e-01
-1.630849987268447876e-01 -1.279240101575851440e-01 -1.839763969182968140e-01
-1.682606786489486694e-01 -2.167785167694091797e-01 -1.929642409086227417e-01
-1.965363621711730957e-01 -2.203036248683929443e-01 -2.096031308174133301e-01
-1.568812876939773560e-01 -1.822628378868103027e-01 -1.882831305265426636e-01
-1.038953438401222229e-01 -1.582865267992019653e-01 -1.993471682071685791e-01
-1.180773377418518066e-01 -1.673938930034637451e-01 -2.033282518386840820e-01
-1.509622633457183838e-01 -1.867996305227279663e-01 -2.011141777038574219e-01
-1.087947487831115723e-01 -2.241037487983703613e-01 -1.915176212787628174e-01
-1.094245016574859619e-01 -1.642989367246627808e-01 -1.824220567941665649e-01
-1.346628814935684204e-01 -1.688207387924194336e-01 -1.991476863622665405e-01
-1.668167710304260254e-01 -1.284961700439453125e-01 -1.838963925838470459e-01
-2.121666073799133301e-01 -1.912060230970382690e-01 -1.987694501876831055e-01
-2.088105827569961548e-01 -2.126292735338211060e-01 -1.985962837934494019e-01
-1.526958197355270386e-01 -2.160984426736831665e-01 -1.920323073863983154e-01
-1.128296405076980591e-01 -1.758635491132736206e-01 -2.013347595930099487e-01
-2.124163657426834106e-01 -2.044465541839599609e-01 -2.029921561479568481e-01
-1.300011128187179565e-01 -1.654312163591384888e-01 -2.016831338405609131e-01
-1.885768473148345947e-01 -2.121243923902511597e-01 -1.962026059627532959e-01
-1.393547356128692627e-01 -1.639472395181655884e-01 -1.988435685634613037e-01
-1.521304845809936523e-01 -1.833364069461822510e-01 -1.993199139833450317e-01
-1.638831645250320435e-01 -1.815584003925323486e-01 -2.016553580760955811e-01
-1.174086555838584900e-01 -1.634344756603240967e-01 -2.039582878351211548e-01
-1.179294884204864502e-01 -2.123943865299224854e-01 -1.913577914237976074e-01
-1.410810947418212891e-01 -1.721083372831344604e-01 -2.009509801864624023e-01
-2.107279896736145020e-01 -2.082036733627319336e-01 -1.959961652755737305e-01
-1.166976466774940491e-01 -1.670593768358230591e-01 -2.035756409168243408e-01
-1.961164772510528564e-01 -2.042664438486099243e-01 -2.034998387098312378e-01
-1.749330163002014160e-01 -2.262175530195236206e-01 -2.083583921194076538e-01
-1.177256330847740173e-01 -1.578330993652343750e-01 -2.041737437248229980e-01
-1.221610605716705322e-01 -1.654738932847976685e-01 -1.987344920635223389e-01
-1.284756064414978027e-01 -1.436596214771270752e-01 -1.961154341697692871e-01
-1.131358146667480469e-01 -2.283348441123962402e-01 -1.908999681472778320e-01
-1.008527651429176331e-01 -2.153405845165252686e-01 -1.892769187688827515e-01
-1.260232925415039062e-01 -1.751697212457656860e-01 -2.011995017528533936e-01
-1.105498000979423523e-01 -1.537325680255889893e-01 -2.064247429370880127e-01
-1.242594271898269653e-01 -1.531095206737518311e-01 -2.018240839242935181e-01
-1.821266412734985352e-01 -2.304250299930572510e-01 -2.081919014453887939e-01
-1.760156303644180298e-01 -1.904707849025726318e-01 -2.004742175340652466e-01
-1.749795228242874146e-01 -2.340278476476669312e-01 -1.976507753133773804e-01
-1.230018138885498047e-01 -1.668255925178527832e-01 -1.842800229787826538e-01
-1.662030220031738281e-01 -1.878633350133895874e-01 -2.027060091495513916e-01
-1.336161196231842041e-01 -1.597167998552322388e-01 -1.843568682670593262e-01
-1.209551170468330383e-01 -1.592498719692230225e-01 -1.838704943656921387e-01
-9.588249027729034424e-02 -1.643280982971191406e-01 -1.802505105733871460e-01
-1.184199526906013489e-01 -1.393630057573318481e-01 -1.799656301736831665e-01
-9.696000814437866211e-02 -1.526037156581878662e-01 -2.111801058053970337e-01
-1.195297017693519592e-01 -1.710763573646545410e-01 -1.976928114891052246e-01
-1.018088310956954956e-01 -1.547421962022781372e-01 -2.094460427761077881e-01
-1.370243877172470093e-01 -1.704303324222564697e-01 -1.992271840572357178e-01
-1.832946836948394775e-01 -2.295456528663635254e-01 -1.993413269519805908e-01
-2.095562368631362915e-01 -2.107249498367309570e-01 -2.064501047134399414e-01
-1.022069677710533142e-01 -1.957685053348541260e-01 -1.888372451066970825e-01
-2.028678953647613525e-01 -2.075835168361663818e-01 -1.945752799510955811e-01
-1.161199286580085754e-01 -1.745437234640121460e-01 -1.964053809642791748e-01
-1.341405510902404785e-01 -2.085857540369033813e-01 -1.928563863039016724e-01
-1.005687564611434937e-01 -2.153218239545822144e-01 -1.912067830562591553e-01
-1.615150123834609985e-01 -1.359434723854064941e-01 -1.844515949487686157e-01
-1.170665770769119263e-01 -1.589143723249435425e-01 -1.990483403205871582e-01
-1.203348711133003235e-01 -2.179226577281951904e-01 -1.900341212749481201e-01
-1.409361064434051514e-01 -1.609516143798828125e-01 -1.982296109199523926e-01
-1.364834755659103394e-01 -1.769873052835464478e-01 -2.009698152542114258e-01
-1.661124080419540405e-01 -2.353734374046325684e-01 -2.120372951030731201e-01
-1.657204627990722656e-01 -1.267801076173782349e-01 -1.837243586778640747e-01
-1.184719279408454895e-01 -2.195212393999099731e-01 -1.920842230319976807e-01
-1.245355233550071716e-01 -1.504980623722076416e-01 -1.824897378683090210e-01
-2.069799154996871948e-01 -2.153175622224807739e-01 -2.023204714059829712e-01
-1.118994429707527161e-01 -1.679582893848419189e-01 -1.823766380548477173e-01
-1.916409581899642944e-01 -1.764840185642242432e-01 -1.878115385770797729e-01
-1.996399760246276855e-01 -2.215687036514282227e-01 -2.009207606315612793e-01
-2.031608670949935913e-01 -2.130173593759536743e-01 -2.004788666963577271e-01
-1.698533445596694946e-01 -2.348446249961853027e-01 -2.107021510601043701e-01
-1.173503696918487549e-01 -1.569572836160659790e-01 -1.991132050752639771e-01
-1.175404861569404602e-01 -1.416428685188293457e-01 -1.806672364473342896e-01
-1.209994778037071228e-01 -2.197650820016860962e-01 -1.921921521425247192e-01
-1.836350113153457642e-01 -2.310477644205093384e-01 -2.078953087329864502e-01
-1.539334058761596680e-01 -1.732067018747329712e-01 -2.004666477441787720e-01
-1.224490702152252197e-01 -1.705264747142791748e-01 -1.980826109647750854e-01
-1.760604530572891235e-01 -2.162429094314575195e-01 -1.934475451707839966e-01
-1.368493437767028809e-01 -2.037375122308731079e-01 -1.922656595706939697e-01
-1.354776471853256226e-01 -2.126088887453079224e-01 -1.925130337476730347e-01
-9.589929878711700439e-02 -2.040772587060928345e-01 -1.888224482536315918e-01
-2.013046890497207642e-01 -2.070638090372085571e-01 -2.028664648532867432e-01
-1.758817434310913086e-01 -1.541926860809326172e-01 -1.870054751634597778e-01
-1.504200398921966553e-01 -1.804269999265670776e-01 -2.014492005109786987e-01
-9.053880721330642700e-02 -2.051629424095153809e-01 -1.895350813865661621e-01
-1.241717934608459473e-01 -1.531491428613662720e-01 -1.984843015670776367e-01
-1.089090406894683838e-01 -1.473139226436614990e-01 -1.820968687534332275e-01
-1.568784266710281372e-01 -1.813684254884719849e-01 -1.867154538631439209e-01
-1.246882900595664978e-01 -1.732742935419082642e-01 -1.977667510509490967e-01
-1.910297274589538574e-01 -2.000540792942047119e-01 -1.931420117616653442e-01
-1.249521002173423767e-01 -1.662720143795013428e-01 -1.845665425062179565e-01
-2.045739293098449707e-01 -2.164298146963119507e-01 -2.078049033880233765e-01
-1.371346116065979004e-01 -2.481901943683624268e-01 -1.973529011011123657e-01
-2.120293825864791870e-01 -2.003254592418670654e-01 -2.005961388349533081e-01
-1.083336472511291504e-01 -1.689534932374954224e-01 -2.042386978864669800e-01
-2.041653543710708618e-01 -2.125858217477798462e-01 -2.013233304023742676e-01
-1.342861950397491455e-01 -1.657418757677078247e-01 -1.854782253503799438e-01
-1.131205186247825623e-01 -1.518858224153518677e-01 -1.826745420694351196e-01
-1.122660487890243530e-01 -1.587415933609008789e-01 -1.991839259862899780e-01
-1.324240863323211670e-01 -1.684451550245285034e-01 -1.990461349487304688e-01
-1.087195053696632385e-01 -1.403932422399520874e-01 -1.996080577373504639e-01
-1.954963505268096924e-01 -1.831126958131790161e-01 -1.892885118722915649e-01
-1.550348401069641113e-01 -1.399588435888290405e-01 -1.826586574316024780e-01
-1.473086178302764893e-01 -2.178676128387451172e-01 -1.934115737676620483e-01
-1.109624728560447693e-01 -1.524613946676254272e-01 -2.062513232231140137e-01
-1.152498275041580200e-01 -1.578925549983978271e-01 -1.833288371562957764e-01
-2.052657157182693481e-01 -2.121402472257614136e-01 -1.983039975166320801e-01
-1.339751034975051880e-01 -1.751305162906646729e-01 -1.985447555780410767e-01
-9.042527526617050171e-02 -1.859174370765686035e-01 -1.860919445753097534e-01
-1.177195534110069275e-01 -1.748653203248977661e-01 -2.015064507722854614e-01
-1.437746882438659668e-01 -1.851294636726379395e-01 -2.004563808441162109e-01
-1.709718704223632812e-01 -1.458940058946609497e-01 -1.860083043575286865e-01
-1.863219290971755981e-01 -1.984118223190307617e-01 -2.041781693696975708e-01
-1.460100114345550537e-01 -1.699121594429016113e-01 -1.863903999328613281e-01
-1.428005099296569824e-01 -2.176512777805328369e-01 -1.917832791805267334e-01
-1.215425059199333191e-01 -1.662617027759552002e-01 -1.986246109008789062e-01
-1.067875772714614868e-01 -1.698157787322998047e-01 -1.967330276966094971e-01
-1.481151878833770752e-01 -1.782829165458679199e-01 -1.997008770704269409e-01
-1.251101642847061157e-01 -1.595478802919387817e-01 -2.023343741893768311e-01
-1.277697980403900146e-01 -1.847475618124008179e-01 -1.986591517925262451e-01
-1.470608860254287720e-01 -1.333342194557189941e-01 -1.812090724706649780e-01
-1.709242165088653564e-01 -2.372202724218368530e-01 -1.988958269357681274e-01
-1.482223570346832275e-01 -1.278590559959411621e-01 -1.821175366640090942e-01
-9.139362722635269165e-02 -1.618239134550094604e-01 -1.985109448432922363e-01
-1.232234165072441101e-01 -1.432033032178878784e-01 -1.970826238393783569e-01
-1.237374544143676758e-01 -1.682581305503845215e-01 -1.985255628824234009e-01
-2.132148146629333496e-01 -2.013252079486846924e-01 -2.003792971372604370e-01
-1.291466951370239258e-01 -2.125198692083358765e-01 -1.917287707328796387e-01
-1.829442679882049561e-01 -2.105031609535217285e-01 -1.951570361852645874e-01
-1.629783213138580322e-01 -1.256316602230072021e-01 -1.837019175291061401e-01
-1.691703349351882935e-01 -1.913391351699829102e-01 -2.030189484357833862e-01
-2.125791311264038086e-01 -1.647472828626632690e-01 -1.957509517669677734e-01
-9.867520630359649658e-02 -2.026977241039276123e-01 -1.884081661701202393e-01
-1.109273731708526611e-01 -1.957672238349914551e-01 -1.891909092664718628e-01
-1.283138841390609741e-01 -1.697528809309005737e-01 -1.849624067544937134e-01
-1.144531518220901489e-01 -1.722946763038635254e-01 -1.968145668506622314e-01
-1.148706749081611633e-01 -2.068401426076889038e-01 -1.898299753665924072e-01
-9.236953407526016235e-02 -2.146611064672470093e-01 -1.910376995801925659e-01
-1.509283930063247681e-01 -2.180776745080947876e-01 -1.927297413349151611e-01
-1.499733477830886841e-01 -1.244965791702270508e-01 -1.826298832893371582e-01
-1.364804953336715698e-01 -2.489085346460342407e-01 -1.974420845508575439e-01
-1.030401065945625305e-01 -2.207297682762145996e-01 -1.915524750947952271e-01
-1.432144939899444580e-01 -1.687526553869247437e-01 -1.862396150827407837e-01
-1.113016158342361450e-01 -1.537330299615859985e-01 -1.827584505081176758e-01
-2.087900191545486450e-01 -2.137585282325744629e-01 -2.036696374416351318e-01
-1.529774963855743408e-01 -1.781209558248519897e-01 -2.013617157936096191e-01
-1.943148225545883179e-01 -2.130350619554519653e-01 -1.955458074808120728e-01
-1.149846240878105164e-01 -1.338862925767898560e-01 -1.970103681087493896e-01
-1.392871290445327759e-01 -1.806116402149200439e-01 -2.006980478763580322e-01
-1.146352589130401611e-01 -2.304302006959915161e-01 -1.903750449419021606e-01
-1.099716648459434509e-01 -1.513981521129608154e-01 -2.065873593091964722e-01
-1.976382285356521606e-01 -2.038544267416000366e-01 -1.928426921367645264e-01
-2.079214006662368774e-01 -2.040661126375198364e-01 -1.927624493837356567e-01
-1.230988875031471252e-01 -1.636408716440200806e-01 -2.028420567512512207e-01
-1.594985723495483398e-01 -1.806207895278930664e-01 -2.016565799713134766e-01
-1.089369505643844604e-01 -1.744278371334075928e-01 -2.020177096128463745e-01
-1.215316355228424072e-01 -1.482797116041183472e-01 -1.982198804616928101e-01
-1.130956858396530151e-01 -1.722246557474136353e-01 -1.817930638790130615e-01
-1.022852733731269836e-01 -1.640029549598693848e-01 -2.068674713373184204e-01
-2.095826715230941772e-01 -2.105693370103836060e-01 -1.985830068588256836e-01
-1.197318732738494873e-01 -2.204215079545974731e-01 -1.921210885047912598e-01
-2.103284895420074463e-01 -2.132795453071594238e-01 -2.034574002027511597e-01
-1.304677426815032959e-01 -1.804788112640380859e-01 -1.967612653970718384e-01
-1.884167194366455078e-01 -2.121476978063583374e-01 -1.975952684879302979e-01
-1.514794826507568359e-01 -1.752066463232040405e-01 -2.009770870208740234e-01
-1.241549849510192871e-01 -2.247126996517181396e-01 -1.917320638895034790e-01
-1.023325771093368530e-01 -2.014011293649673462e-01 -1.897558271884918213e-01
-2.029942125082015991e-01 -2.167548984289169312e-01 -2.095102667808532715e-01
-1.492646783590316772e-01 -1.907787770032882690e-01 -1.999558061361312866e-01
-1.459736078977584839e-01 -1.759309172630310059e-01 -1.874603778123855591e-01
-1.377937495708465576e-01 -1.852719783782958984e-01 -1.996765136718750000e-01
-1.008507385849952698e-01 -2.169511020183563232e-01 -1.913608759641647339e-01
-1.265267133712768555e-01 -1.691629737615585327e-01 -1.847143918275833130e-01
-1.738693118095397949e-01 -2.376341968774795532e-01 -2.090554833412170410e-01
-1.686365157365798950e-01 -2.291482388973236084e-01 -2.097534239292144775e-01
-1.430388242006301880e-01 -1.631184816360473633e-01 -1.984391808509826660e-01
-1.717228442430496216e-01 -1.902240812778472900e-01 -1.880886554718017578e-01
-1.305361837148666382e-01 -1.692076772451400757e-01 -1.853085458278656006e-01
-1.904561519622802734e-01 -1.781581044197082520e-01 -1.873565614223480225e-01
-1.725770533084869385e-01 -1.405771076679229736e-01 -1.852598190307617188e-01
-1.515224277973175049e-01 -1.692915856838226318e-01 -1.988475471735000610e-01
-1.365717649459838867e-01 -1.631343066692352295e-01 -1.988628357648849487e-01
-2.081282436847686768e-01 -2.113939970731735229e-01 -2.018348127603530884e-01
-1.166717186570167542e-01 -2.045709043741226196e-01 -1.910411268472671509e-01
-1.461275070905685425e-01 -1.758861243724822998e-01 -1.996746957302093506e-01
-1.709094047546386719e-01 -1.285368055105209351e-01 -1.833554208278656006e-01
-1.338044852018356323e-01 -2.238905429840087891e-01 -1.918466538190841675e-01
-8.774636685848236084e-02 -1.926340609788894653e-01 -1.878979206085205078e-01
-9.410551190376281738e-02 -2.144364565610885620e-01 -1.910094618797302246e-01
-1.252264529466629028e-01 -2.124730646610260010e-01 -1.916610300540924072e-01
-1.497281491756439209e-01 -1.843982189893722534e-01 -2.012627273797988892e-01
-1.497101336717605591e-01 -1.833724975585937500e-01 -2.013402879238128662e-01
-1.471138596534729004e-01 -1.628343909978866577e-01 -1.978800445795059204e-01
-1.228486672043800354e-01 -1.410470455884933472e-01 -1.966983526945114136e-01
-1.971742361783981323e-01 -2.197202146053314209e-01 -2.076804190874099731e-01
-1.180295571684837341e-01 -1.558564454317092896e-01 -1.990865319967269897e-01
-1.047377362847328186e-01 -2.298378050327301025e-01 -1.906311511993408203e-01
-2.024512737989425659e-01 -2.183248698711395264e-01 -2.008914351463317871e-01
-1.579217761754989624e-01 -1.806093752384185791e-01 -2.004016637802124023e-01
-1.335966438055038452e-01 -2.108994722366333008e-01 -1.926640719175338745e-01
-1.123058572411537170e-01 -2.006347030401229858e-01 -1.902601122856140137e-01
-1.202677339315414429e-01 -2.146391570568084717e-01 -1.918353438377380371e-01
-1.550774574279785156e-01 -2.456588447093963623e-01 -1.989201903343200684e-01
-2.004038542509078979e-01 -2.194890975952148438e-01 -2.078950852155685425e-01
-1.507211327552795410e-01 -1.685759574174880981e-01 -1.996930390596389771e-01
-1.779076009988784790e-01 -2.359336614608764648e-01 -2.080632895231246948e-01
-1.195872873067855835e-01 -2.205797880887985229e-01 -1.891305148601531982e-01
-9.951227158308029175e-02 -1.629408746957778931e-01 -2.077089697122573853e-01
-1.131810322403907776e-01 -2.004240751266479492e-01 -1.902741044759750366e-01
-1.951260417699813843e-01 -2.228594720363616943e-01 -2.011515945196151733e-01
-1.745687425136566162e-01 -2.144965976476669312e-01 -1.935584098100662231e-01
-1.026476249098777771e-01 -1.677382141351699829e-01 -1.969793289899826050e-01
-1.062183678150177002e-01 -1.407410055398941040e-01 -2.001709043979644775e-01
-1.064103543758392334e-01 -1.681522130966186523e-01 -2.047467678785324097e-01
-1.909494996070861816e-01 -2.014282643795013428e-01 -1.920404732227325439e-01
-1.049298048019409180e-01 -1.567172110080718994e-01 -1.823637187480926514e-01
-1.005454361438751221e-01 -1.546957194805145264e-01 -1.820150613784790039e-01
-9.026367962360382080e-02 -2.018773704767227173e-01 -1.893571168184280396e-01
-1.833236515522003174e-01 -1.663830131292343140e-01 -1.872085779905319214e-01
-1.232094839215278625e-01 -1.750859767198562622e-01 -2.012774348258972168e-01
-1.284155696630477905e-01 -1.773908734321594238e-01 -1.973319053649902344e-01
-1.082878708839416504e-01 -2.264795601367950439e-01 -1.912242174148559570e-01
-2.021857500076293945e-01 -2.069911807775497437e-01 -1.961718499660491943e-01
-9.472073614597320557e-02 -1.865701228380203247e-01 -1.862822175025939941e-01
-1.034833565354347229e-01 -2.207680344581604004e-01 -1.915644854307174683e-01
-1.144122928380966187e-01 -1.605207622051239014e-01 -2.049802094697952271e-01
-1.237908378243446350e-01 -1.584501117467880249e-01 -1.989206373691558838e-01
-1.123370155692100525e-01 -1.371043622493743896e-01 -1.983353048563003540e-01
-1.018164083361625671e-01 -1.602256745100021362e-01 -2.082341164350509644e-01
-1.111327111721038818e-01 -2.170662879943847656e-01 -1.896503120660781860e-01
-1.055241078138351440e-01 -1.628654003143310547e-01 -1.819748878479003906e-01
-1.027226746082305908e-01 -2.109632939100265503e-01 -1.906246691942214966e-01
-9.951919317245483398e-02 -1.501315087080001831e-01 -2.009870558977127075e-01
-1.071735695004463196e-01 -1.695434600114822388e-01 -1.811955273151397705e-01
-1.034279391169548035e-01 -2.265028953552246094e-01 -1.911750286817550659e-01
-1.052827239036560059e-01 -2.119098007678985596e-01 -1.900678128004074097e-01
-1.164271906018257141e-01 -1.735568344593048096e-01 -1.967267096042633057e-01
-2.057850658893585205e-01 -2.028866261243820190e-01 -1.936633586883544922e-01
-1.875051409006118774e-01 -2.139605432748794556e-01 -1.956617534160614014e-01
-1.330637037754058838e-01 -2.133210003376007080e-01 -1.920254379510879517e-01
-1.599521785974502563e-01 -2.452961802482604980e-01 -1.985161304473876953e-01
-1.176797896623611450e-01 -1.534680724143981934e-01 -1.990861147642135620e-01
-1.319665312767028809e-01 -1.515351235866546631e-01 -1.973875313997268677e-01
-1.413444131612777710e-01 -1.855320632457733154e-01 -2.000803053379058838e-01
-1.983786076307296753e-01 -2.200688868761062622e-01 -2.094160318374633789e-01
-1.186835393309593201e-01 -1.731506437063217163e-01 -2.019591778516769409e-01
-1.046046912670135498e-01 -1.479711234569549561e-01 -2.005368024110794067e-01
-1.057340055704116821e-01 -1.563858538866043091e-01 -2.079513370990753174e-01
-1.394054591655731201e-01 -1.601361483335494995e-01 -1.841043829917907715e-01
-1.282057315111160278e-01 -1.769034862518310547e-01 -1.974259018898010254e-01
-1.332284361124038696e-01 -1.809846758842468262e-01 -2.002144455909729004e-01
-1.178649961948394775e-01 -2.072321325540542603e-01 -1.899784803390502930e-01
-1.274120658636093140e-01 -1.997622698545455933e-01 -1.908442527055740356e-01
-1.333333104848861694e-01 -1.694280952215194702e-01 -1.856762319803237915e-01
-2.142773568630218506e-01 -1.721254289150238037e-01 -1.964055150747299194e-01
-9.814733266830444336e-02 -1.895374506711959839e-01 -1.872002929449081421e-01
-1.260498762130737305e-01 -1.652495115995407104e-01 -2.022280991077423096e-01
-1.241006702184677124e-01 -2.155392169952392578e-01 -1.909402310848236084e-01
-1.062096133828163147e-01 -1.550731211900711060e-01 -2.079324722290039062e-01
-9.753569960594177246e-02 -1.886668354272842407e-01 -1.869419664144515991e-01
-2.018102109432220459e-01 -2.201472371816635132e-01 -2.011753171682357788e-01
-1.518590003252029419e-01 -1.270635724067687988e-01 -1.828933805227279663e-01
-1.640185564756393433e-01 -2.314705997705459595e-01 -2.113912403583526611e-01
-1.591665595769882202e-01 -1.765948832035064697e-01 -2.008277922868728638e-01
-2.107216268777847290e-01 -2.078506797552108765e-01 -1.958163976669311523e-01
-1.851445883512496948e-01 -2.155955284833908081e-01 -1.944786906242370605e-01
-1.440387517213821411e-01 -1.687258780002593994e-01 -1.992645412683486938e-01
-9.342262148857116699e-02 -1.662641614675521851e-01 -1.793836653232574463e-01
-1.383832395076751709e-01 -1.608418822288513184e-01 -1.984387040138244629e-01
-1.710547506809234619e-01 -1.289114952087402344e-01 -1.833986341953277588e-01
-1.834527403116226196e-01 -2.262029647827148438e-01 -2.083791941404342651e-01
-1.429083645343780518e-01 -1.720791161060333252e-01 -1.994982659816741943e-01
-1.146986410021781921e-01 -1.572508364915847778e-01 -2.050972431898117065e-01
-9.849651157855987549e-02 -1.525781154632568359e-01 -2.007358968257904053e-01
-1.957215219736099243e-01 -2.218038439750671387e-01 -1.996297240257263184e-01
-1.828816980123519897e-01 -2.274486869573593140e-01 -2.083916366100311279e-01
-9.284944832324981689e-02 -1.918817311525344849e-01 -1.877964437007904053e-01
-1.253963559865951538e-01 -1.744105815887451172e-01 -1.838173419237136841e-01
-1.183628290891647339e-01 -2.156192064285278320e-01 -1.918732374906539917e-01
-1.683585196733474731e-01 -1.883963942527770996e-01 -2.028470784425735474e-01
-9.964334964752197266e-02 -2.095082551240921021e-01 -1.902586817741394043e-01
-1.431677043437957764e-01 -1.788762658834457397e-01 -2.011102885007858276e-01
-1.658394634723663330e-01 -1.342943012714385986e-01 -1.846918910741806030e-01
-1.051783487200737000e-01 -1.723004877567291260e-01 -1.957641690969467163e-01
-9.433469921350479126e-02 -1.661669015884399414e-01 -1.970552504062652588e-01
-9.839722514152526855e-02 -1.524020433425903320e-01 -2.007718086242675781e-01
-1.733778566122055054e-01 -2.250090688467025757e-01 -2.080116271972656250e-01
-1.695483475923538208e-01 -1.872936934232711792e-01 -2.026078104972839355e-01
-1.057747527956962585e-01 -1.555185914039611816e-01 -2.080390751361846924e-01
-2.114598006010055542e-01 -2.112435102462768555e-01 -2.067662775516510010e-01
-9.760586172342300415e-02 -1.638116389513015747e-01 -1.979923099279403687e-01
-1.134141236543655396e-01 -1.717981249094009399e-01 -1.819509863853454590e-01
-1.828378587961196899e-01 -2.157676070928573608e-01 -1.941678673028945923e-01
-9.663905203342437744e-02 -2.205551117658615112e-01 -1.879827231168746948e-01
-1.664453893899917603e-01 -1.301011145114898682e-01 -1.841564327478408813e-01
-1.268877983093261719e-01 -1.620200723409652710e-01 -1.845461875200271606e-01
-1.041728779673576355e-01 -1.521596610546112061e-01 -1.823126524686813354e-01
-1.050808727741241455e-01 -1.495498418807983398e-01 -2.003867328166961670e-01
-1.125046610832214355e-01 -2.130954265594482422e-01 -1.912719011306762695e-01
-1.641548573970794678e-01 -1.843605339527130127e-01 -1.876818537712097168e-01
-1.338225901126861572e-01 -1.581593304872512817e-01 -1.839695125818252563e-01
-1.071317046880722046e-01 -2.069724053144454956e-01 -1.897801160812377930e-01
-1.497230082750320435e-01 -1.713378429412841797e-01 -1.994170099496841431e-01
-2.046327590942382812e-01 -2.175092548131942749e-01 -2.092653065919876099e-01
-9.249495714902877808e-02 -2.081923335790634155e-01 -1.896055936813354492e-01
-1.247746273875236511e-01 -1.724547296762466431e-01 -2.017455995082855225e-01
-1.886926591396331787e-01 -1.991293728351593018e-01 -2.018264085054397583e-01
-1.827743500471115112e-01 -1.964041143655776978e-01 -2.023951411247253418e-01
-2.122896313667297363e-01 -1.854928284883499146e-01 -1.977368891239166260e-01
-1.614228338003158569e-01 -1.825684159994125366e-01 -1.994246989488601685e-01
-1.707891672849655151e-01 -2.367700189352035522e-01 -1.987132132053375244e-01
-1.236366331577301025e-01 -2.107974290847778320e-01 -1.917177587747573853e-01
-1.606319099664688110e-01 -1.816016882658004761e-01 -2.018056660890579224e-01
-1.286250203847885132e-01 -1.566141992807388306e-01 -1.985512822866439819e-01
-1.433829665184020996e-01 -1.747265756130218506e-01 -1.995121091604232788e-01
-1.220966279506683350e-01 -1.509839445352554321e-01 -1.826708614826202393e-01
-1.538588553667068481e-01 -1.385568529367446899e-01 -1.825078427791595459e-01
-1.266614794731140137e-01 -2.164507061243057251e-01 -1.908532381057739258e-01
-1.017666161060333252e-01 -1.570248603820800781e-01 -1.997162848711013794e-01
-1.599529981613159180e-01 -1.904969364404678345e-01 -2.017809599637985229e-01
-1.145518273115158081e-01 -1.622993648052215576e-01 -1.833041161298751831e-01
-1.000181287527084351e-01 -2.194424569606781006e-01 -1.914560645818710327e-01
-9.948634356260299683e-02 -2.076467871665954590e-01 -1.898307055234909058e-01
-1.315318346023559570e-01 -1.741874366998672485e-01 -1.850725710391998291e-01
-2.141229063272476196e-01 -1.735830307006835938e-01 -1.974231153726577759e-01
-9.620227664709091187e-02 -1.552909016609191895e-01 -2.003527730703353882e-01
-1.281222254037857056e-01 -1.693077981472015381e-01 -1.849555522203445435e-01
-1.283603459596633911e-01 -1.731156855821609497e-01 -2.014460712671279907e-01
-1.179097220301628113e-01 -1.769942939281463623e-01 -1.959087252616882324e-01
-1.946334391832351685e-01 -2.230090945959091187e-01 -1.991384923458099365e-01
-1.134513095021247864e-01 -2.193988263607025146e-01 -1.891855895519256592e-01
-9.316558390855789185e-02 -1.927603632211685181e-01 -1.880142837762832642e-01
-1.256012320518493652e-01 -1.525058597326278687e-01 -2.012973576784133911e-01
-1.765613257884979248e-01 -2.369783818721771240e-01 -2.082225531339645386e-01
-1.816564798355102539e-01 -1.940857321023941040e-01 -2.010123431682586670e-01
-1.317888796329498291e-01 -2.109223008155822754e-01 -1.924817562103271484e-01
-9.776452183723449707e-02 -2.207198888063430786e-01 -1.914099901914596558e-01
-1.617116481065750122e-01 -1.819039136171340942e-01 -2.018388658761978149e-01
-1.626886129379272461e-01 -1.856060475111007690e-01 -1.877596378326416016e-01
-1.623017936944961548e-01 -2.431267052888870239e-01 -1.973891705274581909e-01
-1.755544394254684448e-01 -1.928963363170623779e-01 -2.022653818130493164e-01
-1.167151331901550293e-01 -1.400866210460662842e-01 -1.803370565176010132e-01
-1.691792309284210205e-01 -2.166178673505783081e-01 -1.921544522047042847e-01
-1.568995416164398193e-01 -1.750278472900390625e-01 -2.006516158580780029e-01
-1.357857286930084229e-01 -1.789813041687011719e-01 -1.979913264513015747e-01
-1.099587753415107727e-01 -2.300035804510116577e-01 -1.905502229928970337e-01
-2.141581773757934570e-01 -1.817707419395446777e-01 -1.975538283586502075e-01
-1.782952547073364258e-01 -2.159223556518554688e-01 -1.940631568431854248e-01
-1.999235302209854126e-01 -2.197808325290679932e-01 -2.090321928262710571e-01
-9.929930418729782104e-02 -1.527329385280609131e-01 -1.819518357515335083e-01
-1.588843911886215210e-01 -1.403003334999084473e-01 -1.837301999330520630e-01
-1.680783033370971680e-01 -2.153232544660568237e-01 -1.918104588985443115e-01
-2.116984426975250244e-01 -2.108358293771743774e-01 -2.058399766683578491e-01
-1.248223558068275452e-01 -2.169646918773651123e-01 -1.905892044305801392e-01
-1.497875303030014038e-01 -1.781575679779052734e-01 -2.013098150491714478e-01
-1.567364186048507690e-01 -1.824010908603668213e-01 -2.002139687538146973e-01
-1.955544501543045044e-01 -2.038638442754745483e-01 -1.939927339553833008e-01
-1.378400772809982300e-01 -1.794487386941909790e-01 -1.981806606054306030e-01
