-3.029374778270721436e-01 -1.107111573219299316e-01 -2.117401063442230225e-01
-2.548891901969909668e-01 -1.407213360071182251e-01 -1.915684640407562256e-01
-2.792308628559112549e-01 -1.274003386497497559e-01 -1.903408020734786987e-01
-2.651478648185729980e-01 -1.436962634325027466e-01 -2.018036693334579468e-01
-2.900683879852294922e-01 -1.489243060350418091e-01 -2.006624639034271240e-01
-2.774241864681243896e-01 -1.295746415853500366e-01 -2.029610127210617065e-01
-2.670345008373260498e-01 -1.372188329696655273e-01 -1.937196850776672363e-01
-2.590736448764801025e-01 -1.320917159318923950e-01 -1.929473578929901123e-01
-2.664910256862640381e-01 -9.850241988897323608e-02 -1.879159212112426758e-01
-2.859809696674346924e-01 -9.540904313325881958e-02 -1.933481544256210327e-01
-2.925191223621368408e-01 -1.286172121763229370e-01 -2.055119723081588745e-01
-2.609953284263610840e-01 -1.333657056093215942e-01 -1.933934837579727173e-01
-2.756808102130889893e-01 -9.744618088006973267e-02 -1.897677630186080933e-01
-2.725797891616821289e-01 -8.440275490283966064e-02 -1.878245472908020020e-01
-2.967416346073150635e-01 -8.146452903747558594e-02 -1.956845819950103760e-01
-2.679675519466400146e-01 -9.759810566902160645e-02 -1.881727427244186401e-01
-3.034782707691192627e-01 -9.866360574960708618e-02 -1.935073435306549072e-01
-2.633575797080993652e-01 -1.480752676725387573e-01 -2.019949108362197876e-01
-3.097442090511322021e-01 -1.089434027671813965e-01 -1.871435940265655518e-01
-2.845140397548675537e-01 -9.681017696857452393e-02 -1.909600794315338135e-01
-3.297726809978485107e-01 -8.196043968200683594e-02 -1.963193416595458984e-01
-2.721132338047027588e-01 -1.639174968004226685e-01 -2.005828768014907837e-01
-2.357670515775680542e-01 -8.750599622726440430e-02 -1.886644959449768066e-01
-3.226703405380249023e-01 -8.467750996351242065e-02 -1.921515166759490967e-01
-2.803254723548889160e-01 -1.142579615116119385e-01 -1.930056661367416382e-01
-2.874487042427062988e-01 -1.040624827146530151e-01 -1.908112019300460815e-01
-3.031960129737854004e-01 -8.872886747121810913e-02 -1.924013346433639526e-01
-3.156082332134246826e-01 -4.939088225364685059e-02 -2.062034010887145996e-01
-3.100191950798034668e-01 -1.025336012244224548e-01 -1.919305026531219482e-01
-3.072582185268402100e-01 -8.165130764245986938e-02 -1.971324384212493896e-01
-3.045437932014465332e-01 -9.908623993396759033e-02 -1.902015954256057739e-01
-2.881994247436523438e-01 -1.132749244570732117e-01 -1.902555525302886963e-01
-3.007124662399291992e-01 -1.195462346076965332e-01 -2.088963687419891357e-01
-3.367127180099487305e-01 -5.826554819941520691e-02 -2.062567323446273804e-01
-2.946925759315490723e-01 -1.013191565871238708e-01 -1.934475451707839966e-01
-2.860524952411651611e-01 -1.152287200093269348e-01 -2.054828256368637085e-01
-3.117066919803619385e-01 -6.968455016613006592e-02 -2.004791349172592163e-01
-2.824401855468750000e-01 -1.068637594580650330e-01 -1.908074021339416504e-01
-3.093467950820922852e-01 -1.026508733630180359e-01 -2.153712958097457886e-01
-3.172225654125213623e-01 -1.007390469312667847e-01 -1.912582367658615112e-01
-2.759533822536468506e-01 -1.469199955463409424e-01 -2.024287730455398560e-01
-3.094611763954162598e-01 -9.643287211656570435e-02 -1.903226971626281738e-01
-3.212799429893493652e-01 -6.720058619976043701e-02 -1.983444243669509888e-01
-2.749516665935516357e-01 -1.436573266983032227e-01 -2.025727182626724243e-01
-2.897580564022064209e-01 -1.463384330272674561e-01 -2.013693898916244507e-01
-2.572370469570159912e-01 -1.454825401306152344e-01 -1.923223435878753662e-01
-3.118721544742584229e-01 -6.660687178373336792e-02 -1.976880431175231934e-01
-2.693893909454345703e-01 -9.406736493110656738e-02 -1.880358457565307617e-01
-3.188004493713378906e-01 -6.609476357698440552e-02 -2.024938017129898071e-01
-2.771833240985870361e-01 -1.251512467861175537e-01 -1.907533258199691772e-01
-2.634931802749633789e-01 -1.192131191492080688e-01 -1.919260174036026001e-01
-2.966611981391906738e-01 -9.996907413005828857e-02 -1.908801645040512085e-01
-2.552912235260009766e-01 -1.292681694030761719e-01 -1.898525506258010864e-01
-2.344529777765274048e-01 -8.543100953102111816e-02 -1.891953498125076294e-01
-2.813763022422790527e-01 -1.155296340584754944e-01 -1.929766535758972168e-01
-2.991832494735717773e-01 -9.808912128210067749e-02 -1.937293410301208496e-01
-3.068738877773284912e-01 -8.849666267633438110e-02 -1.923561245203018188e-01
-2.574902772903442383e-01 -1.450553983449935913e-01 -1.922949105501174927e-01
-3.186805844306945801e-01 -6.659803539514541626e-02 -1.984232813119888306e-01
-2.724539041519165039e-01 -1.093170046806335449e-01 -1.922431439161300659e-01
-2.839585244655609131e-01 -1.344850808382034302e-01 -2.037420123815536499e-01
-3.258252143859863281e-01 -7.681349664926528931e-02 -1.946034580469131470e-01
-2.690849304199218750e-01 -1.213746890425682068e-01 -1.909623593091964722e-01
-2.970819175243377686e-01 -1.129373162984848022e-01 -1.916929185390472412e-01
-2.287888824939727783e-01 -1.008728742599487305e-01 -1.906890422105789185e-01
-2.980020642280578613e-01 -1.230645254254341125e-01 -1.868453323841094971e-01
-3.137878775596618652e-01 -4.822839796543121338e-02 -2.056779563426971436e-01
-2.712709307670593262e-01 -1.317147761583328247e-01 -2.017209082841873169e-01
-3.229778110980987549e-01 -5.827963352203369141e-02 -2.014812678098678589e-01
-3.147387206554412842e-01 -8.292257785797119141e-02 -1.970772296190261841e-01
-3.050359189510345459e-01 -7.696359604597091675e-02 -1.946550607681274414e-01
-2.795339226722717285e-01 -1.313128024339675903e-01 -1.923575103282928467e-01
-3.055640757083892822e-01 -7.913357764482498169e-02 -1.974965631961822510e-01
-2.773601412773132324e-01 -9.887319803237915039e-02 -1.901324689388275146e-01
-3.307586610317230225e-01 -7.080530375242233276e-02 -1.965694874525070190e-01
-2.572892904281616211e-01 -1.712018251419067383e-01 -2.022386491298675537e-01
-2.718573808670043945e-01 -1.424861997365951538e-01 -1.925957500934600830e-01
-2.881693542003631592e-01 -1.484808176755905151e-01 -2.010854333639144897e-01
-3.131210803985595703e-01 -9.021362662315368652e-02 -1.914635300636291504e-01
-2.995864450931549072e-01 -1.073785871267318726e-01 -1.923078000545501709e-01
-3.206518292427062988e-01 -8.380629867315292358e-02 -1.927039921283721924e-01
-3.028213679790496826e-01 -7.499378174543380737e-02 -1.978121250867843628e-01
-2.724245488643646240e-01 -1.238594353199005127e-01 -2.012109458446502686e-01
-3.065731525421142578e-01 -1.041179820895195007e-01 -2.142644971609115601e-01
-2.577626705169677734e-01 -1.507069617509841919e-01 -2.015237659215927124e-01
-2.470476180315017700e-01 -1.617410778999328613e-01 -1.946990489959716797e-01
-3.251661658287048340e-01 -8.506083488464355469e-02 -1.916336268186569214e-01
-3.062938153743743896e-01 -7.164852321147918701e-02 -1.958371698856353760e-01
-2.862794697284698486e-01 -1.292260736227035522e-01 -1.886799931526184082e-01
-3.273562788963317871e-01 -5.796761810779571533e-02 -2.019355595111846924e-01
-2.897551655769348145e-01 -1.017084345221519470e-01 -1.934370696544647217e-01
-2.738051712512969971e-01 -1.311553120613098145e-01 -1.931615620851516724e-01
-2.999798059463500977e-01 -5.376849323511123657e-02 -1.967335939407348633e-01
-2.633337378501892090e-01 -1.195884868502616882e-01 -1.901555359363555908e-01
-2.964656651020050049e-01 -1.447923928499221802e-01 -2.009165734052658081e-01
-2.835303246974945068e-01 -1.159500479698181152e-01 -2.045923322439193726e-01
-2.569296956062316895e-01 -1.264451444149017334e-01 -1.898210346698760986e-01
-3.061407804489135742e-01 -1.126228570938110352e-01 -1.901407539844512939e-01
-2.992944717407226562e-01 -7.722462713718414307e-02 -1.938324123620986938e-01
-3.183413743972778320e-01 -9.789662063121795654e-02 -1.884154826402664185e-01
-3.346537947654724121e-01 -6.505592912435531616e-02 -2.033466845750808716e-01
-2.594660818576812744e-01 -1.423259377479553223e-01 -1.921133100986480713e-01
-2.987992465496063232e-01 -1.163165718317031860e-01 -1.907730847597122192e-01
-2.745430767536163330e-01 -1.031080335378646851e-01 -1.919857114553451538e-01
-2.820511162281036377e-01 -1.165835633873939514e-01 -1.929231137037277222e-01
-3.361022770404815674e-01 -5.905112624168395996e-02 -2.011470198631286621e-01
-2.807362377643585205e-01 -1.447702497243881226e-01 -2.024991363286972046e-01
-2.939460575580596924e-01 -1.283463388681411743e-01 -2.057281285524368286e-01
-3.126779794692993164e-01 -8.177092671394348145e-02 -1.938333809375762939e-01
-3.008776307106018066e-01 -1.118262484669685364e-01 -2.108325064182281494e-01
-2.741507291793823242e-01 -1.109424605965614319e-01 -1.925810575485229492e-01
-2.981021106243133545e-01 -1.068362072110176086e-01 -2.106317430734634399e-01
-2.971499264240264893e-01 -4.990906268358230591e-02 -1.958030313253402710e-01
-2.775215506553649902e-01 -1.078992262482643127e-01 -1.906756907701492310e-01
-3.115807175636291504e-01 -5.433537811040878296e-02 -2.004186660051345825e-01
-2.945866286754608154e-01 -9.327837824821472168e-02 -1.942703574895858765e-01
-3.020593822002410889e-01 -5.234548449516296387e-02 -2.002635598182678223e-01
-3.008989393711090088e-01 -1.030940040946006775e-01 -1.900327354669570923e-01
-2.815116941928863525e-01 -1.257474273443222046e-01 -1.925031840801239014e-01
-2.927124500274658203e-01 -1.040603518486022949e-01 -1.932487338781356812e-01
-3.147888481616973877e-01 -5.486637353897094727e-02 -2.047999948263168335e-01
-2.795183360576629639e-01 -1.257335394620895386e-01 -2.034340500831604004e-01
-2.913473546504974365e-01 -1.193342506885528564e-01 -1.917027086019515991e-01
-3.012020885944366455e-01 -1.212087199091911316e-01 -1.892498284578323364e-01
-3.219496905803680420e-01 -7.240610569715499878e-02 -2.006267756223678589e-01
-2.983676791191101074e-01 -8.001213520765304565e-02 -1.962065547704696655e-01
-2.338622659444808960e-01 -9.235443919897079468e-02 -1.891158819198608398e-01
-3.082830905914306641e-01 -1.117550656199455261e-01 -2.127953469753265381e-01
-2.717020511627197266e-01 -1.219094991683959961e-01 -1.931051313877105713e-01
-2.722512483596801758e-01 -1.071129068732261658e-01 -1.920064091682434082e-01
-2.333964258432388306e-01 -8.826138079166412354e-02 -1.894083917140960693e-01
-3.151668310165405273e-01 -1.159909889101982117e-01 -2.116437405347824097e-01
-2.612687051296234131e-01 -1.454589962959289551e-01 -1.919606477022171021e-01
-3.110695779323577881e-01 -1.275237351655960083e-01 -2.063645571470260620e-01
-2.983542978763580322e-01 -6.890968978404998779e-02 -1.947672665119171143e-01
-3.045785427093505859e-01 -1.254642158746719360e-01 -2.073315083980560303e-01
-3.055869638919830322e-01 -5.812426283955574036e-02 -1.981131583452224731e-01
-3.320400118827819824e-01 -5.006536841392517090e-02 -2.052982151508331299e-01
-3.128398954868316650e-01 -1.137990728020668030e-01 -2.125959396362304688e-01
-3.215674757957458496e-01 -4.444515332579612732e-02 -2.056508064270019531e-01
-3.326216042041778564e-01 -7.076180726289749146e-02 -1.963573843240737915e-01
-2.647559344768524170e-01 -1.281151771545410156e-01 -1.931690722703933716e-01
-2.746664583683013916e-01 -1.285589635372161865e-01 -1.931539773941040039e-01
-3.051017522811889648e-01 -1.295115351676940918e-01 -2.057197093963623047e-01
-2.763516902923583984e-01 -1.071751490235328674e-01 -1.905628442764282227e-01
-3.010572493076324463e-01 -1.026784703135490417e-01 -2.122034877538681030e-01
-3.047982156276702881e-01 -7.891261577606201172e-02 -1.974417418241500854e-01
-3.121140003204345703e-01 -1.000896766781806946e-01 -1.889447420835494995e-01
-3.043068051338195801e-01 -9.994053095579147339e-02 -1.900900602340698242e-01
-3.071520030498504639e-01 -1.200383752584457397e-01 -2.094950377941131592e-01
-2.737478315830230713e-01 -1.272345185279846191e-01 -1.932325959205627441e-01
-2.979473471641540527e-01 -8.164361119270324707e-02 -1.931634992361068726e-01
-2.583683431148529053e-01 -1.291381865739822388e-01 -1.923571676015853882e-01
-3.081440031528472900e-01 -1.129416972398757935e-01 -1.896108686923980713e-01
-2.930463254451751709e-01 -1.068509519100189209e-01 -1.929517239332199097e-01
-2.606190145015716553e-01 -1.634090691804885864e-01 -2.026073783636093140e-01
-2.655295729637145996e-01 -1.057580113410949707e-01 -1.904031336307525635e-01
-2.884415090084075928e-01 -1.192204877734184265e-01 -2.060927599668502808e-01
-2.704687416553497314e-01 -1.452710479497909546e-01 -2.024408876895904541e-01
-2.641144394874572754e-01 -1.637658327817916870e-01 -2.021401673555374146e-01
-2.587012946605682373e-01 -1.420183181762695312e-01 -1.941177546977996826e-01
-2.867915034294128418e-01 -1.257297694683074951e-01 -1.890963315963745117e-01
-2.955051064491271973e-01 -1.304815709590911865e-01 -2.053114771842956543e-01
-3.113520145416259766e-01 -4.559397324919700623e-02 -2.019829154014587402e-01
-2.946625053882598877e-01 -7.255912572145462036e-02 -1.961325407028198242e-01
-2.845707833766937256e-01 -1.413761526346206665e-01 -2.028030157089233398e-01
-2.624698579311370850e-01 -1.589341163635253906e-01 -2.025765180587768555e-01
-2.997420728206634521e-01 -1.123185232281684875e-01 -1.885295063257217407e-01
-2.902408540248870850e-01 -8.824443072080612183e-02 -1.916423738002777100e-01
-3.169636130332946777e-01 -1.003421396017074585e-01 -1.879354268312454224e-01
-3.264126777648925781e-01 -7.506234198808670044e-02 -1.995493471622467041e-01
-3.132170736789703369e-01 -6.351590156555175781e-02 -2.022872418165206909e-01
-2.663579881191253662e-01 -1.379029899835586548e-01 -1.915648877620697021e-01
-3.047100603580474854e-01 -1.089850366115570068e-01 -1.912339478731155396e-01
-2.909511327743530273e-01 -1.411743760108947754e-01 -2.025817632675170898e-01
-2.903031706809997559e-01 -6.993619352579116821e-02 -1.948510110378265381e-01
-2.870855033397674561e-01 -1.293316930532455444e-01 -1.910816133022308350e-01
-2.916112542152404785e-01 -9.470868855714797974e-02 -1.914283037185668945e-01
-2.886045277118682861e-01 -8.340232074260711670e-02 -1.940625756978988647e-01
-3.352235555648803711e-01 -5.468525364995002747e-02 -2.077957242727279663e-01
-2.970554232597351074e-01 -4.904019087553024292e-02 -1.957914680242538452e-01
-2.821777164936065674e-01 -9.046982228755950928e-02 -1.905765831470489502e-01
-2.892062664031982422e-01 -1.483270823955535889e-01 -2.009602338075637817e-01
-2.828041613101959229e-01 -9.865865856409072876e-02 -1.907851397991180420e-01
-2.468620240688323975e-01 -1.602633595466613770e-01 -1.916437149047851562e-01
-2.690178155899047852e-01 -1.178557649254798889e-01 -1.906894892454147339e-01
-3.109916746616363525e-01 -9.040626138448715210e-02 -1.949373185634613037e-01
-2.611863613128662109e-01 -1.398171335458755493e-01 -1.940212398767471313e-01
-2.623897492885589600e-01 -1.409932374954223633e-01 -2.009210288524627686e-01
-3.343647420406341553e-01 -5.857710167765617371e-02 -2.063436508178710938e-01
-3.080038130283355713e-01 -4.401135072112083435e-02 -2.008097767829895020e-01
-3.296689987182617188e-01 -6.843967735767364502e-02 -2.021083235740661621e-01
-3.134190738201141357e-01 -1.051763594150543213e-01 -1.905957460403442383e-01
-2.796221673488616943e-01 -1.519211232662200928e-01 -2.015478014945983887e-01
-2.891730666160583496e-01 -1.431486457586288452e-01 -2.021566331386566162e-01
-2.344224452972412109e-01 -8.991611748933792114e-02 -1.890138834714889526e-01
-2.543771266937255859e-01 -1.513490527868270874e-01 -1.926675289869308472e-01
-2.893366515636444092e-01 -1.280136406421661377e-01 -1.907695531845092773e-01
-3.204165399074554443e-01 -8.670781552791595459e-02 -1.917224377393722534e-01
-3.304026722908020020e-01 -7.737386971712112427e-02 -1.938304752111434937e-01
-2.614734470844268799e-01 -1.261039078235626221e-01 -1.906865090131759644e-01
-2.599385678768157959e-01 -1.414475739002227783e-01 -1.920587271451950073e-01
-3.178346455097198486e-01 -5.530174821615219116e-02 -2.055970281362533569e-01
-3.004362583160400391e-01 -5.168366059660911560e-02 -1.970709115266799927e-01
-3.129087388515472412e-01 -4.701852798461914062e-02 -2.054632157087326050e-01
-3.099315762519836426e-01 -5.662170425057411194e-02 -1.995673328638076782e-01
-3.035218715667724609e-01 -4.600348323583602905e-02 -1.986953765153884888e-01
-2.880532741546630859e-01 -9.050177782773971558e-02 -1.936709433794021606e-01
-3.303109109401702881e-01 -6.800945848226547241e-02 -2.022802680730819702e-01
-2.589161694049835205e-01 -1.170031279325485229e-01 -1.887987703084945679e-01
-2.881415486335754395e-01 -6.765744835138320923e-02 -1.918100267648696899e-01
-2.818344235420227051e-01 -1.095060408115386963e-01 -1.908084154129028320e-01
-3.252476453781127930e-01 -8.535490930080413818e-02 -1.954877376556396484e-01
-2.842237055301666260e-01 -1.064869165420532227e-01 -1.908023357391357422e-01
-2.246242612600326538e-01 -1.067676842212677002e-01 -1.918333321809768677e-01
-3.006790578365325928e-01 -1.065432056784629822e-01 -2.117151916027069092e-01
-3.052125871181488037e-01 -1.120070368051528931e-01 -2.120239883661270142e-01
-2.702089846134185791e-01 -9.437120705842971802e-02 -1.900215148925781250e-01
-3.078680634498596191e-01 -1.075137481093406677e-01 -1.879292279481887817e-01
-3.286292552947998047e-01 -5.849220231175422668e-02 -2.063584029674530029e-01
-3.016205728054046631e-01 -1.400308310985565186e-01 -2.018371373414993286e-01
-2.867249548435211182e-01 -1.182226389646530151e-01 -1.924652010202407837e-01
-2.943760454654693604e-01 -1.389731317758560181e-01 -2.029679715633392334e-01
-2.808583974838256836e-01 -1.580781787633895874e-01 -2.000597864389419556e-01
-3.115325868129730225e-01 -8.294470608234405518e-02 -1.970406174659729004e-01
-2.743271589279174805e-01 -1.342322230339050293e-01 -1.905779689550399780e-01
-2.897527813911437988e-01 -8.150552213191986084e-02 -1.943636983633041382e-01
-2.743709683418273926e-01 -1.356644332408905029e-01 -1.928299069404602051e-01
-3.147965669631958008e-01 -8.631462603807449341e-02 -1.960690617561340332e-01
-2.772700488567352295e-01 -1.057829111814498901e-01 -1.905676126480102539e-01
-2.748496532440185547e-01 -8.643505722284317017e-02 -1.887018382549285889e-01
-3.152639865875244141e-01 -7.530682533979415894e-02 -1.992944180965423584e-01
-2.550602853298187256e-01 -1.656821072101593018e-01 -2.029232233762741089e-01
-2.811678946018218994e-01 -1.092068627476692200e-01 -1.908074617385864258e-01
-3.058913946151733398e-01 -9.451895952224731445e-02 -1.942760795354843140e-01
-3.061639070510864258e-01 -1.107680276036262512e-01 -1.905671209096908569e-01
-2.961022853851318359e-01 -1.351502686738967896e-01 -2.039371281862258911e-01
-2.672977149486541748e-01 -1.356943100690841675e-01 -2.012191265821456909e-01
-2.253749668598175049e-01 -1.238919124007225037e-01 -1.922848075628280640e-01
-2.732674777507781982e-01 -1.339164227247238159e-01 -1.907858103513717651e-01
-2.853181958198547363e-01 -1.450877934694290161e-01 -2.021588981151580811e-01
-2.811644375324249268e-01 -1.029956862330436707e-01 -1.907040625810623169e-01
-3.144684433937072754e-01 -7.421088218688964844e-02 -1.958811134099960327e-01
-2.723938226699829102e-01 -1.390097588300704956e-01 -1.928977221250534058e-01
-3.008571267127990723e-01 -8.532971143722534180e-02 -1.929090917110443115e-01
-2.772821784019470215e-01 -1.094088777899742126e-01 -1.927831918001174927e-01
-2.865227758884429932e-01 -1.145331561565399170e-01 -2.056456655263900757e-01
-3.320941030979156494e-01 -6.471891701221466064e-02 -1.989760994911193848e-01
-2.974017262458801270e-01 -7.404952496290206909e-02 -1.939370185136795044e-01
-2.598353624343872070e-01 -1.490074992179870605e-01 -1.919258087873458862e-01
-2.679033875465393066e-01 -1.445110291242599487e-01 -1.932024955749511719e-01
-3.160255253314971924e-01 -8.980167657136917114e-02 -1.911959052085876465e-01
-2.618963420391082764e-01 -1.053655296564102173e-01 -1.876823604106903076e-01
-2.673749327659606934e-01 -9.600391238927841187e-02 -1.893984228372573853e-01
-2.994261980056762695e-01 -1.046136021614074707e-01 -2.113782614469528198e-01
-3.234094381332397461e-01 -7.322669774293899536e-02 -2.003418505191802979e-01
-3.244791626930236816e-01 -7.216101884841918945e-02 -1.965237855911254883e-01
-2.866033911705017090e-01 -1.183342039585113525e-01 -2.056042253971099854e-01
-2.693791091442108154e-01 -1.389708518981933594e-01 -1.934089362621307373e-01
-3.172158002853393555e-01 -4.891351982951164246e-02 -2.033062577247619629e-01
-2.979368269443511963e-01 -5.666835606098175049e-02 -1.982890069484710693e-01
-2.877702116966247559e-01 -1.332770586013793945e-01 -1.902168542146682739e-01
-3.198673725128173828e-01 -9.156171977519989014e-02 -1.900617480278015137e-01
-2.757374644279479980e-01 -1.265587806701660156e-01 -1.908520311117172241e-01
-2.780249714851379395e-01 -1.092275753617286682e-01 -1.907413750886917114e-01
-2.804471850395202637e-01 -1.268595755100250244e-01 -2.036623507738113403e-01
-3.171234726905822754e-01 -8.705446124076843262e-02 -1.957171410322189331e-01
-2.877225279808044434e-01 -1.102674901485443115e-01 -1.928715854883193970e-01
-2.684095799922943115e-01 -1.229325383901596069e-01 -1.910334974527359009e-01
-3.326707780361175537e-01 -5.522343516349792480e-02 -2.077925205230712891e-01
-3.013823628425598145e-01 -1.078719347715377808e-01 -1.891167312860488892e-01
-2.559728920459747314e-01 -1.394934207201004028e-01 -1.915909051895141602e-01
-3.262765705585479736e-01 -7.114976644515991211e-02 -1.968199312686920166e-01
-2.756690979003906250e-01 -1.564803272485733032e-01 -2.013666480779647827e-01
-2.573846876621246338e-01 -1.464735567569732666e-01 -1.944624483585357666e-01
-2.944766879081726074e-01 -1.293383240699768066e-01 -1.892212480306625366e-01
-2.935920357704162598e-01 -1.263489872217178345e-01 -2.061328291893005371e-01
-2.899764478206634521e-01 -1.306719928979873657e-01 -2.047653496265411377e-01
-2.834198772907257080e-01 -1.197020038962364197e-01 -2.045544832944869995e-01
-2.979596257209777832e-01 -9.620293974876403809e-02 -1.912160068750381470e-01
-2.564804255962371826e-01 -1.604578047990798950e-01 -2.026184201240539551e-01
-2.990618944168090820e-01 -1.417444944381713867e-01 -2.016008049249649048e-01
-2.824110388755798340e-01 -7.191980630159378052e-02 -1.919290274381637573e-01
-2.907473742961883545e-01 -6.646490097045898438e-02 -1.950815618038177490e-01
-3.158871531486511230e-01 -6.694543361663818359e-02 -1.980876028537750244e-01
-3.156316578388214111e-01 -8.332524448633193970e-02 -1.969401091337203979e-01
-3.204473555088043213e-01 -9.089678525924682617e-02 -1.940865367650985718e-01
-2.605591118335723877e-01 -1.189451962709426880e-01 -1.912353634834289551e-01
-3.361297547817230225e-01 -5.444377288222312927e-02 -2.077552825212478638e-01
-2.867134511470794678e-01 -1.435435712337493896e-01 -2.023167014122009277e-01
-2.623564302921295166e-01 -1.300802528858184814e-01 -1.912528127431869507e-01
-2.840799391269683838e-01 -1.314457952976226807e-01 -1.888476908206939697e-01
-3.261274993419647217e-01 -8.694849163293838501e-02 -1.947603076696395874e-01
-2.898178994655609131e-01 -9.508863091468811035e-02 -1.913491934537887573e-01
-3.139702081680297852e-01 -8.215585350990295410e-02 -1.972927898168563843e-01
-2.823264002799987793e-01 -1.126303598284721375e-01 -2.039962261915206909e-01
-2.817397415637969971e-01 -1.232072710990905762e-01 -1.902758032083511353e-01
-2.907890081405639648e-01 -1.149266585707664490e-01 -1.922770440578460693e-01
-2.964942753314971924e-01 -1.186408102512359619e-01 -1.881218552589416504e-01
-2.741824984550476074e-01 -8.791109919548034668e-02 -1.886689960956573486e-01
-3.134900033473968506e-01 -4.664535075426101685e-02 -2.057521194219589233e-01
-2.813509106636047363e-01 -9.919362515211105347e-02 -1.928132027387619019e-01
-2.763724327087402344e-01 -1.581517308950424194e-01 -2.009306699037551880e-01
-2.785640358924865723e-01 -1.164812073111534119e-01 -1.907797008752822876e-01
-2.914776802062988281e-01 -1.404822319746017456e-01 -2.027359008789062500e-01
-2.973799705505371094e-01 -4.929043352603912354e-02 -1.959244906902313232e-01
-2.911155819892883301e-01 -1.055325791239738464e-01 -2.076267451047897339e-01
-2.907107174396514893e-01 -1.091824769973754883e-01 -1.928149908781051636e-01
-2.565706670284271240e-01 -1.440903097391128540e-01 -1.941850036382675171e-01
-2.758095562458038330e-01 -1.030542701482772827e-01 -1.902575641870498657e-01
-3.015145957469940186e-01 -5.267970636487007141e-02 -1.974090039730072021e-01
-2.518017888069152832e-01 -1.563180238008499146e-01 -1.919593513011932373e-01
-2.828634977340698242e-01 -1.106906980276107788e-01 -1.930102258920669556e-01
-2.844455540180206299e-01 -1.053062826395034790e-01 -1.930676400661468506e-01
-2.756800949573516846e-01 -8.844022452831268311e-02 -1.909197419881820679e-01
-3.210352361202239990e-01 -6.831564009189605713e-02 -1.979594528675079346e-01
-3.231824934482574463e-01 -8.278434723615646362e-02 -1.927514821290969849e-01
-3.085384666919708252e-01 -1.038636043667793274e-01 -1.886065751314163208e-01
-2.729113698005676270e-01 -1.397279202938079834e-01 -1.927206665277481079e-01
-2.939874827861785889e-01 -1.163386553525924683e-01 -1.890273988246917725e-01
-2.557559013366699219e-01 -1.351018249988555908e-01 -1.909101605415344238e-01
-3.073470592498779297e-01 -1.265292465686798096e-01 -2.069544941186904907e-01
-2.640931308269500732e-01 -1.648745238780975342e-01 -2.020041644573211670e-01
-3.019062578678131104e-01 -9.704514592885971069e-02 -1.938946545124053955e-01
-2.811195552349090576e-01 -8.046957105398178101e-02 -1.899199336767196655e-01
-2.715207636356353760e-01 -1.223485171794891357e-01 -1.910744905471801758e-01
-2.609156668186187744e-01 -1.135442629456520081e-01 -1.904253512620925903e-01
-3.192990720272064209e-01 -6.757944822311401367e-02 -1.981406360864639282e-01
-2.961523234844207764e-01 -7.392223924398422241e-02 -1.964382380247116089e-01
-3.027532994747161865e-01 -1.135183647274971008e-01 -2.109449505805969238e-01
-2.927346229553222656e-01 -1.009052246809005737e-01 -1.909751743078231812e-01
-2.979629039764404297e-01 -7.958318293094635010e-02 -1.961882263422012329e-01
-3.085384070873260498e-01 -1.147325560450553894e-01 -2.117526680231094360e-01
-3.154552578926086426e-01 -1.090506538748741150e-01 -2.145582437515258789e-01
-2.879191339015960693e-01 -1.308704614639282227e-01 -1.906328201293945312e-01
-2.870435714721679688e-01 -6.302203238010406494e-02 -1.914597749710083008e-01
-3.144319057464599609e-01 -5.021193623542785645e-02 -2.056208550930023193e-01
-2.722118794918060303e-01 -1.336545050144195557e-01 -1.909663528203964233e-01
-3.031463325023651123e-01 -1.277571171522140503e-01 -2.063950002193450928e-01
-3.332494199275970459e-01 -6.157535687088966370e-02 -2.050463110208511353e-01
-2.909680902957916260e-01 -1.099838986992835999e-01 -2.075389772653579712e-01
-3.318369686603546143e-01 -6.908969581127166748e-02 -2.017144411802291870e-01
-3.100300431251525879e-01 -6.726698577404022217e-02 -1.972306668758392334e-01
-3.124595284461975098e-01 -1.092990115284919739e-01 -2.143470197916030884e-01
-3.171853721141815186e-01 -5.853205174207687378e-02 -2.045117914676666260e-01
-2.781369090080261230e-01 -1.284148842096328735e-01 -2.031264901161193848e-01
-2.702691256999969482e-01 -1.212141215801239014e-01 -1.930000185966491699e-01
-3.097114562988281250e-01 -8.065069466829299927e-02 -1.975429654121398926e-01
-2.870489060878753662e-01 -1.158403456211090088e-01 -1.926169097423553467e-01
-2.705507278442382812e-01 -1.132649034261703491e-01 -1.904167234897613525e-01
-2.970520257949829102e-01 -9.575154632329940796e-02 -1.940815001726150513e-01
-2.946116924285888672e-01 -1.296772062778472900e-01 -2.054626345634460449e-01
-2.824648320674896240e-01 -1.278243958950042725e-01 -1.897254139184951782e-01
-2.665888071060180664e-01 -1.636255830526351929e-01 -2.017551660537719727e-01
-2.828712165355682373e-01 -9.269597381353378296e-02 -1.907450109720230103e-01
-2.708102166652679443e-01 -9.225179255008697510e-02 -1.899468302726745605e-01
-2.768159806728363037e-01 -9.941080212593078613e-02 -1.901043504476547241e-01
-2.792483270168304443e-01 -1.279144585132598877e-01 -1.902938336133956909e-01
-2.857454419136047363e-01 -8.246953040361404419e-02 -1.933773458003997803e-01
-2.727218270301818848e-01 -1.261796951293945312e-01 -1.911078840494155884e-01
-2.561352849006652832e-01 -1.489014625549316406e-01 -2.008563131093978882e-01
-2.851897180080413818e-01 -1.110508441925048828e-01 -1.906491965055465698e-01
-2.983059883117675781e-01 -6.744752824306488037e-02 -1.949059665203094482e-01
-2.707282304763793945e-01 -1.391089409589767456e-01 -2.021657973527908325e-01
-2.807244360446929932e-01 -1.160384789109230042e-01 -2.035376876592636108e-01
-2.800429761409759521e-01 -1.088409721851348877e-01 -1.907948702573776245e-01
-2.988443076610565186e-01 -6.894627213478088379e-02 -1.976172477006912231e-01
-2.969285249710083008e-01 -1.172270402312278748e-01 -1.882780492305755615e-01
-2.806117534637451172e-01 -1.559921205043792725e-01 -2.006056755781173706e-01
-2.952643036842346191e-01 -7.920615375041961670e-02 -1.930477172136306763e-01
-3.043903112411499023e-01 -6.225059553980827332e-02 -2.001772522926330566e-01
-2.966576516628265381e-01 -1.007046103477478027e-01 -1.907912939786911011e-01
-2.893935441970825195e-01 -1.364377588033676147e-01 -2.037211507558822632e-01
-3.045912086963653564e-01 -1.009873598814010620e-01 -2.136525064706802368e-01
-2.678916454315185547e-01 -1.434724479913711548e-01 -1.933205723762512207e-01
-3.324787020683288574e-01 -7.419789582490921021e-02 -1.949010789394378662e-01
-2.713642120361328125e-01 -1.243766695261001587e-01 -1.932251453399658203e-01
-3.255004584789276123e-01 -8.867286145687103271e-02 -1.941965222358703613e-01
-2.727067172527313232e-01 -1.020336449146270752e-01 -1.897222548723220825e-01
-3.123874664306640625e-01 -1.086925640702247620e-01 -1.896832287311553955e-01
-2.570347487926483154e-01 -1.507614403963088989e-01 -1.923098862171173096e-01
-3.267184495925903320e-01 -5.478563904762268066e-02 -2.031566351652145386e-01
-2.600356340408325195e-01 -1.145438179373741150e-01 -1.903555542230606079e-01
-3.019033968448638916e-01 -1.085212752223014832e-01 -1.889017969369888306e-01
-3.345679938793182373e-01 -6.822271645069122314e-02 -2.018746435642242432e-01
-3.032388389110565186e-01 -1.359651833772659302e-01 -2.033348977565765381e-01
-2.632970809936523438e-01 -1.431266665458679199e-01 -2.014199495315551758e-01
-2.684522271156311035e-01 -1.015159338712692261e-01 -1.888227611780166626e-01
-2.790395021438598633e-01 -1.461502462625503540e-01 -2.023777961730957031e-01
-2.748415768146514893e-01 -1.124883592128753662e-01 -1.927400529384613037e-01
-3.078010678291320801e-01 -1.084773764014244080e-01 -2.137243747711181641e-01
-2.772505581378936768e-01 -1.054324358701705933e-01 -1.905469596385955811e-01
-3.018527030944824219e-01 -9.539049118757247925e-02 -1.942153126001358032e-01
-3.116275966167449951e-01 -1.141885444521903992e-01 -2.123363912105560303e-01
-3.135114908218383789e-01 -8.059393614530563354e-02 -1.977152824401855469e-01
-3.186906576156616211e-01 -7.836824655532836914e-02 -1.946268826723098755e-01
-3.061860203742980957e-01 -6.898993253707885742e-02 -1.994948685169219971e-01
-2.719222605228424072e-01 -1.184575781226158142e-01 -1.908961683511734009e-01
-2.867286205291748047e-01 -1.152297481894493103e-01 -1.902628839015960693e-01
-3.046093285083770752e-01 -5.443847551941871643e-02 -1.983307451009750366e-01
-2.941826283931732178e-01 -1.010175794363021851e-01 -1.909057945013046265e-01
-3.021264076232910156e-01 -8.260984718799591064e-02 -1.963768005371093750e-01
-2.599591910839080811e-01 -1.157928183674812317e-01 -1.905509680509567261e-01
-3.065840601921081543e-01 -1.003865525126457214e-01 -1.896666437387466431e-01
-2.956939041614532471e-01 -1.191611438989639282e-01 -1.882117092609405518e-01
-3.123998343944549561e-01 -1.011243388056755066e-01 -1.919795274734497070e-01
-2.700087726116180420e-01 -1.638980358839035034e-01 -2.010478973388671875e-01
-2.934443652629852295e-01 -1.477805376052856445e-01 -2.003646492958068848e-01
-3.101574480533599854e-01 -8.519813418388366699e-02 -1.964063793420791626e-01
-2.659543156623840332e-01 -1.345107257366180420e-01 -1.937023401260375977e-01
-3.005470633506774902e-01 -1.111779958009719849e-01 -1.886127591133117676e-01
-2.686270773410797119e-01 -1.328926086425781250e-01 -1.914014965295791626e-01
-3.335331082344055176e-01 -5.199527367949485779e-02 -2.089713513851165771e-01
-2.841300964355468750e-01 -9.506484121084213257e-02 -1.909300684928894043e-01
-3.076496422290802002e-01 -9.977123886346817017e-02 -1.929436475038528442e-01
-2.751987874507904053e-01 -9.239159524440765381e-02 -1.893174052238464355e-01
-2.681919932365417480e-01 -1.089869663119316101e-01 -1.914643794298171997e-01
-3.047437369823455811e-01 -7.789366692304611206e-02 -1.976279616355895996e-01
-2.855629026889801025e-01 -8.995335549116134644e-02 -1.910567879676818848e-01
-3.055171072483062744e-01 -5.364640429615974426e-02 -1.987324059009552002e-01
-2.647640407085418701e-01 -1.561293601989746094e-01 -2.025121599435806274e-01
-2.860780358314514160e-01 -7.873558253049850464e-02 -1.934291273355484009e-01
-3.297490775585174561e-01 -6.472726911306381226e-02 -2.037435770034790039e-01
-3.288885653018951416e-01 -7.729745656251907349e-02 -1.940747797489166260e-01
-2.904201447963714600e-01 -9.787575900554656982e-02 -1.912246048450469971e-01
-2.892197966575622559e-01 -1.082575768232345581e-01 -2.068231850862503052e-01
-3.018781840801239014e-01 -1.153086796402931213e-01 -1.874667108058929443e-01
-2.881118953227996826e-01 -1.411184370517730713e-01 -2.027071565389633179e-01
-2.599952518939971924e-01 -1.423041522502899170e-01 -1.920960396528244019e-01
-3.085544407367706299e-01 -1.105783432722091675e-01 -1.900997608900070190e-01
-3.232032358646392822e-01 -6.583717465400695801e-02 -1.988559067249298096e-01
-2.669690847396850586e-01 -1.204665377736091614e-01 -1.926341056823730469e-01
-3.161838948726654053e-01 -7.086188346147537231e-02 -2.007680833339691162e-01
-3.000931441783905029e-01 -1.027042567729949951e-01 -1.929582059383392334e-01
-3.107325732707977295e-01 -6.108580157160758972e-02 -1.988381147384643555e-01
-2.964492440223693848e-01 -7.014533877372741699e-02 -1.968363821506500244e-01
-2.976563572883605957e-01 -7.041803002357482910e-02 -1.971604824066162109e-01
-2.957849502563476562e-01 -1.069115996360778809e-01 -1.900536715984344482e-01
-3.002388775348663330e-01 -5.136214196681976318e-02 -1.970142573118209839e-01
-3.059911727905273438e-01 -7.458825409412384033e-02 -1.952362656593322754e-01
-3.289752006530761719e-01 -7.761191576719284058e-02 -1.983003169298171997e-01
-2.583967745304107666e-01 -1.337766200304031372e-01 -1.912150084972381592e-01
-3.067355155944824219e-01 -1.131779626011848450e-01 -1.868162900209426880e-01
-3.217280209064483643e-01 -7.639420032501220703e-02 -1.950492411851882935e-01
-3.014903068542480469e-01 -1.190285235643386841e-01 -2.091705948114395142e-01
-3.264137804508209229e-01 -6.219895556569099426e-02 -2.047055959701538086e-01
-2.825880944728851318e-01 -7.531377673149108887e-02 -1.922073662281036377e-01
-3.201486766338348389e-01 -5.470661073923110962e-02 -2.063675820827484131e-01
-2.753407359123229980e-01 -8.855803310871124268e-02 -1.908382773399353027e-01
-3.024051487445831299e-01 -8.599009364843368530e-02 -1.928578019142150879e-01
-2.735029458999633789e-01 -1.620241254568099976e-01 -2.007113993167877197e-01
-2.723904848098754883e-01 -9.611825644969940186e-02 -1.908191591501235962e-01
-2.561342716217041016e-01 -1.345078349113464355e-01 -1.909029930830001831e-01
-2.749420404434204102e-01 -1.078308224678039551e-01 -1.904753297567367554e-01
-2.778101563453674316e-01 -1.287322789430618286e-01 -1.928142309188842773e-01
-3.153450787067413330e-01 -6.333823502063751221e-02 -1.990605294704437256e-01
-2.954365313053131104e-01 -1.138499677181243896e-01 -1.891124844551086426e-01
-2.836970388889312744e-01 -1.137856692075729370e-01 -1.906235963106155396e-01
-3.302432894706726074e-01 -6.362324208021163940e-02 -1.995632350444793701e-01
-2.986808121204376221e-01 -4.912415891885757446e-02 -1.964915543794631958e-01
-2.625608444213867188e-01 -1.340722441673278809e-01 -1.936031430959701538e-01
-2.611806690692901611e-01 -1.066441908478736877e-01 -1.876942366361618042e-01
-2.995677292346954346e-01 -1.165989115834236145e-01 -1.877849698066711426e-01
-2.850592732429504395e-01 -8.003963530063629150e-02 -1.909801065921783447e-01
-2.921100556850433350e-01 -1.071114838123321533e-01 -1.903529763221740723e-01
-2.335889935493469238e-01 -8.292279392480850220e-02 -1.895658969879150391e-01
-3.050890862941741943e-01 -5.637126043438911438e-02 -2.011518925428390503e-01
-2.775437831878662109e-01 -1.065492257475852966e-01 -1.906208544969558716e-01
-3.023941516876220703e-01 -1.176853552460670471e-01 -2.096973508596420288e-01
-3.028423190116882324e-01 -1.092917546629905701e-01 -1.885740160942077637e-01
-3.036143779754638672e-01 -1.355079859495162964e-01 -2.034842520952224731e-01
-3.184609115123748779e-01 -6.638821959495544434e-02 -2.023674696683883667e-01
-3.277188837528228760e-01 -5.089494958519935608e-02 -2.047243118286132812e-01
-2.808038294315338135e-01 -1.158074140548706055e-01 -1.929834783077239990e-01
-2.695710062980651855e-01 -1.398935317993164062e-01 -1.933245509862899780e-01
-2.736642658710479736e-01 -1.231606602668762207e-01 -1.910483837127685547e-01
-2.866940200328826904e-01 -1.277818083763122559e-01 -2.047661095857620239e-01
-3.100593984127044678e-01 -1.050736904144287109e-01 -1.912031471729278564e-01
-3.231357932090759277e-01 -8.827503770589828491e-02 -1.946963816881179810e-01
-3.310965299606323242e-01 -7.619856297969818115e-02 -1.942372620105743408e-01
-3.027213215827941895e-01 -6.493786722421646118e-02 -1.962383687496185303e-01
-2.836181521415710449e-01 -8.090885728597640991e-02 -1.906086057424545288e-01
-2.649464607238769531e-01 -1.469424217939376831e-01 -1.910156756639480591e-01
-3.129230141639709473e-01 -1.134187430143356323e-01 -2.127675563097000122e-01
-2.686870992183685303e-01 -1.019964963197708130e-01 -1.906598806381225586e-01
-3.082037866115570068e-01 -4.827917367219924927e-02 -2.032903283834457397e-01
-2.703395187854766846e-01 -8.749619126319885254e-02 -1.875146031379699707e-01
-2.888561785221099854e-01 -8.886191248893737793e-02 -1.939059197902679443e-01
-3.073019087314605713e-01 -7.894593477249145508e-02 -1.944167613983154297e-01
-2.879773974418640137e-01 -1.079579889774322510e-01 -1.906098723411560059e-01
-2.959404587745666504e-01 -1.221623495221138000e-01 -1.903468221426010132e-01
-2.883157730102539062e-01 -8.302205055952072144e-02 -1.940054744482040405e-01
-2.980493009090423584e-01 -6.846975535154342651e-02 -1.947390437126159668e-01
-2.709219157695770264e-01 -9.213326871395111084e-02 -1.882098466157913208e-01
-3.229745626449584961e-01 -6.054070219397544861e-02 -2.006325870752334595e-01
-2.966929078102111816e-01 -1.082273125648498535e-01 -1.924977600574493408e-01
-2.929662168025970459e-01 -1.279653757810592651e-01 -1.899161636829376221e-01
-3.115126192569732666e-01 -4.935291409492492676e-02 -2.045974433422088623e-01
-2.756838202476501465e-01 -1.116172671318054199e-01 -1.927653551101684570e-01
-3.040828704833984375e-01 -6.427754461765289307e-02 -1.997773498296737671e-01
-3.150953948497772217e-01 -7.638148963451385498e-02 -1.953079998493194580e-01
-2.932193577289581299e-01 -8.606328815221786499e-02 -1.948100775480270386e-01
-3.095703423023223877e-01 -9.345960617065429688e-02 -1.910533756017684937e-01
-2.517628371715545654e-01 -1.564131081104278564e-01 -1.956139355897903442e-01
-3.299424052238464355e-01 -8.110011368989944458e-02 -1.966756433248519897e-01
-2.880851030349731445e-01 -1.152678355574607849e-01 -1.925536990165710449e-01
-2.952202260494232178e-01 -1.151663884520530701e-01 -1.915990412235260010e-01
-2.779505252838134766e-01 -1.485897302627563477e-01 -2.021675407886505127e-01
-3.150672316551208496e-01 -7.173455506563186646e-02 -2.003804147243499756e-01
-2.681146562099456787e-01 -1.456934362649917603e-01 -2.023050338029861450e-01
-3.273006081581115723e-01 -7.225220650434494019e-02 -2.006263583898544312e-01
-2.862214148044586182e-01 -8.154147118330001831e-02 -1.934990286827087402e-01
-3.126077055931091309e-01 -8.139148354530334473e-02 -1.939387023448944092e-01
-2.691910266876220703e-01 -1.261300742626190186e-01 -2.004143595695495605e-01
-2.707439959049224854e-01 -1.653755605220794678e-01 -2.005414664745330811e-01
-2.739942073822021484e-01 -1.382868438959121704e-01 -2.025953084230422974e-01
-2.827325463294982910e-01 -1.121908351778984070e-01 -1.907348036766052246e-01
-2.912884354591369629e-01 -9.632976353168487549e-02 -1.913289874792098999e-01
-2.673557400703430176e-01 -1.175837889313697815e-01 -1.904977560043334961e-01
-2.852375209331512451e-01 -8.067813515663146973e-02 -1.932238638401031494e-01
-3.113707900047302246e-01 -6.273762136697769165e-02 -1.985822170972824097e-01
-3.036389350891113281e-01 -1.264045983552932739e-01 -2.069313675165176392e-01
-2.921878695487976074e-01 -6.883633136749267578e-02 -1.930874437093734741e-01
-3.130834996700286865e-01 -1.079644560813903809e-01 -1.897760182619094849e-01
-3.155122697353363037e-01 -6.269987672567367554e-02 -1.992599517107009888e-01
-2.749383151531219482e-01 -8.948457241058349609e-02 -1.908258050680160522e-01
-3.001699447631835938e-01 -6.538523733615875244e-02 -1.983568519353866577e-01
-2.832250595092773438e-01 -1.332079321146011353e-01 -1.913679242134094238e-01
-3.002872467041015625e-01 -7.234019786119461060e-02 -1.947516798973083496e-01
-2.560437321662902832e-01 -1.532660871744155884e-01 -1.946776509284973145e-01
-3.142710328102111816e-01 -9.470490366220474243e-02 -1.901189088821411133e-01
-2.318651527166366577e-01 -1.033421531319618225e-01 -1.897795945405960083e-01
-3.159881234169006348e-01 -7.334958761930465698e-02 -1.999765485525131226e-01
-2.973349690437316895e-01 -7.824636995792388916e-02 -1.934148669242858887e-01
-3.132678866386413574e-01 -9.618951380252838135e-02 -1.932322084903717041e-01
-2.895711958408355713e-01 -7.729569822549819946e-02 -1.920807957649230957e-01
-2.639228403568267822e-01 -1.188411414623260498e-01 -1.919550001621246338e-01
-2.871173024177551270e-01 -1.192299872636795044e-01 -2.057157158851623535e-01
-2.797939777374267578e-01 -1.138237342238426208e-01 -1.907909363508224487e-01
-3.022981882095336914e-01 -7.012937963008880615e-02 -1.954549551010131836e-01
-2.808459103107452393e-01 -1.085033118724822998e-01 -1.908056735992431641e-01
-2.948404252529144287e-01 -1.312042474746704102e-01 -2.050743997097015381e-01
-2.616908848285675049e-01 -1.539937555789947510e-01 -2.023978233337402344e-01
-2.926696538925170898e-01 -1.214401051402091980e-01 -1.884945929050445557e-01
-2.951838076114654541e-01 -6.927395612001419067e-02 -1.965110599994659424e-01
-2.891803979873657227e-01 -1.372432410717010498e-01 -2.035527229309082031e-01
-3.092714548110961914e-01 -8.925248682498931885e-02 -1.920548528432846069e-01
-2.904638350009918213e-01 -1.232071444392204285e-01 -1.913190186023712158e-01
-2.821998000144958496e-01 -1.359278857707977295e-01 -2.033871561288833618e-01
-2.779345810413360596e-01 -1.277317702770233154e-01 -2.030708193778991699e-01
-2.952283024787902832e-01 -1.209436282515525818e-01 -2.074665874242782593e-01
-2.873497009277343750e-01 -1.234881356358528137e-01 -2.054326385259628296e-01
-2.547347843647003174e-01 -1.470245569944381714e-01 -1.943428516387939453e-01
-3.126279413700103760e-01 -8.420597016811370850e-02 -1.967131346464157104e-01
-2.512767612934112549e-01 -1.560271829366683960e-01 -1.931240409612655640e-01
-2.851690351963043213e-01 -1.334433853626251221e-01 -2.039897590875625610e-01
-2.835474908351898193e-01 -1.365580111742019653e-01 -1.906936615705490112e-01
-3.130358457565307617e-01 -4.688586667180061340e-02 -2.055321782827377319e-01
-2.904048264026641846e-01 -1.374794989824295044e-01 -2.034999579191207886e-01
-3.064159452915191650e-01 -1.116782054305076599e-01 -1.903083026409149170e-01
-2.544698119163513184e-01 -1.476219743490219116e-01 -1.943863928318023682e-01
-2.907835543155670166e-01 -8.195985108613967896e-02 -1.945781260728836060e-01
-3.318848609924316406e-01 -6.758233159780502319e-02 -2.023968398571014404e-01
-3.049540817737579346e-01 -8.558709174394607544e-02 -1.960474252700805664e-01
-2.780202031135559082e-01 -1.386000812053680420e-01 -1.891150325536727905e-01
-2.888338267803192139e-01 -1.299797892570495605e-01 -2.047733813524246216e-01
-2.797978818416595459e-01 -1.137846857309341431e-01 -1.907913684844970703e-01
-2.586501538753509521e-01 -1.440568119287490845e-01 -1.922176331281661987e-01
-2.595564126968383789e-01 -1.482507288455963135e-01 -1.920602470636367798e-01
-2.779405117034912109e-01 -1.318339556455612183e-01 -1.925735771656036377e-01
-2.760689556598663330e-01 -1.244534403085708618e-01 -2.024324983358383179e-01
-2.603034079074859619e-01 -1.280619055032730103e-01 -1.925814002752304077e-01
-3.180217146873474121e-01 -6.421072781085968018e-02 -2.029438465833663940e-01
-2.697521746158599854e-01 -1.401915401220321655e-01 -1.932708621025085449e-01
-2.979325652122497559e-01 -5.553819984197616577e-02 -1.983405351638793945e-01
-2.572477161884307861e-01 -1.471830010414123535e-01 -1.945120692253112793e-01
-3.140928447246551514e-01 -5.272604152560234070e-02 -2.050310075283050537e-01
-2.892136275768280029e-01 -9.933383762836456299e-02 -1.935371011495590210e-01
-3.047107160091400146e-01 -7.133814692497253418e-02 -1.956694275140762329e-01
-2.730709910392761230e-01 -8.892522752285003662e-02 -1.884697228670120239e-01
-2.953408956527709961e-01 -1.072447672486305237e-01 -2.094259411096572876e-01
-2.833816707134246826e-01 -1.250711381435394287e-01 -1.898519694805145264e-01
-2.991730868816375732e-01 -1.382940262556076050e-01 -2.027379870414733887e-01
-2.809076905250549316e-01 -7.635877281427383423e-02 -1.897258460521697998e-01
-3.018545806407928467e-01 -7.986254245042800903e-02 -1.937284916639328003e-01
-3.028707206249237061e-01 -6.043147668242454529e-02 -1.999021619558334351e-01
-2.912775278091430664e-01 -8.579775691032409668e-02 -1.919756829738616943e-01
-2.603459060192108154e-01 -1.153034567832946777e-01 -1.888960748910903931e-01
-2.827166616916656494e-01 -1.201648041605949402e-01 -1.903326213359832764e-01
-2.723177969455718994e-01 -1.360890865325927734e-01 -1.931304186582565308e-01
-2.707877457141876221e-01 -9.444853663444519043e-02 -1.901983171701431274e-01
-3.050061166286468506e-01 -1.132081747055053711e-01 -1.872325092554092407e-01
-2.940618693828582764e-01 -1.029575094580650330e-01 -1.907074451446533203e-01
-2.862938642501831055e-01 -6.526509672403335571e-02 -1.911688745021820068e-01
-3.050114214420318604e-01 -7.402551919221878052e-02 -1.952277272939682007e-01
-2.612296938896179199e-01 -1.315636783838272095e-01 -1.932012140750885010e-01
-2.800662219524383545e-01 -1.559174209833145142e-01 -2.007287591695785522e-01
-2.984150946140289307e-01 -7.444657385349273682e-02 -1.969506889581680298e-01
-2.937078177928924561e-01 -1.188602745532989502e-01 -1.913555562496185303e-01
-2.711416184902191162e-01 -1.417404413223266602e-01 -1.928532123565673828e-01
-3.011420369148254395e-01 -1.311819553375244141e-01 -2.052161395549774170e-01
-3.197186887264251709e-01 -8.009912818670272827e-02 -1.977980285882949829e-01
-3.313246369361877441e-01 -7.526651024818420410e-02 -1.990525871515274048e-01
-3.276981413364410400e-01 -8.541814982891082764e-02 -1.950955241918563843e-01
-3.350030779838562012e-01 -6.595699489116668701e-02 -1.981243640184402466e-01
-2.842734754085540771e-01 -7.936779409646987915e-02 -1.929178833961486816e-01
-2.974824905395507812e-01 -1.030838340520858765e-01 -1.931203156709671021e-01
-2.711458206176757812e-01 -1.388423293828964233e-01 -1.931365281343460083e-01
-2.818635702133178711e-01 -1.564434021711349487e-01 -2.002505809068679810e-01
-2.643594741821289062e-01 -1.283777505159378052e-01 -1.912364363670349121e-01
-2.773465216159820557e-01 -8.509504050016403198e-02 -1.910239607095718384e-01
-3.013717532157897949e-01 -5.523045733571052551e-02 -1.998057961463928223e-01
-2.721616029739379883e-01 -1.244872882962226868e-01 -1.932335197925567627e-01
-2.684439718723297119e-01 -1.269060522317886353e-01 -1.932968795299530029e-01
-2.972566485404968262e-01 -1.127597764134407043e-01 -1.916999369859695435e-01
-3.277305066585540771e-01 -5.607520043849945068e-02 -2.072461694478988647e-01
-3.105080425739288330e-01 -6.007407605648040771e-02 -1.990103125572204590e-01
-2.776350378990173340e-01 -1.091230288147926331e-01 -1.907207220792770386e-01
-2.855530679225921631e-01 -8.753380924463272095e-02 -1.910049170255661011e-01
-3.127664327621459961e-01 -9.116860479116439819e-02 -1.946443915367126465e-01
-2.838699519634246826e-01 -1.360953599214553833e-01 -1.906984597444534302e-01
-2.908997535705566406e-01 -6.819473206996917725e-02 -1.927187591791152954e-01
-2.596526145935058594e-01 -1.263246536254882812e-01 -1.904085874557495117e-01
-3.151429593563079834e-01 -6.859105080366134644e-02 -2.013061046600341797e-01
-2.855626642704010010e-01 -1.270471513271331787e-01 -1.891805231571197510e-01
-2.596651315689086914e-01 -1.418706327676773071e-01 -2.004106938838958740e-01
-2.828425467014312744e-01 -1.319152116775512695e-01 -1.916416734457015991e-01
-2.831999659538269043e-01 -1.473458707332611084e-01 -2.019350826740264893e-01
-2.978577315807342529e-01 -1.297166943550109863e-01 -2.056428939104080200e-01
-3.117296695709228516e-01 -4.937780275940895081e-02 -2.046841979026794434e-01
-2.651197612285614014e-01 -1.676989048719406128e-01 -2.012806683778762817e-01
-3.187929689884185791e-01 -6.430312991142272949e-02 -1.991474181413650513e-01
-3.077321350574493408e-01 -1.299358606338500977e-01 -2.054633349180221558e-01
-3.164558410644531250e-01 -1.100863218307495117e-01 -2.140780389308929443e-01
-3.056532144546508789e-01 -1.078255772590637207e-01 -1.883289217948913574e-01
-2.885920107364654541e-01 -1.181740686297416687e-01 -2.062031626701354980e-01
-2.869954705238342285e-01 -1.129758656024932861e-01 -1.904045194387435913e-01
-3.125274777412414551e-01 -9.226085990667343140e-02 -1.943296045064926147e-01
-2.935646474361419678e-01 -8.506722748279571533e-02 -1.923395693302154541e-01
-2.884821295738220215e-01 -1.058387756347656250e-01 -1.906702667474746704e-01
-2.887340784072875977e-01 -1.295337080955505371e-01 -1.906603127717971802e-01
-2.904966771602630615e-01 -1.397107094526290894e-01 -2.029746025800704956e-01
-2.607704401016235352e-01 -1.560521125793457031e-01 -2.024884372949600220e-01
-3.032388985157012939e-01 -1.075809374451637268e-01 -2.125160247087478638e-01
-2.949286401271820068e-01 -6.443744152784347534e-02 -1.966415494680404663e-01
-2.881000936031341553e-01 -6.100484728813171387e-02 -1.918657720088958740e-01
-3.036066889762878418e-01 -6.753595173358917236e-02 -1.960768401622772217e-01
-2.692897021770477295e-01 -1.204229220747947693e-01 -1.928655654191970825e-01
-2.776181697845458984e-01 -1.145246624946594238e-01 -1.908059418201446533e-01
-2.654833197593688965e-01 -1.353064626455307007e-01 -1.937483549118041992e-01
-3.201227784156799316e-01 -8.700143545866012573e-02 -1.954955458641052246e-01
-2.577174007892608643e-01 -1.592563390731811523e-01 -2.025802135467529297e-01
-3.038705885410308838e-01 -6.541842967271804810e-02 -1.995305866003036499e-01
-3.057507276535034180e-01 -6.058037281036376953e-02 -1.977476477622985840e-01
-2.898131310939788818e-01 -7.649759203195571899e-02 -1.921519488096237183e-01
-3.106634914875030518e-01 -9.373564273118972778e-02 -1.908629983663558960e-01
-2.627905309200286865e-01 -1.229176446795463562e-01 -1.904792189598083496e-01
-2.827650606632232666e-01 -1.179510653018951416e-01 -2.043424993753433228e-01
-3.036240935325622559e-01 -1.184515655040740967e-01 -2.096614688634872437e-01
-2.989786565303802490e-01 -5.962490662932395935e-02 -1.985238343477249146e-01
-3.122107088565826416e-01 -6.737267971038818359e-02 -2.011562734842300415e-01
-2.809732258319854736e-01 -9.155115485191345215e-02 -1.904207170009613037e-01
-2.632939815521240234e-01 -1.401087939739227295e-01 -2.009834647178649902e-01
-2.827720046043395996e-01 -7.996407151222229004e-02 -1.903747767210006714e-01
-2.791885733604431152e-01 -1.310358196496963501e-01 -2.033135294914245605e-01
-3.181020617485046387e-01 -7.014440745115280151e-02 -2.011763155460357666e-01
-3.282999098300933838e-01 -6.759837269783020020e-02 -1.980796009302139282e-01
-2.871781885623931885e-01 -7.141782343387603760e-02 -1.936858743429183960e-01
-2.626962661743164062e-01 -1.481508612632751465e-01 -2.019266933202743530e-01
-3.011654019355773926e-01 -7.485841214656829834e-02 -1.975088119506835938e-01
-2.831535339355468750e-01 -1.145842969417572021e-01 -1.906228065490722656e-01
-2.618374526500701904e-01 -1.178914457559585571e-01 -1.913737058639526367e-01
-3.195242583751678467e-01 -7.942995429039001465e-02 -1.942444741725921631e-01
-2.743671834468841553e-01 -1.169639676809310913e-01 -1.908689141273498535e-01
-3.162500858306884766e-01 -1.117016822099685669e-01 -2.134659588336944580e-01
-3.153618276119232178e-01 -7.354106009006500244e-02 -1.960715055465698242e-01
-2.765847444534301758e-01 -8.046443015336990356e-02 -1.885541230440139771e-01
-2.610388696193695068e-01 -1.116238087415695190e-01 -1.884826272726058960e-01
-2.809528708457946777e-01 -1.281964778900146484e-01 -1.899702847003936768e-01
-3.293536007404327393e-01 -7.681103050708770752e-02 -1.986021399497985840e-01
-3.097003400325775146e-01 -1.165153831243515015e-01 -2.111831903457641602e-01
-3.209480643272399902e-01 -5.009811744093894958e-02 -2.078492343425750732e-01
-3.058722913265228271e-01 -5.380940809845924377e-02 -1.988286525011062622e-01
-2.637178003787994385e-01 -1.478494703769683838e-01 -1.911684870719909668e-01
-2.734597325325012207e-01 -1.300742477178573608e-01 -1.932236254215240479e-01
-2.499170452356338501e-01 -1.560041457414627075e-01 -1.928175836801528931e-01
-2.930900156497955322e-01 -6.599617749452590942e-02 -1.959459781646728516e-01
-2.863146364688873291e-01 -1.209283992648124695e-01 -1.922675967216491699e-01
-3.111894428730010986e-01 -4.150971770286560059e-02 -2.024104744195938110e-01
-2.833593487739562988e-01 -1.277227550745010376e-01 -1.920427232980728149e-01
-3.127214610576629639e-01 -5.534942448139190674e-02 -2.005017697811126709e-01
-2.842668592929840088e-01 -8.263619989156723022e-02 -1.907653510570526123e-01
-2.673260271549224854e-01 -1.318609118461608887e-01 -1.914667934179306030e-01
-2.936391830444335938e-01 -6.910792738199234009e-02 -1.934995800256729126e-01
-2.822149693965911865e-01 -1.421039253473281860e-01 -2.027871161699295044e-01
-2.995534241199493408e-01 -4.959820955991744995e-02 -1.968383640050888062e-01
-3.284500837326049805e-01 -6.334358453750610352e-02 -2.043270319700241089e-01
-3.000443875789642334e-01 -9.024523943662643433e-02 -1.950371861457824707e-01
-2.994258105754852295e-01 -1.173148453235626221e-01 -2.092239260673522949e-01
-2.966350615024566650e-01 -5.711249634623527527e-02 -1.977101713418960571e-01
-3.346082866191864014e-01 -5.644242092967033386e-02 -2.072040736675262451e-01
-3.069300353527069092e-01 -1.130171343684196472e-01 -1.868088841438293457e-01
-3.092797696590423584e-01 -1.226090490818023682e-01 -2.085767239332199097e-01
-2.742742300033569336e-01 -1.401552408933639526e-01 -1.923721134662628174e-01
-3.061173558235168457e-01 -1.110218241810798645e-01 -1.874970197677612305e-01
-3.050276041030883789e-01 -7.761972397565841675e-02 -1.945220530033111572e-01
-2.787649631500244141e-01 -1.285056620836257935e-01 -1.927028596401214600e-01
-3.091677129268646240e-01 -6.978412717580795288e-02 -1.999782472848892212e-01
-2.932763993740081787e-01 -1.359291821718215942e-01 -2.038077414035797119e-01
-2.940123677253723145e-01 -1.084820255637168884e-01 -1.926961094141006470e-01
-2.773471772670745850e-01 -1.036585122346878052e-01 -1.924304217100143433e-01
-2.687534987926483154e-01 -1.180930957198143005e-01 -1.906866580247879028e-01
-3.138948380947113037e-01 -9.166517108678817749e-02 -1.909963637590408325e-01
-2.323947101831436157e-01 -1.062289327383041382e-01 -1.896098852157592773e-01
-2.607194185256958008e-01 -1.483961194753646851e-01 -1.918088942766189575e-01
-3.053560256958007812e-01 -1.105381101369857788e-01 -1.907809823751449585e-01
-3.056858181953430176e-01 -9.078799188137054443e-02 -1.919410973787307739e-01
-2.559857964515686035e-01 -1.679286658763885498e-01 -2.028491646051406860e-01
-2.836755812168121338e-01 -1.134899780154228210e-01 -2.045727819204330444e-01
-2.986716628074645996e-01 -1.216391772031784058e-01 -2.079692780971527100e-01
-2.673462033271789551e-01 -1.153547093272209167e-01 -1.902599334716796875e-01
-2.824095785617828369e-01 -8.523160964250564575e-02 -1.925041824579238892e-01
-2.802706360816955566e-01 -1.082317084074020386e-01 -1.929195225238800049e-01
-3.069958090782165527e-01 -7.313045859336853027e-02 -1.956380456686019897e-01
-2.740986943244934082e-01 -1.263077706098556519e-01 -2.019570618867874146e-01
-2.827777266502380371e-01 -1.134652867913246155e-01 -2.042209953069686890e-01
-2.700819373130798340e-01 -1.064207032322883606e-01 -1.915401518344879150e-01
-2.894493937492370605e-01 -1.131767779588699341e-01 -1.901158243417739868e-01
-2.642423212528228760e-01 -1.199224442243576050e-01 -1.903429776430130005e-01
-2.886372208595275879e-01 -7.209310680627822876e-02 -1.918823570013046265e-01
-3.183012008666992188e-01 -7.137989252805709839e-02 -2.008014023303985596e-01
-3.071676492691040039e-01 -7.928363233804702759e-02 -1.943301707506179810e-01
-3.149394690990447998e-01 -1.158633828163146973e-01 -2.117087990045547485e-01
-2.954576015472412109e-01 -1.255508959293365479e-01 -2.065362781286239624e-01
-2.899946272373199463e-01 -9.021162986755371094e-02 -1.940141618251800537e-01
-3.249549865722656250e-01 -4.680617526173591614e-02 -2.057642489671707153e-01
-2.653123140335083008e-01 -1.300301402807235718e-01 -1.914035528898239136e-01
-2.695990800857543945e-01 -1.448954790830612183e-01 -2.023770809173583984e-01
-2.819320559501647949e-01 -1.251043677330017090e-01 -1.900975406169891357e-01
-2.629299163818359375e-01 -1.679867208003997803e-01 -2.016982734203338623e-01
-2.703426182270050049e-01 -1.615500897169113159e-01 -2.014329433441162109e-01
-3.324773311614990234e-01 -6.290815770626068115e-02 -1.997522264719009399e-01
-2.519447505474090576e-01 -1.561484634876251221e-01 -1.924214363098144531e-01
-3.047056496143341064e-01 -5.069920048117637634e-02 -2.015293240547180176e-01
-3.034363389015197754e-01 -5.007686838507652283e-02 -2.010048925876617432e-01
-2.940287888050079346e-01 -7.613673806190490723e-02 -1.930296868085861206e-01
-2.252018004655838013e-01 -1.065963730216026306e-01 -1.916946768760681152e-01
-2.853687405586242676e-01 -1.286827623844146729e-01 -2.045017927885055542e-01
-3.306411206722259521e-01 -6.286693364381790161e-02 -1.998752951622009277e-01
-2.695780098438262939e-01 -9.245219081640243530e-02 -1.895949840545654297e-01
-2.796327769756317139e-01 -7.830735296010971069e-02 -1.913761347532272339e-01
-2.512088716030120850e-01 -1.643655300140380859e-01 -2.025332748889923096e-01
-3.050394058227539062e-01 -7.479637861251831055e-02 -1.982276737689971924e-01
-3.168600499629974365e-01 -9.990542382001876831e-02 -1.880943030118942261e-01
-2.263058423995971680e-01 -1.230012252926826477e-01 -1.919540017843246460e-01
-3.263903558254241943e-01 -5.566748976707458496e-02 -2.027896195650100708e-01
-3.191201686859130859e-01 -8.280818909406661987e-02 -1.931920349597930908e-01
-2.893567681312561035e-01 -1.196173653006553650e-01 -1.919826269149780273e-01
-2.954741418361663818e-01 -1.247296184301376343e-01 -1.899577528238296509e-01
-2.938570380210876465e-01 -1.106562837958335876e-01 -2.086254209280014038e-01
-2.958821058273315430e-01 -1.232214644551277161e-01 -2.070859074592590332e-01
-2.880357503890991211e-01 -1.231994926929473877e-01 -1.891670972108840942e-01
-2.925614416599273682e-01 -1.164771318435668945e-01 -1.918672472238540649e-01
-3.044140338897705078e-01 -6.388410180807113647e-02 -1.967919319868087769e-01
-2.791344821453094482e-01 -1.556630581617355347e-01 -2.009481489658355713e-01
-2.920207977294921875e-01 -8.869512379169464111e-02 -1.944313794374465942e-01
-2.935647368431091309e-01 -1.041718721389770508e-01 -2.087332457304000854e-01
-3.071394264698028564e-01 -1.310804784297943115e-01 -2.049794048070907593e-01
-3.216662406921386719e-01 -8.678156137466430664e-02 -1.954155713319778442e-01
-3.272717893123626709e-01 -5.501568317413330078e-02 -2.031031101942062378e-01
-2.936242222785949707e-01 -1.030858680605888367e-01 -1.907168179750442505e-01
-3.325517475605010986e-01 -5.556832998991012573e-02 -2.029671370983123779e-01
-2.880502939224243164e-01 -1.205209717154502869e-01 -1.895271390676498413e-01
-3.326413035392761230e-01 -5.842996388673782349e-02 -2.017201185226440430e-01
-3.123251199722290039e-01 -7.157759368419647217e-02 -2.000713199377059937e-01
-2.751420736312866211e-01 -1.231926307082176208e-01 -1.931381523609161377e-01
-2.892414033412933350e-01 -1.148447245359420776e-01 -2.066071480512619019e-01
-2.573567330837249756e-01 -1.563597172498703003e-01 -2.022481858730316162e-01
-2.659071981906890869e-01 -1.343580484390258789e-01 -1.915977448225021362e-01
-3.032167553901672363e-01 -4.593016207218170166e-02 -1.985675245523452759e-01
-3.084871172904968262e-01 -1.122817546129226685e-01 -2.126503884792327881e-01
-3.330616354942321777e-01 -6.542970985174179077e-02 -1.985771358013153076e-01
-3.244887590408325195e-01 -6.995534151792526245e-02 -1.973600834608078003e-01
-2.753722369670867920e-01 -1.057306602597236633e-01 -1.903886049985885620e-01
-2.925969958305358887e-01 -6.290975958108901978e-02 -1.935003846883773804e-01
-2.788638174533843994e-01 -1.311467885971069336e-01 -1.924837976694107056e-01
-2.885005176067352295e-01 -1.516512781381607056e-01 -2.001852840185165405e-01
-2.927557826042175293e-01 -1.006443351507186890e-01 -1.935346126556396484e-01
-3.044863343238830566e-01 -1.139185652136802673e-01 -2.112619578838348389e-01
-2.761799097061157227e-01 -1.183592826128005981e-01 -2.019280791282653809e-01
-2.846478819847106934e-01 -1.163750290870666504e-01 -1.927844583988189697e-01
-2.667934000492095947e-01 -1.034482792019844055e-01 -1.903913915157318115e-01
-3.194450438022613525e-01 -5.834249034523963928e-02 -2.009806185960769653e-01
-2.829138338565826416e-01 -9.601844102144241333e-02 -1.929629594087600708e-01
-2.714612185955047607e-01 -9.238994121551513672e-02 -1.901579052209854126e-01
-3.016188442707061768e-01 -8.151319622993469238e-02 -1.934755742549896240e-01
-2.842364609241485596e-01 -1.233596205711364746e-01 -1.922970116138458252e-01
-3.276004195213317871e-01 -4.939707368612289429e-02 -2.095802277326583862e-01
-2.932034730911254883e-01 -5.869437009096145630e-02 -1.938151419162750244e-01
-3.244999647140502930e-01 -5.127029493451118469e-02 -2.041950374841690063e-01
-2.730578184127807617e-01 -1.448059082031250000e-01 -1.918798685073852539e-01
-3.049813508987426758e-01 -1.331138163805007935e-01 -2.043171823024749756e-01
-2.583769559860229492e-01 -1.481719911098480225e-01 -2.012274712324142456e-01
-3.236871063709259033e-01 -6.093500927090644836e-02 -2.049295157194137573e-01
-2.832680642604827881e-01 -1.081698387861251831e-01 -1.907985657453536987e-01
-2.985347509384155273e-01 -5.676124617457389832e-02 -1.985362768173217773e-01
-2.758763730525970459e-01 -1.427481323480606079e-01 -2.026640772819519043e-01
-2.871586978435516357e-01 -1.266923397779464722e-01 -1.914342641830444336e-01
-3.089480102062225342e-01 -4.683498665690422058e-02 -2.008660286664962769e-01
-2.826899290084838867e-01 -8.778759837150573730e-02 -1.905535459518432617e-01
-3.054293096065521240e-01 -5.801302194595336914e-02 -1.980841308832168579e-01
-3.100495338439941406e-01 -4.531074687838554382e-02 -2.015101313591003418e-01
-3.025366663932800293e-01 -1.175506636500358582e-01 -1.868302226066589355e-01
-2.840996682643890381e-01 -6.923938542604446411e-02 -1.924861818552017212e-01
-2.717568278312683105e-01 -1.423341631889343262e-01 -1.900808215141296387e-01
-2.991076111793518066e-01 -8.920387178659439087e-02 -1.922720521688461304e-01
-3.159682154655456543e-01 -8.690050244331359863e-02 -1.958326697349548340e-01
-2.653313875198364258e-01 -1.103186830878257751e-01 -1.910032629966735840e-01
-2.775381505489349365e-01 -1.258786320686340332e-01 -2.029250264167785645e-01
-2.835395634174346924e-01 -1.156064420938491821e-01 -1.905416697263717651e-01
-3.294880986213684082e-01 -5.183957144618034363e-02 -2.044931054115295410e-01
-2.250008136034011841e-01 -1.157344281673431396e-01 -1.921234130859375000e-01
-2.896959781646728516e-01 -1.359250843524932861e-01 -2.038297057151794434e-01
-2.946554720401763916e-01 -1.444806158542633057e-01 -2.012694776058197021e-01
-2.985818088054656982e-01 -7.168410718441009521e-02 -1.972910612821578979e-01
-2.956796288490295410e-01 -7.242751866579055786e-02 -1.937427967786788940e-01
-2.635883390903472900e-01 -1.482021063566207886e-01 -1.911366879940032959e-01
-3.087733089923858643e-01 -5.534173920750617981e-02 -1.994843631982803345e-01
-3.014100193977355957e-01 -4.847645759582519531e-02 -1.976709663867950439e-01
-2.908191084861755371e-01 -7.006057351827621460e-02 -1.950313001871109009e-01
-3.213309943675994873e-01 -6.171189993619918823e-02 -2.043122202157974243e-01
-2.926977574825286865e-01 -1.369266062974929810e-01 -2.035830020904541016e-01
-2.768596708774566650e-01 -1.577254682779312134e-01 -2.009311467409133911e-01
-2.612609863281250000e-01 -1.486930698156356812e-01 -2.018065601587295532e-01
-3.176546394824981689e-01 -6.323557347059249878e-02 -1.993626207113265991e-01
-3.073918521404266357e-01 -7.427249848842620850e-02 -1.954508125782012939e-01
-2.961838245391845703e-01 -5.250154808163642883e-02 -1.952788084745407104e-01
-3.141025900840759277e-01 -1.002843081951141357e-01 -1.885295659303665161e-01
-2.754471898078918457e-01 -9.206248074769973755e-02 -1.893491595983505249e-01
-2.899648249149322510e-01 -9.887975454330444336e-02 -1.911582201719284058e-01
-2.287203371524810791e-01 -1.130943596363067627e-01 -1.909606009721755981e-01
-3.237423598766326904e-01 -6.797961145639419556e-02 -1.980987489223480225e-01
-2.591043114662170410e-01 -1.299760639667510986e-01 -1.908219903707504272e-01
-2.704494893550872803e-01 -1.631062328815460205e-01 -2.011214941740036011e-01
-2.964261770248413086e-01 -6.778641045093536377e-02 -1.969881206750869751e-01
-2.932148277759552002e-01 -9.806942939758300781e-02 -1.912105381488800049e-01
-2.958023548126220703e-01 -1.017437875270843506e-01 -1.933690905570983887e-01
-3.227165341377258301e-01 -5.499436333775520325e-02 -2.026327848434448242e-01
-3.168830871582031250e-01 -5.203089118003845215e-02 -2.023986428976058960e-01
-3.164751529693603516e-01 -4.405115544795989990e-02 -2.041286081075668335e-01
-3.062852323055267334e-01 -7.080923020839691162e-02 -1.991285234689712524e-01
-3.017468154430389404e-01 -5.046493932604789734e-02 -1.976765394210815430e-01
-2.698079347610473633e-01 -1.475145667791366577e-01 -2.024553567171096802e-01
-3.005573749542236328e-01 -1.175831928849220276e-01 -2.093895226716995239e-01
-3.020623922348022461e-01 -9.049099683761596680e-02 -1.950713545083999634e-01
-3.037957251071929932e-01 -1.035165265202522278e-01 -1.895357370376586914e-01
-3.151831924915313721e-01 -6.602546572685241699e-02 -2.020182460546493530e-01
-3.091587722301483154e-01 -8.333420008420944214e-02 -1.934054791927337646e-01
-2.929594218730926514e-01 -1.238149255514144897e-01 -2.065280526876449585e-01
-3.104548752307891846e-01 -6.639042496681213379e-02 -2.010406404733657837e-01
-2.864012122154235840e-01 -7.656238973140716553e-02 -1.913182139396667480e-01
-3.016583323478698730e-01 -1.377729922533035278e-01 -2.027524858713150024e-01
-3.028456270694732666e-01 -1.227684691548347473e-01 -2.081832587718963623e-01
-3.208578824996948242e-01 -7.522092014551162720e-02 -1.954966485500335693e-01
-2.956115603446960449e-01 -5.138662829995155334e-02 -1.950804740190505981e-01
-3.067934513092041016e-01 -7.195897400379180908e-02 -1.958441436290740967e-01
-2.693283557891845703e-01 -1.513681113719940186e-01 -2.024171352386474609e-01
-2.983731329441070557e-01 -9.929931163787841797e-02 -1.935111582279205322e-01
-2.669302225112915039e-01 -1.375533491373062134e-01 -1.937276721000671387e-01
-2.782073020935058594e-01 -9.034312516450881958e-02 -1.898323744535446167e-01
-2.780311107635498047e-01 -8.439039438962936401e-02 -1.893326789140701294e-01
-3.222276866436004639e-01 -8.599765598773956299e-02 -1.956305503845214844e-01
-3.040663599967956543e-01 -7.395324110984802246e-02 -1.951185762882232666e-01
-3.135261237621307373e-01 -5.319401621818542480e-02 -2.047384828329086304e-01
-2.912478446960449219e-01 -1.248560249805450439e-01 -2.060579806566238403e-01
-3.011093735694885254e-01 -1.114536672830581665e-01 -1.913592368364334106e-01
-2.874369323253631592e-01 -9.455429762601852417e-02 -1.912281364202499390e-01
-2.762477695941925049e-01 -1.165491640567779541e-01 -1.929697841405868530e-01
-3.092588484287261963e-01 -1.107667759060859680e-01 -1.868022531270980835e-01
-2.880728840827941895e-01 -6.837429851293563843e-02 -1.917675286531448364e-01
-3.077875077724456787e-01 -7.634348422288894653e-02 -1.950403898954391479e-01
-3.194066286087036133e-01 -6.611836701631546021e-02 -1.986196488142013550e-01
-2.365711033344268799e-01 -7.561185210943222046e-02 -1.891068965196609497e-01
-2.949924170970916748e-01 -9.159680455923080444e-02 -1.917405873537063599e-01
-3.280071616172790527e-01 -6.076334789395332336e-02 -2.053888440132141113e-01
-2.303285449743270874e-01 -1.053751632571220398e-01 -1.902737170457839966e-01
-3.025014400482177734e-01 -9.058720618486404419e-02 -1.920764595270156860e-01
-3.088488280773162842e-01 -1.038882210850715637e-01 -1.917170286178588867e-01
-2.790140211582183838e-01 -9.678717702627182007e-02 -1.923540681600570679e-01
-2.899528145790100098e-01 -8.700330555438995361e-02 -1.942024081945419312e-01
-2.861851453781127930e-01 -7.819435000419616699e-02 -1.912669241428375244e-01
-3.106314539909362793e-01 -4.462169483304023743e-02 -2.046565115451812744e-01
-2.720350027084350586e-01 -1.251985132694244385e-01 -1.911357194185256958e-01
-2.804831564426422119e-01 -7.112488895654678345e-02 -1.893071085214614868e-01
-2.781673371791839600e-01 -1.285997480154037476e-01 -1.927775144577026367e-01
-2.822027802467346191e-01 -8.256114274263381958e-02 -1.923916935920715332e-01
-2.814555466175079346e-01 -1.299297064542770386e-01 -1.896701157093048096e-01
-3.251504600048065186e-01 -6.111991405487060547e-02 -2.050250470638275146e-01
-2.926267981529235840e-01 -5.823675170540809631e-02 -1.936087459325790405e-01
-2.284505069255828857e-01 -1.010291352868080139e-01 -1.907784789800643921e-01
-2.885725200176239014e-01 -1.284159868955612183e-01 -1.882461011409759521e-01
-2.938193082809448242e-01 -8.747319877147674561e-02 -1.921346783638000488e-01
-2.637660801410675049e-01 -1.431430876255035400e-01 -1.939797997474670410e-01
-3.067989051342010498e-01 -6.533080339431762695e-02 -1.970657110214233398e-01
-2.982994914054870605e-01 -1.199223771691322327e-01 -2.083548307418823242e-01
-2.895728945732116699e-01 -1.274187266826629639e-01 -2.053301781415939331e-01
-2.685102522373199463e-01 -1.617057174444198608e-01 -2.017262130975723267e-01
-3.055249154567718506e-01 -7.348892092704772949e-02 -1.953943818807601929e-01
-2.948412299156188965e-01 -7.701180875301361084e-02 -1.957872807979583740e-01
-3.004420399665832520e-01 -1.081056818366050720e-01 -2.114037871360778809e-01
-2.607194781303405762e-01 -1.367293000221252441e-01 -1.937363892793655396e-01
-2.728447020053863525e-01 -1.271302998065948486e-01 -1.932774186134338379e-01
-2.799274027347564697e-01 -8.195762336254119873e-02 -1.916682571172714233e-01
-3.306936025619506836e-01 -7.118810713291168213e-02 -2.008378505706787109e-01
-2.623818814754486084e-01 -1.494600027799606323e-01 -1.937825828790664673e-01
-3.003064990043640137e-01 -1.051151752471923828e-01 -1.925808191299438477e-01
-2.894954681396484375e-01 -1.018944904208183289e-01 -1.934216320514678955e-01
-3.122518062591552734e-01 -1.056923046708106995e-01 -1.906484812498092651e-01
-2.769012749195098877e-01 -1.561718285083770752e-01 -2.012264430522918701e-01
-2.931431531906127930e-01 -1.031461283564567566e-01 -1.933215409517288208e-01
-2.785562276840209961e-01 -7.486952841281890869e-02 -1.888722628355026245e-01
-2.809239625930786133e-01 -8.667160570621490479e-02 -1.921122074127197266e-01
-2.968775033950805664e-01 -8.645939081907272339e-02 -1.952589601278305054e-01
-3.055757880210876465e-01 -4.895927757024765015e-02 -2.020561546087265015e-01
-2.721927464008331299e-01 -1.331783086061477661e-01 -2.020559757947921753e-01
-3.116895854473114014e-01 -6.509765982627868652e-02 -1.980558186769485474e-01
-2.636147737503051758e-01 -1.310598105192184448e-01 -1.914258152246475220e-01
-2.504740357398986816e-01 -1.593368202447891235e-01 -1.935857534408569336e-01
-2.769311964511871338e-01 -1.106881052255630493e-01 -1.928148567676544189e-01
-2.727420926094055176e-01 -1.029623597860336304e-01 -1.916564553976058960e-01
-3.209626972675323486e-01 -6.542669981718063354e-02 -1.989314109086990356e-01
-2.642778456211090088e-01 -1.112343892455101013e-01 -1.891948729753494263e-01
-2.793181240558624268e-01 -1.146834641695022583e-01 -1.930034160614013672e-01
-3.049874603748321533e-01 -1.129600629210472107e-01 -2.116774767637252808e-01
-2.756114602088928223e-01 -1.431460678577423096e-01 -2.026306986808776855e-01
-2.753238677978515625e-01 -8.533539623022079468e-02 -1.887183785438537598e-01
-2.994123399257659912e-01 -1.348443031311035156e-01 -2.039936333894729614e-01
-2.591817677021026611e-01 -1.311125308275222778e-01 -1.928237527608871460e-01
-3.300422132015228271e-01 -6.168868020176887512e-02 -2.004087716341018677e-01
-2.676849365234375000e-01 -1.201729848980903625e-01 -1.926847994327545166e-01
-3.275814056396484375e-01 -7.550407946109771729e-02 -1.993021070957183838e-01
-3.060433864593505859e-01 -5.459898337721824646e-02 -1.987785845994949341e-01
-3.183694183826446533e-01 -4.543773457407951355e-02 -2.078343927860260010e-01
-2.892243266105651855e-01 -8.521014451980590820e-02 -1.941411197185516357e-01
-3.081960678100585938e-01 -1.109416112303733826e-01 -1.870207339525222778e-01
-2.847732007503509521e-01 -1.339383125305175781e-01 -2.038889080286026001e-01
-3.110243380069732666e-01 -5.715889111161231995e-02 -1.997343152761459351e-01
-2.535361945629119873e-01 -1.468331515789031982e-01 -1.941068619489669800e-01
-2.939307093620300293e-01 -5.261909216642379761e-02 -1.943038851022720337e-01
-2.795181870460510254e-01 -7.781378179788589478e-02 -1.913052052259445190e-01
-3.175862133502960205e-01 -6.957832723855972290e-02 -2.013086974620819092e-01
-2.977772355079650879e-01 -5.663513764739036560e-02 -1.982235908508300781e-01
-3.290344774723052979e-01 -5.057740584015846252e-02 -2.093821465969085693e-01
-3.136685788631439209e-01 -1.233659759163856506e-01 -2.081311643123626709e-01
-2.820357382297515869e-01 -1.428018957376480103e-01 -2.027055323123931885e-01
-2.971584498882293701e-01 -1.073506399989128113e-01 -1.898244917392730713e-01
-2.866328060626983643e-01 -1.040338799357414246e-01 -1.908046156167984009e-01
-3.005743324756622314e-01 -1.172106564044952393e-01 -2.094871997833251953e-01
-3.144250810146331787e-01 -8.856463432312011719e-02 -1.953828185796737671e-01
-3.183527588844299316e-01 -5.856207385659217834e-02 -2.047849148511886597e-01
-3.336657583713531494e-01 -5.836539715528488159e-02 -2.016834318637847900e-01
-2.855069935321807861e-01 -1.333573162555694580e-01 -1.907898634672164917e-01
-2.929970026016235352e-01 -7.965660095214843750e-02 -1.926590949296951294e-01
-2.867572307586669922e-01 -8.472971618175506592e-02 -1.936155855655670166e-01
-3.350583612918853760e-01 -6.453681737184524536e-02 -2.035482525825500488e-01
-2.813214063644409180e-01 -7.706795632839202881e-02 -1.918791085481643677e-01
-2.587191164493560791e-01 -1.399872899055480957e-01 -1.939127147197723389e-01
-2.957045137882232666e-01 -5.432248115539550781e-02 -1.949837207794189453e-01
-2.683075368404388428e-01 -1.233412027359008789e-01 -1.910558491945266724e-01
-2.756434679031372070e-01 -1.208950728178024292e-01 -1.930777430534362793e-01
-3.151134550571441650e-01 -7.112138718366622925e-02 -2.005697041749954224e-01
-3.267008960247039795e-01 -5.741114169359207153e-02 -2.021265476942062378e-01
-2.990579605102539062e-01 -1.178625449538230896e-01 -1.904356330633163452e-01
-3.090671002864837646e-01 -6.784575432538986206e-02 -2.004076391458511353e-01
-2.756049335002899170e-01 -1.527453809976577759e-01 -2.019280344247817993e-01
-2.824567258358001709e-01 -1.108908057212829590e-01 -1.930093318223953247e-01
-2.657920122146606445e-01 -1.373899877071380615e-01 -1.916315108537673950e-01
-3.082787096500396729e-01 -1.183572560548782349e-01 -2.102752327919006348e-01
-3.256441354751586914e-01 -6.991664320230484009e-02 -2.015637010335922241e-01
-2.736244797706604004e-01 -8.730176091194152832e-02 -1.884530931711196899e-01
-3.191922605037689209e-01 -4.763050377368927002e-02 -2.041791975498199463e-01
-2.916938364505767822e-01 -6.043609976768493652e-02 -1.954497694969177246e-01
-2.858381271362304688e-01 -1.138465255498886108e-01 -1.928258240222930908e-01
-2.574433088302612305e-01 -1.480650156736373901e-01 -2.010076195001602173e-01
-2.721629738807678223e-01 -1.004483252763748169e-01 -1.894619762897491455e-01
-2.995686829090118408e-01 -1.311407536268234253e-01 -2.052404284477233887e-01
-2.973136305809020996e-01 -1.133292093873023987e-01 -2.094712257385253906e-01
-3.087685704231262207e-01 -1.126248463988304138e-01 -1.895412653684616089e-01
-2.261402755975723267e-01 -1.023403927683830261e-01 -1.913686394691467285e-01
-2.786232829093933105e-01 -7.791585475206375122e-02 -1.909985989332199097e-01
-3.185337781906127930e-01 -7.042521983385086060e-02 -2.011261731386184692e-01
-2.971198558807373047e-01 -4.982629790902137756e-02 -1.957926750183105469e-01
-2.703013122081756592e-01 -8.475098013877868652e-02 -1.871595978736877441e-01
-2.699368894100189209e-01 -1.251562088727951050e-01 -2.004880458116531372e-01
-2.926500439643859863e-01 -9.392161667346954346e-02 -1.940202265977859497e-01
-2.721709907054901123e-01 -9.259212762117385864e-02 -1.885919421911239624e-01
-2.738630473613739014e-01 -9.657200425863265991e-02 -1.912351101636886597e-01
-2.970683574676513672e-01 -1.044737398624420166e-01 -1.902656108140945435e-01
-3.154025375843048096e-01 -5.890397727489471436e-02 -2.039465159177780151e-01
-2.638345062732696533e-01 -1.084046587347984314e-01 -1.886712014675140381e-01
