-2.315067201852798462e-01 -2.694027125835418701e-01 -1.933073997497558594e-01
-1.559512913227081299e-01 -1.754558682441711426e-01 -1.997171938419342041e-01
-2.436362355947494507e-01 -1.685272604227066040e-01 -1.917620152235031128e-01
-2.325466126203536987e-01 -2.120408713817596436e-01 -2.101964503526687622e-01
-2.304434776306152344e-01 -1.861850172281265259e-01 -1.947357952594757080e-01
-1.497875303030014038e-01 -1.781575679779052734e-01 -2.013098150491714478e-01
-2.185754179954528809e-01 -2.047391682863235474e-01 -1.965216696262359619e-01
-2.109734266996383667e-01 -2.111296802759170532e-01 -1.611569672822952271e-01
-2.483603954315185547e-01 -2.257730364799499512e-01 -1.996755599975585938e-01
-1.935963332653045654e-01 -2.014915645122528076e-01 -1.918187141418457031e-01
-2.700087726116180420e-01 -1.638980358839035034e-01 -2.010478973388671875e-01
-2.127753198146820068e-01 -2.141318470239639282e-01 -1.624931246042251587e-01
-2.063754945993423462e-01 -2.352057248353958130e-01 -1.898615062236785889e-01
-2.666305601596832275e-01 -2.138227373361587524e-01 -1.888621896505355835e-01
-1.869405955076217651e-01 -2.289230823516845703e-01 -1.993510425090789795e-01
-2.376152724027633667e-01 -1.750122159719467163e-01 -1.945438683032989502e-01
-2.329651564359664917e-01 -2.749723196029663086e-01 -1.938048899173736572e-01
-2.024178355932235718e-01 -2.062455564737319946e-01 -2.024221271276473999e-01
-2.137452512979507446e-01 -1.399805694818496704e-01 -1.957492083311080933e-01
-2.339445650577545166e-01 -2.201488763093948364e-01 -1.995716094970703125e-01
-2.333497852087020874e-01 -2.192944288253784180e-01 -2.015856057405471802e-01
-2.401993423700332642e-01 -1.747018396854400635e-01 -1.947049200534820557e-01
-1.691695004701614380e-01 -2.318964898586273193e-01 -2.104674726724624634e-01
-2.128251940011978149e-01 -2.099719941616058350e-01 -1.460403650999069214e-01
-2.303978353738784790e-01 -1.922344118356704712e-01 -2.023037821054458618e-01
-1.847103983163833618e-01 -2.641198635101318359e-01 -2.013135403394699097e-01
-2.376920580863952637e-01 -2.799097597599029541e-01 -2.011285573244094849e-01
-2.145414799451828003e-01 -2.127145826816558838e-01 -1.319335699081420898e-01
-2.053465247154235840e-01 -2.129646092653274536e-01 -2.000441551208496094e-01
-2.301901876926422119e-01 -2.710701525211334229e-01 -1.931671649217605591e-01
-2.295994311571121216e-01 -2.743651866912841797e-01 -2.007248103618621826e-01
-2.275765836238861084e-01 -2.629961669445037842e-01 -1.929818987846374512e-01
-1.720934063196182251e-01 -1.897113323211669922e-01 -1.878979057073593140e-01
-1.988813281059265137e-01 -2.057604193687438965e-01 -2.028696388006210327e-01
-2.151318192481994629e-01 -2.212686091661453247e-01 -2.054836153984069824e-01
-1.970372647047042847e-01 -2.047989368438720703e-01 -1.934948414564132690e-01
-2.146673947572708130e-01 -2.129585593938827515e-01 -1.808222830295562744e-01
-1.982927173376083374e-01 -1.909106820821762085e-01 -1.896795183420181274e-01
-1.738693118095397949e-01 -2.376341968774795532e-01 -2.090554833412170410e-01
-2.113548219203948975e-01 -2.107359319925308228e-01 -1.760687828063964844e-01
-1.866743564605712891e-01 -2.298036813735961914e-01 -2.077446430921554565e-01
-2.560437321662902832e-01 -1.532660871744155884e-01 -1.946776509284973145e-01
-2.128134071826934814e-01 -1.634678840637207031e-01 -1.953493207693099976e-01
-2.087900191545486450e-01 -2.137585282325744629e-01 -2.036696374416351318e-01
-2.335747331380844116e-01 -2.768579423427581787e-01 -1.922704279422760010e-01
-2.138976007699966431e-01 -1.630749255418777466e-01 -1.952295303344726562e-01
-1.599529981613159180e-01 -1.904969364404678345e-01 -2.017809599637985229e-01
-2.145921736955642700e-01 -2.116079330444335938e-01 -1.774000227451324463e-01
-2.086679935455322266e-01 -2.247861474752426147e-01 -2.068985849618911743e-01
-1.799799203872680664e-01 -1.591831445693969727e-01 -1.852835565805435181e-01
-1.881500780582427979e-01 -2.632905244827270508e-01 -2.021449208259582520e-01
-1.891935467720031738e-01 -1.762215048074722290e-01 -1.872140467166900635e-01
-2.387882173061370850e-01 -1.755386590957641602e-01 -1.924400478601455688e-01
-2.124055773019790649e-01 -1.989302039146423340e-01 -2.016301155090332031e-01
-2.095826715230941772e-01 -2.105693370103836060e-01 -1.985830068588256836e-01
-2.120512276887893677e-01 -2.100123167037963867e-01 -1.349559426307678223e-01
-2.518017888069152832e-01 -1.563180238008499146e-01 -1.919593513011932373e-01
-2.442952692508697510e-01 -2.323843538761138916e-01 -1.950811296701431274e-01
-1.497281491756439209e-01 -1.843982189893722534e-01 -2.012627273797988892e-01
-1.931878775358200073e-01 -2.150366604328155518e-01 -1.957676857709884644e-01
-1.738078743219375610e-01 -1.908991783857345581e-01 -1.881378591060638428e-01
-2.149541974067687988e-01 -2.180420756340026855e-01 -1.987716108560562134e-01
-1.943463087081909180e-01 -2.718849182128906250e-01 -1.866727918386459351e-01
-2.560755908489227295e-01 -2.134104073047637939e-01 -1.891870498657226562e-01
-2.122179120779037476e-01 -2.106321752071380615e-01 -2.043661326169967651e-01
-2.147656232118606567e-01 -2.124758213758468628e-01 -1.562442779541015625e-01
-2.132078409194946289e-01 -2.106787860393524170e-01 -2.033197730779647827e-01
-2.134380042552947998e-01 -2.163727134466171265e-01 -2.011979073286056519e-01
-2.671115100383758545e-01 -1.900054365396499634e-01 -2.063986361026763916e-01
-2.003872245550155640e-01 -2.074032574892044067e-01 -2.054648101329803467e-01
-2.440045326948165894e-01 -2.145241796970367432e-01 -1.901579350233078003e-01
-1.943148225545883179e-01 -2.130350619554519653e-01 -1.955458074808120728e-01
-2.220181077718734741e-01 -2.147059887647628784e-01 -2.031328529119491577e-01
-1.934951841831207275e-01 -2.646037042140960693e-01 -2.027420550584793091e-01
-1.873576492071151733e-01 -2.622247040271759033e-01 -2.019222229719161987e-01
-2.091784626245498657e-01 -2.147135734558105469e-01 -2.086291164159774780e-01
-2.577174007892608643e-01 -1.592563390731811523e-01 -2.025802135467529297e-01
-2.309856116771697998e-01 -2.721105217933654785e-01 -1.919810473918914795e-01
-2.595264017581939697e-01 -1.924327164888381958e-01 -2.059151679277420044e-01
-2.212563753128051758e-01 -2.353052496910095215e-01 -1.924730837345123291e-01
-1.735092252492904663e-01 -2.164990454912185669e-01 -1.929691582918167114e-01
-2.123147249221801758e-01 -2.130982130765914917e-01 -2.004711627960205078e-01
-1.923970133066177368e-01 -2.136788219213485718e-01 -1.965489536523818970e-01
-2.633770108222961426e-01 -1.995148509740829468e-01 -2.062855958938598633e-01
-2.289592921733856201e-01 -2.183875888586044312e-01 -2.024668157100677490e-01
-2.842224836349487305e-01 -2.334800213575363159e-01 -1.987119168043136597e-01
-2.124163657426834106e-01 -2.044465541839599609e-01 -2.029921561479568481e-01
-2.226167172193527222e-01 -1.987282037734985352e-01 -1.948766559362411499e-01
-2.081282436847686768e-01 -2.113939970731735229e-01 -2.018348127603530884e-01
-2.058730125427246094e-01 -2.375187873840332031e-01 -1.894556134939193726e-01
-2.619930505752563477e-01 -2.295052856206893921e-01 -1.997177004814147949e-01
-2.459234893321990967e-01 -1.634877622127532959e-01 -1.928812414407730103e-01
-2.262390851974487305e-01 -2.115893065929412842e-01 -2.102588266134262085e-01
-2.650232017040252686e-01 -1.884490102529525757e-01 -2.057653516530990601e-01
-2.647187113761901855e-01 -2.148925811052322388e-01 -1.902566999197006226e-01
-2.612014412879943848e-01 -2.437584698200225830e-01 -1.955452859401702881e-01
-2.483539879322052002e-01 -2.357216030359268188e-01 -1.960942298173904419e-01
-2.316293716430664062e-01 -2.710991501808166504e-01 -1.919598579406738281e-01
-2.144059538841247559e-01 -2.131998687982559204e-01 -1.679306328296661377e-01
-2.657813429832458496e-01 -2.136867493391036987e-01 -1.894889920949935913e-01
-1.834527403116226196e-01 -2.262029647827148438e-01 -2.083791941404342651e-01
-2.139396816492080688e-01 -2.109982073307037354e-01 -2.052379846572875977e-01
-2.305568903684616089e-01 -2.566155195236206055e-01 -1.897107362747192383e-01
-2.512767612934112549e-01 -1.560271829366683960e-01 -1.931240409612655640e-01
-1.836350113153457642e-01 -2.310477644205093384e-01 -2.078953087329864502e-01
-2.168342471122741699e-01 -2.199118584394454956e-01 -1.968944519758224487e-01
-2.130531370639801025e-01 -2.078627794981002808e-01 -2.019936293363571167e-01
-2.521591782569885254e-01 -1.966875642538070679e-01 -2.062438279390335083e-01
-1.992105543613433838e-01 -2.454784959554672241e-01 -2.041405737400054932e-01
-2.615192830562591553e-01 -2.440826594829559326e-01 -1.952807009220123291e-01
-2.084389775991439819e-01 -2.106515467166900635e-01 -2.114623337984085083e-01
-2.114598006010055542e-01 -2.112435102462768555e-01 -2.067662775516510010e-01
-2.203581482172012329e-01 -2.092407941818237305e-01 -2.080992162227630615e-01
-2.005672603845596313e-01 -2.046792805194854736e-01 -1.949151009321212769e-01
-1.851000785827636719e-01 -2.156315296888351440e-01 -1.943881213665008545e-01
-1.497101336717605591e-01 -1.833724975585937500e-01 -2.013402879238128662e-01
-2.237230539321899414e-01 -2.118955403566360474e-01 -1.948525458574295044e-01
-2.110276967287063599e-01 -2.110262662172317505e-01 -1.579528748989105225e-01
-2.738098204135894775e-01 -1.840189844369888306e-01 -2.068425565958023071e-01
-2.745937108993530273e-01 -1.894005537033081055e-01 -2.079582810401916504e-01
-1.510674953460693359e-01 -1.817946881055831909e-01 -2.015073150396347046e-01
-2.552447319030761719e-01 -2.010978460311889648e-01 -2.064005285501480103e-01
-2.184353917837142944e-01 -2.275700867176055908e-01 -1.973428577184677124e-01
-1.894079595804214478e-01 -2.002954781055450439e-01 -1.927001178264617920e-01
-2.311091572046279907e-01 -2.621959745883941650e-01 -2.014453858137130737e-01
-2.172080725431442261e-01 -2.249565124511718750e-01 -2.027147859334945679e-01
-2.780034840106964111e-01 -2.502991855144500732e-01 -1.952495425939559937e-01
-2.376355081796646118e-01 -1.775418817996978760e-01 -1.936824321746826172e-01
-2.266656458377838135e-01 -1.987543702125549316e-01 -2.033801525831222534e-01
-1.640641093254089355e-01 -1.854077130556106567e-01 -2.008235156536102295e-01
-2.228199392557144165e-01 -2.155483365058898926e-01 -2.037290930747985840e-01
-1.948652267456054688e-01 -2.729292213916778564e-01 -2.019257098436355591e-01
-1.782952547073364258e-01 -2.159223556518554688e-01 -1.940631568431854248e-01
-1.832946836948394775e-01 -2.295456528663635254e-01 -1.993413269519805908e-01
-2.195009440183639526e-01 -2.026242017745971680e-01 -1.957930922508239746e-01
-1.918347328901290894e-01 -2.820232212543487549e-01 -2.017711549997329712e-01
-2.018102109432220459e-01 -2.201472371816635132e-01 -2.011753171682357788e-01
-2.512088716030120850e-01 -1.643655300140380859e-01 -2.025332748889923096e-01
-1.975082457065582275e-01 -2.544458508491516113e-01 -2.036864161491394043e-01
-1.844333708286285400e-01 -1.964509189128875732e-01 -2.014297395944595337e-01
-1.568995416164398193e-01 -1.750278472900390625e-01 -2.006516158580780029e-01
-1.939233392477035522e-01 -1.802685707807540894e-01 -1.878668218851089478e-01
-2.008000314235687256e-01 -2.538300156593322754e-01 -2.032840400934219360e-01
-2.024512737989425659e-01 -2.183248698711395264e-01 -2.008914351463317871e-01
-2.133904695510864258e-01 -2.130968272686004639e-01 -1.976915448904037476e-01
-1.749795228242874146e-01 -2.340278476476669312e-01 -1.976507753133773804e-01
-2.193676680326461792e-01 -2.364472299814224243e-01 -1.948096305131912231e-01
-2.088105827569961548e-01 -2.126292735338211060e-01 -1.985962837934494019e-01
-2.107735574245452881e-01 -2.111927866935729980e-01 -1.347445398569107056e-01
-2.103284895420074463e-01 -2.132795453071594238e-01 -2.034574002027511597e-01
-2.336388677358627319e-01 -2.713707387447357178e-01 -2.014955431222915649e-01
-2.002192288637161255e-01 -2.561940848827362061e-01 -1.865446418523788452e-01
-2.139260917901992798e-01 -2.104185372591018677e-01 -1.426020860671997070e-01
-2.175304889678955078e-01 -2.277673929929733276e-01 -2.022750824689865112e-01
-2.107279896736145020e-01 -2.082036733627319336e-01 -1.959961652755737305e-01
-2.185770422220230103e-01 -2.066064476966857910e-01 -2.047271281480789185e-01
-2.208245247602462769e-01 -2.133525460958480835e-01 -1.964015066623687744e-01
-2.053967863321304321e-01 -2.075747102499008179e-01 -2.048784494400024414e-01
-2.109931856393814087e-01 -2.134734243154525757e-01 -1.755203604698181152e-01
-1.801251173019409180e-01 -2.144977003335952759e-01 -1.928537786006927490e-01
-2.519447505474090576e-01 -1.561484634876251221e-01 -1.924214363098144531e-01
-2.400413155555725098e-01 -2.799231410026550293e-01 -1.914505958557128906e-01
-2.063592672348022461e-01 -2.146967649459838867e-01 -2.088046967983245850e-01
-2.123448401689529419e-01 -2.142329514026641846e-01 -1.659209579229354858e-01
-1.604125201702117920e-01 -2.155041098594665527e-01 -1.920616030693054199e-01
-2.382191419601440430e-01 -1.741732507944107056e-01 -1.942948997020721436e-01
-2.132171839475631714e-01 -2.116534709930419922e-01 -1.959764957427978516e-01
-2.050176262855529785e-01 -2.070845663547515869e-01 -1.957019716501235962e-01
-2.142433226108551025e-01 -1.752440780401229858e-01 -1.967482566833496094e-01
-1.568472236394882202e-01 -2.478925287723541260e-01 -1.987885236740112305e-01
-2.087743431329727173e-01 -2.226344197988510132e-01 -2.054054737091064453e-01
-1.943207383155822754e-01 -2.228107601404190063e-01 -2.008651942014694214e-01
-1.777709871530532837e-01 -1.924006640911102295e-01 -1.888088136911392212e-01
-2.109862864017486572e-01 -2.143663018941879272e-01 -2.093294709920883179e-01
-2.328148037195205688e-01 -2.760655581951141357e-01 -1.940541565418243408e-01
-2.142852842807769775e-01 -2.137535810470581055e-01 -2.042890936136245728e-01
-2.207009792327880859e-01 -2.143253684043884277e-01 -2.036371678113937378e-01
-1.995509266853332520e-01 -2.038602679967880249e-01 -2.028039693832397461e-01
-2.165875881910324097e-01 -2.078966647386550903e-01 -2.052665650844573975e-01
-2.292619049549102783e-01 -2.624633610248565674e-01 -1.934371590614318848e-01
-2.044516205787658691e-01 -2.334208637475967407e-01 -2.037940025329589844e-01
-2.150231897830963135e-01 -2.143293172121047974e-01 -2.053247392177581787e-01
-2.805583477020263672e-01 -1.901553422212600708e-01 -2.096477001905441284e-01
-1.914383023977279663e-01 -2.133755683898925781e-01 -1.962045282125473022e-01
-2.432501018047332764e-01 -2.132080495357513428e-01 -1.901556104421615601e-01
-2.580188214778900146e-01 -2.278730273246765137e-01 -1.995690464973449707e-01
-1.961104720830917358e-01 -2.138294130563735962e-01 -1.953445374965667725e-01
-2.815094590187072754e-01 -2.360908538103103638e-01 -1.990593224763870239e-01
-2.746971249580383301e-01 -2.142022997140884399e-01 -1.898999363183975220e-01
-1.535788029432296753e-01 -2.448417246341705322e-01 -1.985835731029510498e-01
-2.490378171205520630e-01 -2.018928825855255127e-01 -2.066985070705413818e-01
-1.568784266710281372e-01 -1.813684254884719849e-01 -1.867154538631439209e-01
-2.314805984497070312e-01 -2.064451575279235840e-01 -2.059601098299026489e-01
-2.271707504987716675e-01 -1.917019784450531006e-01 -1.953992247581481934e-01
-2.536851167678833008e-01 -1.717328578233718872e-01 -2.028444111347198486e-01
-1.954060196876525879e-01 -2.812655866146087646e-01 -2.011175751686096191e-01
-2.143159657716751099e-01 -1.623766273260116577e-01 -1.966486573219299316e-01
-2.534453868865966797e-01 -1.941822916269302368e-01 -2.057861983776092529e-01
-2.191058546304702759e-01 -2.031376957893371582e-01 -1.980542391538619995e-01
-1.626886129379272461e-01 -1.856060475111007690e-01 -1.877596378326416016e-01
-1.835342496633529663e-01 -2.670660316944122314e-01 -2.011849433183670044e-01
-2.502163052558898926e-01 -2.144936919212341309e-01 -1.893008500337600708e-01
-2.010292708873748779e-01 -2.069973796606063843e-01 -1.953548789024353027e-01
-2.142863124608993530e-01 -2.134055495262145996e-01 -1.981837898492813110e-01
-2.059946805238723755e-01 -2.176564633846282959e-01 -2.029828876256942749e-01
-2.004038542509078979e-01 -2.194890975952148438e-01 -2.078950852155685425e-01
-1.586741954088211060e-01 -2.446224689483642578e-01 -1.975981891155242920e-01
-2.139263600111007690e-01 -2.108885645866394043e-01 -1.937466114759445190e-01
-2.197927385568618774e-01 -2.353150099515914917e-01 -2.025965750217437744e-01
-1.999235302209854126e-01 -2.197808325290679932e-01 -2.090321928262710571e-01
-1.958217173814773560e-01 -2.044846564531326294e-01 -2.053266763687133789e-01
-2.007114589214324951e-01 -2.539396882057189941e-01 -2.032950371503829956e-01
-2.152589112520217896e-01 -2.117677032947540283e-01 -1.966075599193572998e-01
-1.641548573970794678e-01 -1.843605339527130127e-01 -1.876818537712097168e-01
-2.196206003427505493e-01 -2.115854918956756592e-01 -2.081224024295806885e-01
-2.139219939708709717e-01 -2.132962346076965332e-01 -2.070980668067932129e-01
-2.499170452356338501e-01 -1.560041457414627075e-01 -1.928175836801528931e-01
-2.163122743368148804e-01 -2.211164534091949463e-01 -1.982795894145965576e-01
-2.363188266754150391e-01 -1.760991215705871582e-01 -1.916026622056961060e-01
-2.185144871473312378e-01 -2.293790280818939209e-01 -2.039041966199874878e-01
-1.930109709501266479e-01 -2.752475142478942871e-01 -2.019531428813934326e-01
-2.112849354743957520e-01 -2.134209722280502319e-01 -1.456097513437271118e-01
-2.757420837879180908e-01 -1.973721385002136230e-01 -2.075052410364151001e-01
-1.730370223522186279e-01 -2.148606479167938232e-01 -1.922029852867126465e-01
-2.497974336147308350e-01 -1.701714247465133667e-01 -2.031391412019729614e-01
-2.397276312112808228e-01 -2.283524274826049805e-01 -1.961990445852279663e-01
-2.444919049739837646e-01 -1.664317399263381958e-01 -1.926594823598861694e-01
-1.885526925325393677e-01 -1.752584725618362427e-01 -1.874604374170303345e-01
-2.012924104928970337e-01 -2.691478729248046875e-01 -2.009426504373550415e-01
-1.658087819814682007e-01 -1.870394200086593628e-01 -2.026083618402481079e-01
-2.125508338212966919e-01 -2.099507600069046021e-01 -1.376172155141830444e-01
-2.051046639680862427e-01 -2.349774688482284546e-01 -1.906406581401824951e-01
-2.021619081497192383e-01 -2.068412899971008301e-01 -1.961992233991622925e-01
-1.623017936944961548e-01 -2.431267052888870239e-01 -1.973891705274581909e-01
-2.212664633989334106e-01 -2.034210562705993652e-01 -2.038365304470062256e-01
-2.717995047569274902e-01 -1.959151327610015869e-01 -2.072473168373107910e-01
-2.866204679012298584e-01 -1.984124630689620972e-01 -2.091168910264968872e-01
-2.237753421068191528e-01 -2.174243032932281494e-01 -2.027861475944519043e-01
-2.504740357398986816e-01 -1.593368202447891235e-01 -1.935857534408569336e-01
-2.401067018508911133e-01 -2.229036986827850342e-01 -1.989715546369552612e-01
-2.130949348211288452e-01 -2.148386687040328979e-01 -2.073788940906524658e-01
-2.030807286500930786e-01 -2.423462271690368652e-01 -1.897996068000793457e-01
-2.088368088006973267e-01 -2.096934616565704346e-01 -1.963623166084289551e-01
-2.342728525400161743e-01 -2.678183019161224365e-01 -1.902285367250442505e-01
-1.889297068119049072e-01 -2.268544584512710571e-01 -1.980866640806198120e-01
-1.640185564756393433e-01 -2.314705997705459595e-01 -2.113912403583526611e-01
-2.237856090068817139e-01 -2.126626521348953247e-01 -1.938135027885437012e-01
-2.688388824462890625e-01 -1.885293722152709961e-01 -2.065225541591644287e-01
-2.423486858606338501e-01 -1.712153553962707520e-01 -1.934617608785629272e-01
-2.157576084136962891e-01 -2.221249341964721680e-01 -1.970364600419998169e-01
-2.336249202489852905e-01 -2.194179594516754150e-01 -1.997521668672561646e-01
-1.962212026119232178e-01 -2.657108306884765625e-01 -1.870634257793426514e-01
-2.371031343936920166e-01 -2.701754570007324219e-01 -2.009251266717910767e-01
-2.052983641624450684e-01 -2.345602661371231079e-01 -1.905598491430282593e-01
-2.118586450815200806e-01 -2.141217142343521118e-01 -1.782344132661819458e-01
-2.086744308471679688e-01 -2.272019684314727783e-01 -1.917507052421569824e-01
-2.191541939973831177e-01 -2.277597784996032715e-01 -1.957950443029403687e-01
-1.870780885219573975e-01 -1.692331582307815552e-01 -1.871874630451202393e-01
-2.378918081521987915e-01 -1.735602468252182007e-01 -1.923960447311401367e-01
-2.524275481700897217e-01 -1.726159900426864624e-01 -2.029428333044052124e-01
-1.709242165088653564e-01 -2.372202724218368530e-01 -1.988958269357681274e-01
-2.550602853298187256e-01 -1.656821072101593018e-01 -2.029232233762741089e-01
-2.135981619358062744e-01 -2.041596621274948120e-01 -2.027188539505004883e-01
-2.040609121322631836e-01 -2.123877406120300293e-01 -1.975921094417572021e-01
-2.142773568630218506e-01 -1.721254289150238037e-01 -1.964055150747299194e-01
-2.212285399436950684e-01 -2.365587055683135986e-01 -1.949100345373153687e-01
-2.166257202625274658e-01 -2.206548750400543213e-01 -1.975225657224655151e-01
-1.823139041662216187e-01 -2.792265117168426514e-01 -2.017572522163391113e-01
-2.286664843559265137e-01 -2.610491216182708740e-01 -2.008533179759979248e-01
-1.537725031375885010e-01 -2.164843529462814331e-01 -1.914729177951812744e-01
-2.395336925983428955e-01 -2.104042470455169678e-01 -2.121087312698364258e-01
-1.934362500905990601e-01 -2.805073261260986328e-01 -1.873625367879867554e-01
-1.983273774385452271e-01 -2.598659694194793701e-01 -1.862978190183639526e-01
-2.144858986139297485e-01 -2.114783525466918945e-01 -2.093658745288848877e-01
-1.883700489997863770e-01 -2.293240576982498169e-01 -2.076143473386764526e-01
-2.108833193778991699e-01 -2.133148610591888428e-01 -1.669722050428390503e-01
-2.072975635528564453e-01 -2.321108579635620117e-01 -1.924576312303543091e-01
-2.384222894906997681e-01 -1.736088693141937256e-01 -1.911943256855010986e-01
-2.082966864109039307e-01 -2.215260118246078491e-01 -2.068027257919311523e-01
-2.466516941785812378e-01 -1.647594273090362549e-01 -1.933719366788864136e-01
-2.046327590942382812e-01 -2.175092548131942749e-01 -2.092653065919876099e-01
-2.394807785749435425e-01 -2.808582484722137451e-01 -2.009919583797454834e-01
-1.585731804370880127e-01 -1.831641644239425659e-01 -1.884616613388061523e-01
-2.132503241300582886e-01 -2.099899053573608398e-01 -1.496969610452651978e-01
-2.112808972597122192e-01 -2.107173502445220947e-01 -1.629004031419754028e-01
-1.818761825561523438e-01 -2.788428664207458496e-01 -2.016671150922775269e-01
-1.886926591396331787e-01 -1.991293728351593018e-01 -2.018264085054397583e-01
-1.966292709112167358e-01 -2.036313414573669434e-01 -2.031175494194030762e-01
-1.990988403558731079e-01 -2.182798683643341064e-01 -2.080485373735427856e-01
-2.231312096118927002e-01 -2.427167445421218872e-01 -1.947398632764816284e-01
-2.406785488128662109e-01 -1.718541681766510010e-01 -1.928139925003051758e-01
-2.115311771631240845e-01 -2.134905755519866943e-01 -1.316713690757751465e-01
-2.155964225530624390e-01 -2.223682850599288940e-01 -1.963830590248107910e-01
-2.141581773757934570e-01 -1.817707419395446777e-01 -1.975538283586502075e-01
-2.599115669727325439e-01 -2.020926922559738159e-01 -2.060162574052810669e-01
-2.168809622526168823e-01 -2.218349725008010864e-01 -2.039794176816940308e-01
-2.261779457330703735e-01 -2.482487559318542480e-01 -2.006637603044509888e-01
-2.328434884548187256e-01 -1.895524412393569946e-01 -2.034513652324676514e-01
-2.202542126178741455e-01 -2.342913001775741577e-01 -2.010234594345092773e-01
-2.445414513349533081e-01 -2.319097071886062622e-01 -1.969831734895706177e-01
-2.244995087385177612e-01 -2.119235843420028687e-01 -1.946020871400833130e-01
-1.570748537778854370e-01 -1.721150726079940796e-01 -1.998554617166519165e-01
-1.841775774955749512e-01 -2.306998670101165771e-01 -1.982202231884002686e-01
-2.140188813209533691e-01 -2.139358520507812500e-01 -1.882673501968383789e-01
-2.145601660013198853e-01 -2.104372084140777588e-01 -2.059714198112487793e-01
-2.275930494070053101e-01 -2.166391760110855103e-01 -2.018339186906814575e-01
-2.389375865459442139e-01 -2.138371467590332031e-01 -1.906818449497222900e-01
-1.899122595787048340e-01 -2.257177084684371948e-01 -2.001728117465972900e-01
-2.167871594429016113e-01 -2.054897695779800415e-01 -1.986432373523712158e-01
-2.707439959049224854e-01 -1.653755605220794678e-01 -2.005414664745330811e-01
-2.146321088075637817e-01 -2.115764021873474121e-01 -1.461892277002334595e-01
-2.306590974330902100e-01 -2.716068923473358154e-01 -2.012237906455993652e-01
-2.138011455535888672e-01 -2.115893363952636719e-01 -2.084325999021530151e-01
-2.079507112503051758e-01 -2.136526703834533691e-01 -1.986452788114547729e-01
-2.720870673656463623e-01 -1.993317455053329468e-01 -2.066636681556701660e-01
-1.567364186048507690e-01 -1.824010908603668213e-01 -2.002139687538146973e-01
-2.057850658893585205e-01 -2.028866261243820190e-01 -1.936633586883544922e-01
-1.978931874036788940e-01 -2.540909647941589355e-01 -2.037192136049270630e-01
-2.385015040636062622e-01 -2.037936747074127197e-01 -2.073080986738204956e-01
-1.983786076307296753e-01 -2.200688868761062622e-01 -2.094160318374633789e-01
-2.178534567356109619e-01 -2.304185628890991211e-01 -2.028272897005081177e-01
-2.294844537973403931e-01 -2.749722301959991455e-01 -2.006407678127288818e-01
-2.285666614770889282e-01 -2.578921318054199219e-01 -2.020653486251831055e-01
-2.127877920866012573e-01 -2.142956852912902832e-01 -1.802679151296615601e-01
-2.048292458057403564e-01 -2.369491308927536011e-01 -1.911732405424118042e-01
-1.581145226955413818e-01 -1.906235516071319580e-01 -2.014613151550292969e-01
-2.342090010643005371e-01 -2.781820893287658691e-01 -1.938302665948867798e-01
-2.022469937801361084e-01 -2.424550801515579224e-01 -2.049308717250823975e-01
-2.116497457027435303e-01 -2.104170471429824829e-01 -1.748923808336257935e-01
-1.679200083017349243e-01 -2.315866649150848389e-01 -2.106712311506271362e-01
-2.537162601947784424e-01 -2.022809386253356934e-01 -2.063593864440917969e-01
-2.135525345802307129e-01 -2.140133678913116455e-01 -1.634707152843475342e-01
-1.638831645250320435e-01 -1.815584003925323486e-01 -2.016553580760955811e-01
-1.575049608945846558e-01 -2.469981759786605835e-01 -1.988929212093353271e-01
-2.045739293098449707e-01 -2.164298146963119507e-01 -2.078049033880233765e-01
-2.152867168188095093e-01 -2.102744430303573608e-01 -1.995278149843215942e-01
-2.128048241138458252e-01 -2.101994752883911133e-01 -1.718693822622299194e-01
-2.133983224630355835e-01 -2.141696661710739136e-01 -1.775874495506286621e-01
-2.140177637338638306e-01 -1.416398882865905762e-01 -1.959030479192733765e-01
-2.125791311264038086e-01 -1.647472828626632690e-01 -1.957509517669677734e-01
-2.107202112674713135e-01 -2.122720628976821899e-01 -1.558227390050888062e-01
-1.816107928752899170e-01 -1.961137801408767700e-01 -1.908454596996307373e-01
-2.173909246921539307e-01 -2.158083915710449219e-01 -2.028666585683822632e-01
-1.525202989578247070e-01 -1.835097670555114746e-01 -2.015902101993560791e-01
-2.280340343713760376e-01 -1.914571374654769897e-01 -1.944295316934585571e-01
-2.123222202062606812e-01 -2.122963815927505493e-01 -1.963604986667633057e-01
-1.526958197355270386e-01 -2.160984426736831665e-01 -1.920323073863983154e-01
-2.359387576580047607e-01 -2.129661291837692261e-01 -1.912796944379806519e-01
-1.770445853471755981e-01 -1.919932067394256592e-01 -1.904099881649017334e-01
-2.259401828050613403e-01 -1.969784200191497803e-01 -2.031022906303405762e-01
-1.539530456066131592e-01 -1.859312802553176880e-01 -2.015820294618606567e-01
-2.245854288339614868e-01 -2.488346248865127563e-01 -2.001737505197525024e-01
-2.657833993434906006e-01 -2.024212479591369629e-01 -2.057241797447204590e-01
-2.401616126298904419e-01 -2.787839174270629883e-01 -1.919940710067749023e-01
-2.021262347698211670e-01 -2.075802087783813477e-01 -1.957581341266632080e-01
-2.782520651817321777e-01 -2.396592944860458374e-01 -1.985291540622711182e-01
-1.971634626388549805e-01 -2.652585506439208984e-01 -1.877869814634323120e-01
-2.174466103315353394e-01 -2.156305164098739624e-01 -2.008474171161651611e-01
-1.943701654672622681e-01 -2.791348695755004883e-01 -1.864909827709197998e-01
-2.381072640419006348e-01 -1.743992120027542114e-01 -1.911563277244567871e-01
-2.273427397012710571e-01 -2.074764072895050049e-01 -2.062993347644805908e-01
-2.082862555980682373e-01 -2.298254966735839844e-01 -1.912716627120971680e-01
-2.109919041395187378e-01 -2.217238843441009521e-01 -1.946070641279220581e-01
-2.108962684869766235e-01 -2.164304256439208984e-01 -2.089193016290664673e-01
-1.967170089483261108e-01 -1.872800141572952271e-01 -1.883585900068283081e-01
-2.147618085145950317e-01 -2.124531716108322144e-01 -1.379209756851196289e-01
-2.139946818351745605e-01 -1.864350140094757080e-01 -1.988298147916793823e-01
-1.645481437444686890e-01 -2.416987717151641846e-01 -1.990742087364196777e-01
-2.258522510528564453e-01 -2.176675200462341309e-01 -2.012062072753906250e-01
-1.820575892925262451e-01 -2.156272083520889282e-01 -1.933574229478836060e-01
-2.118440568447113037e-01 -2.105193883180618286e-01 -1.884315758943557739e-01
-2.129917144775390625e-01 -2.099406570196151733e-01 -1.455323696136474609e-01
-2.566093504428863525e-01 -2.269139736890792847e-01 -1.982306092977523804e-01
-1.625649780035018921e-01 -2.154173254966735840e-01 -1.919022053480148315e-01
-2.815392315387725830e-01 -2.312365621328353882e-01 -1.984808593988418579e-01
-2.285155653953552246e-01 -2.170343399047851562e-01 -2.014527916908264160e-01
-1.492646783590316772e-01 -1.907787770032882690e-01 -1.999558061361312866e-01
-2.339685261249542236e-01 -2.712702155113220215e-01 -2.014860510826110840e-01
-2.013728916645050049e-01 -2.185225784778594971e-01 -2.094641327857971191e-01
-2.128635793924331665e-01 -2.106878310441970825e-01 -2.011757493019104004e-01
-2.433366179466247559e-01 -1.667729765176773071e-01 -1.928121149539947510e-01
-2.124798744916915894e-01 -1.644691228866577148e-01 -1.963619589805603027e-01
-2.306015342473983765e-01 -2.736847102642059326e-01 -2.010329216718673706e-01
-2.120246887207031250e-01 -2.018177658319473267e-01 -2.019794732332229614e-01
-2.300065606832504272e-01 -2.537706196308135986e-01 -1.899728626012802124e-01
-2.559857964515686035e-01 -1.679286658763885498e-01 -2.028491646051406860e-01
-2.840184569358825684e-01 -1.875467300415039062e-01 -2.108324617147445679e-01
-2.391908168792724609e-01 -2.141858339309692383e-01 -1.924052089452743530e-01
-2.381470203399658203e-01 -2.039476931095123291e-01 -2.064432948827743530e-01
-2.218756377696990967e-01 -2.373536080121994019e-01 -2.008142024278640747e-01
-2.658665180206298828e-01 -2.466665804386138916e-01 -1.950344592332839966e-01
-1.821843981742858887e-01 -2.314571440219879150e-01 -1.975231021642684937e-01
-1.849639117717742920e-01 -1.954011470079421997e-01 -2.005129456520080566e-01
-1.550774574279785156e-01 -2.456588447093963623e-01 -1.989201903343200684e-01
-1.902467608451843262e-01 -2.146377265453338623e-01 -1.961123198270797729e-01
-2.350526154041290283e-01 -2.806501984596252441e-01 -1.935357004404067993e-01
-2.029942125082015991e-01 -2.167548984289169312e-01 -2.095102667808532715e-01
-2.388347238302230835e-01 -1.742065697908401489e-01 -1.935346275568008423e-01
-2.149256318807601929e-01 -2.079084813594818115e-01 -2.013364881277084351e-01
-2.428863793611526489e-01 -1.660735309123992920e-01 -1.916487962007522583e-01
-2.824192047119140625e-01 -2.302457541227340698e-01 -1.981238722801208496e-01
-1.760156303644180298e-01 -1.904707849025726318e-01 -2.004742175340652466e-01
-1.952641457319259644e-01 -2.688612043857574463e-01 -1.863914728164672852e-01
-1.973621100187301636e-01 -1.863234490156173706e-01 -1.884179264307022095e-01
-2.227633297443389893e-01 -2.349159419536590576e-01 -1.937264800071716309e-01
-1.755544394254684448e-01 -1.928963363170623779e-01 -2.022653818130493164e-01
-1.821266412734985352e-01 -2.304250299930572510e-01 -2.081919014453887939e-01
-2.540260255336761475e-01 -1.960290521383285522e-01 -2.062086760997772217e-01
-2.445133328437805176e-01 -1.783359944820404053e-01 -2.038585841655731201e-01
-1.985496133565902710e-01 -2.583126425743103027e-01 -1.879853010177612305e-01
-2.316829711198806763e-01 -1.840672940015792847e-01 -1.940055489540100098e-01
-1.736572980880737305e-01 -1.909463703632354736e-01 -1.992129832506179810e-01
-2.353804707527160645e-01 -2.706510424613952637e-01 -1.907907873392105103e-01
-2.139923721551895142e-01 -2.140369415283203125e-01 -1.943929195404052734e-01
-2.326568812131881714e-01 -2.762679755687713623e-01 -2.011552900075912476e-01
-2.075404971837997437e-01 -2.310275137424468994e-01 -1.927539259195327759e-01
-2.326381653547286987e-01 -2.239748388528823853e-01 -1.974030435085296631e-01
-1.579324901103973389e-01 -1.826486587524414062e-01 -2.003276348114013672e-01
-2.350135892629623413e-01 -1.869784742593765259e-01 -2.030029445886611938e-01
-2.822003364562988281e-01 -1.872011125087738037e-01 -2.101716548204421997e-01
-2.041653543710708618e-01 -2.125858217477798462e-01 -2.013233304023742676e-01
-1.594985723495483398e-01 -1.806207895278930664e-01 -2.016565799713134766e-01
-1.825255155563354492e-01 -2.314182221889495850e-01 -1.991295516490936279e-01
-2.086177766323089600e-01 -2.218402326107025146e-01 -2.074180394411087036e-01
-2.399180233478546143e-01 -1.816941350698471069e-01 -2.022442668676376343e-01
-1.687735468149185181e-01 -1.881935149431228638e-01 -1.993812769651412964e-01
-2.002677470445632935e-01 -2.546937167644500732e-01 -2.033076286315917969e-01
-2.760286033153533936e-01 -2.141119390726089478e-01 -1.892110407352447510e-01
-1.879778802394866943e-01 -1.977062970399856567e-01 -1.919391453266143799e-01
-2.274441272020339966e-01 -1.962844431400299072e-01 -2.025055885314941406e-01
-2.206256985664367676e-01 -2.343416512012481689e-01 -1.938025355339050293e-01
-1.909779757261276245e-01 -2.000227421522140503e-01 -1.931290626525878906e-01
-2.476184815168380737e-01 -1.989038884639739990e-01 -2.064743191003799438e-01
-1.537000387907028198e-01 -1.789470165967941284e-01 -2.001447081565856934e-01
-1.986927241086959839e-01 -1.879471093416213989e-01 -1.897718608379364014e-01
-1.952034980058670044e-01 -2.227610647678375244e-01 -1.991990506649017334e-01
-2.247707098722457886e-01 -2.163142561912536621e-01 -2.014808505773544312e-01
-2.435681372880935669e-01 -2.011418491601943970e-01 -2.067474722862243652e-01
-2.606190145015716553e-01 -1.634090691804885864e-01 -2.026073783636093140e-01
-2.141034603118896484e-01 -1.829923391342163086e-01 -1.976368576288223267e-01
-2.395102530717849731e-01 -2.055220305919647217e-01 -2.069846689701080322e-01
-1.916702985763549805e-01 -2.581393122673034668e-01 -2.028196007013320923e-01
-2.101689428091049194e-01 -2.241199016571044922e-01 -1.941992491483688354e-01
-1.665965318679809570e-01 -2.112358063459396362e-01 -1.943853646516799927e-01
-2.624698579311370850e-01 -1.589341163635253906e-01 -2.025765180587768555e-01
-2.023164182901382446e-01 -2.125007063150405884e-01 -1.984969377517700195e-01
-1.766263097524642944e-01 -1.923917680978775024e-01 -2.007610499858856201e-01
-2.111720889806747437e-01 -2.114538699388504028e-01 -2.089170068502426147e-01
-2.206313908100128174e-01 -2.365809828042984009e-01 -2.026902735233306885e-01
-1.514794826507568359e-01 -1.752066463232040405e-01 -2.009770870208740234e-01
-1.910297274589538574e-01 -2.000540792942047119e-01 -1.931420117616653442e-01
-1.999045610427856445e-01 -2.110102027654647827e-01 -1.989551335573196411e-01
-1.916419863700866699e-01 -2.722403705120086670e-01 -2.022317647933959961e-01
-2.144050598144531250e-01 -2.133575677871704102e-01 -1.842402964830398560e-01
-2.137146741151809692e-01 -2.131192088127136230e-01 -2.075066417455673218e-01
-2.130565494298934937e-01 -2.142271101474761963e-01 -1.777455359697341919e-01
-2.441464960575103760e-01 -1.770416349172592163e-01 -2.032632529735565186e-01
-2.005246877670288086e-01 -2.572672963142395020e-01 -1.879376918077468872e-01
-2.205384671688079834e-01 -2.122021466493606567e-01 -2.093690037727355957e-01
-2.137727886438369751e-01 -1.827425658702850342e-01 -1.970774084329605103e-01
-2.108969092369079590e-01 -2.110287994146347046e-01 -1.357560008764266968e-01
-1.926896870136260986e-01 -2.788703739643096924e-01 -1.873077005147933960e-01
-2.052657157182693481e-01 -2.121402472257614136e-01 -1.983039975166320801e-01
-2.137582749128341675e-01 -2.004807144403457642e-01 -2.006535828113555908e-01
-2.144905775785446167e-01 -2.115323841571807861e-01 -2.066819667816162109e-01
-2.418426275253295898e-01 -2.780696153640747070e-01 -2.005076557397842407e-01
-1.683585196733474731e-01 -1.883963942527770996e-01 -2.028470784425735474e-01
-1.963527053594589233e-01 -1.843506991863250732e-01 -1.883699744939804077e-01
-2.135031372308731079e-01 -2.171892821788787842e-01 -1.980124711990356445e-01
-2.137908935546875000e-01 -1.721694171428680420e-01 -1.975641250610351562e-01
-1.944778114557266235e-01 -2.780517935752868652e-01 -1.860023736953735352e-01
-2.143486738204956055e-01 -2.130547314882278442e-01 -1.981741935014724731e-01
-1.759807467460632324e-01 -2.327487319707870483e-01 -2.089985907077789307e-01
-1.713697761297225952e-01 -2.103877812623977661e-01 -1.954805105924606323e-01
-2.033429294824600220e-01 -2.377970814704895020e-01 -2.033486366271972656e-01
-1.819642782211303711e-01 -1.963010281324386597e-01 -2.040092647075653076e-01
-1.933405548334121704e-01 -2.584745883941650391e-01 -2.031015306711196899e-01
-2.097099423408508301e-01 -2.128177285194396973e-01 -2.029224634170532227e-01
-2.110559940338134766e-01 -2.109109163284301758e-01 -1.488969475030899048e-01
-2.192189246416091919e-01 -2.304530292749404907e-01 -1.969918012619018555e-01
-2.085855305194854736e-01 -2.241725325584411621e-01 -2.051613032817840576e-01
-2.347370535135269165e-01 -1.895090043544769287e-01 -2.035531252622604370e-01
-2.318451255559921265e-01 -2.832182049751281738e-01 -2.004963457584381104e-01
-2.813116312026977539e-01 -2.391629368066787720e-01 -1.987724900245666504e-01
-2.108993381261825562e-01 -2.118846178054809570e-01 -2.010539621114730835e-01
-1.554958373308181763e-01 -1.798815727233886719e-01 -1.885126680135726929e-01
-1.986491382122039795e-01 -2.558895051479339600e-01 -2.034384012222290039e-01
-2.190735787153244019e-01 -2.130247354507446289e-01 -1.950395107269287109e-01
-1.733778566122055054e-01 -2.250090688467025757e-01 -2.080116271972656250e-01
-2.106801867485046387e-01 -2.119934111833572388e-01 -1.517783105373382568e-01
-2.121726572513580322e-01 -2.105493992567062378e-01 -2.104726135730743408e-01
-1.915880292654037476e-01 -2.661384046077728271e-01 -2.025691419839859009e-01
-1.894597858190536499e-01 -2.798096537590026855e-01 -2.020569294691085815e-01
-1.753627508878707886e-01 -1.921525746583938599e-01 -1.996812373399734497e-01
-2.109686732292175293e-01 -2.133420258760452271e-01 -1.631691008806228638e-01
-1.591665595769882202e-01 -1.765948832035064697e-01 -2.008277922868728638e-01
-1.471619158983230591e-01 -2.183851301670074463e-01 -1.928062736988067627e-01
-2.278760522603988647e-01 -1.920992881059646606e-01 -1.957270652055740356e-01
-1.779076009988784790e-01 -2.359336614608764648e-01 -2.080632895231246948e-01
-2.634719014167785645e-01 -2.027829736471176147e-01 -2.056966423988342285e-01
-2.329366505146026611e-01 -1.892950832843780518e-01 -2.023550719022750854e-01
-2.124420106410980225e-01 -2.144688814878463745e-01 -2.031350880861282349e-01
-2.095562368631362915e-01 -2.107249498367309570e-01 -2.064501047134399414e-01
-2.143852561712265015e-01 -1.569640040397644043e-01 -1.965295523405075073e-01
-2.120293825864791870e-01 -2.003254592418670654e-01 -2.005961388349533081e-01
-2.137444168329238892e-01 -2.168305814266204834e-01 -2.048981785774230957e-01
-2.131972461938858032e-01 -2.105636447668075562e-01 -2.113406211137771606e-01
-1.987922638654708862e-01 -2.634231746196746826e-01 -1.872945725917816162e-01
-1.998131275177001953e-01 -1.903635710477828979e-01 -1.908499598503112793e-01
-2.165589034557342529e-01 -2.260036468505859375e-01 -2.042494267225265503e-01
-1.780877113342285156e-01 -2.321136891841888428e-01 -1.978980004787445068e-01
-2.629299163818359375e-01 -1.679867208003997803e-01 -2.016982734203338623e-01
-2.023387849330902100e-01 -2.514830827713012695e-01 -1.878419220447540283e-01
-1.974322795867919922e-01 -2.628892660140991211e-01 -1.860967874526977539e-01
-2.127062529325485229e-01 -2.012260407209396362e-01 -2.002840042114257812e-01
-2.170603275299072266e-01 -2.297854572534561157e-01 -1.967965066432952881e-01
-1.808929741382598877e-01 -1.625154614448547363e-01 -1.858183294534683228e-01
-2.186095118522644043e-01 -2.030876874923706055e-01 -1.983651965856552124e-01
-2.249621748924255371e-01 -2.504819929599761963e-01 -1.943888515233993530e-01
-2.322831302881240845e-01 -1.860187202692031860e-01 -1.950544863939285278e-01
-2.666809558868408203e-01 -2.033833414316177368e-01 -2.054480314254760742e-01
-1.599521785974502563e-01 -2.452961802482604980e-01 -1.985161304473876953e-01
-1.521304845809936523e-01 -1.833364069461822510e-01 -1.993199139833450317e-01
-2.064940929412841797e-01 -2.366348952054977417e-01 -1.911761313676834106e-01
-2.805735766887664795e-01 -2.145049721002578735e-01 -1.902977824211120605e-01
-2.124130874872207642e-01 -2.105355411767959595e-01 -2.105503380298614502e-01
-2.805678844451904297e-01 -1.885146349668502808e-01 -2.096718251705169678e-01
-2.127843201160430908e-01 -2.151228040456771851e-01 -2.082663029432296753e-01
-1.976382285356521606e-01 -2.038544267416000366e-01 -1.928426921367645264e-01
-2.121832519769668579e-01 -2.146544307470321655e-01 -2.045883238315582275e-01
-2.053782343864440918e-01 -2.309110313653945923e-01 -2.041009366512298584e-01
-1.994449943304061890e-01 -2.210340201854705811e-01 -2.018981277942657471e-01
-2.248960435390472412e-01 -2.446022927761077881e-01 -2.007984668016433716e-01
-1.740457564592361450e-01 -2.362130135297775269e-01 -2.092418372631072998e-01
-2.147660851478576660e-01 -2.123075723648071289e-01 -1.349310874938964844e-01
-1.993465870618820190e-01 -2.051235884428024292e-01 -2.037182301282882690e-01
-2.115482687950134277e-01 -2.136194556951522827e-01 -1.467551141977310181e-01
-2.239185571670532227e-01 -2.422791868448257446e-01 -1.916420161724090576e-01
-2.028678953647613525e-01 -2.075835168361663818e-01 -1.945752799510955811e-01
-1.900128573179244995e-01 -2.703509032726287842e-01 -2.022881358861923218e-01
-2.566855251789093018e-01 -1.991639286279678345e-01 -2.064370363950729370e-01
-1.540321856737136841e-01 -1.745944023132324219e-01 -2.007609605789184570e-01
-2.107799053192138672e-01 -2.127716541290283203e-01 -1.709557175636291504e-01
-2.124425917863845825e-01 -2.141393274068832397e-01 -1.571064144372940063e-01
-1.950124800205230713e-01 -2.235112637281417847e-01 -2.010268867015838623e-01
-2.191716432571411133e-01 -2.127996087074279785e-01 -2.109248936176300049e-01
-2.484637498855590820e-01 -2.005513906478881836e-01 -2.067040652036666870e-01
-1.529774963855743408e-01 -1.781209558248519897e-01 -2.013617157936096191e-01
-2.084928900003433228e-01 -2.121529728174209595e-01 -2.026483863592147827e-01
-1.680783033370971680e-01 -2.153232544660568237e-01 -1.918104588985443115e-01
-1.832377612590789795e-01 -2.119120508432388306e-01 -1.966670304536819458e-01
-2.098887562751770020e-01 -2.118023633956909180e-01 -1.996342837810516357e-01
-2.744102180004119873e-01 -2.477204501628875732e-01 -1.953471004962921143e-01
-1.591373085975646973e-01 -2.441729158163070679e-01 -1.976130902767181396e-01
-2.122838199138641357e-01 -2.144067287445068359e-01 -2.064433544874191284e-01
-2.564804255962371826e-01 -1.604578047990798950e-01 -2.026184201240539551e-01
-2.553586661815643311e-01 -2.262912839651107788e-01 -1.987514346837997437e-01
-1.986251175403594971e-01 -2.558679282665252686e-01 -2.034441828727722168e-01
-2.028435915708541870e-01 -2.427906990051269531e-01 -1.890978366136550903e-01
-2.305931001901626587e-01 -2.548141777515411377e-01 -1.916135251522064209e-01
-2.445594519376754761e-01 -2.237379550933837891e-01 -2.002904117107391357e-01
-2.117912322282791138e-01 -2.139650732278823853e-01 -1.667084395885467529e-01
-2.140213251113891602e-01 -2.135254740715026855e-01 -1.433176845312118530e-01
-2.722177505493164062e-01 -1.992513984441757202e-01 -2.066941112279891968e-01
-2.326628118753433228e-01 -1.909249275922775269e-01 -2.039112299680709839e-01
-2.257918268442153931e-01 -2.478602975606918335e-01 -2.017010599374771118e-01
-2.158115059137344360e-01 -2.084523290395736694e-01 -1.976354718208312988e-01
-1.953486800193786621e-01 -2.108664065599441528e-01 -1.977277398109436035e-01
-2.375231385231018066e-01 -2.762778401374816895e-01 -2.011521011590957642e-01
-1.694753915071487427e-01 -2.395159751176834106e-01 -1.977541297674179077e-01
-2.323923856019973755e-01 -2.068888843059539795e-01 -2.058747410774230957e-01
-1.828378587961196899e-01 -2.157676070928573608e-01 -1.941678673028945923e-01
-2.816773653030395508e-01 -1.890729218721389771e-01 -2.100423276424407959e-01
-2.016841769218444824e-01 -2.131480872631072998e-01 -1.966787278652191162e-01
-2.573567330837249756e-01 -1.563597172498703003e-01 -2.022481858730316162e-01
-2.133544534444808960e-01 -2.140426933765411377e-01 -1.969558447599411011e-01
-2.509748935699462891e-01 -2.056118398904800415e-01 -2.058701366186141968e-01
-1.937389671802520752e-01 -2.772024869918823242e-01 -2.017069011926651001e-01
-1.954963505268096924e-01 -1.831126958131790161e-01 -1.892885118722915649e-01
-2.166645675897598267e-01 -2.262806594371795654e-01 -2.028057277202606201e-01
-1.698533445596694946e-01 -2.348446249961853027e-01 -2.107021510601043701e-01
-1.833996623754501343e-01 -2.692811191082000732e-01 -2.013070583343505859e-01
-2.355400919914245605e-01 -2.143065929412841797e-01 -1.917763352394104004e-01
-2.391836941242218018e-01 -2.144462764263153076e-01 -1.911372691392898560e-01
-2.107216268777847290e-01 -2.078506797552108765e-01 -1.958163976669311523e-01
-2.312680035829544067e-01 -2.246751487255096436e-01 -1.972627639770507812e-01
-2.228374630212783813e-01 -2.395675331354141235e-01 -1.930162012577056885e-01
-2.380429059267044067e-01 -1.754669100046157837e-01 -1.953507214784622192e-01
-1.629581600427627563e-01 -1.842499673366546631e-01 -1.871450543403625488e-01
-2.074139863252639771e-01 -2.087876647710800171e-01 -2.069664895534515381e-01
-2.667483687400817871e-01 -2.459946125745773315e-01 -1.963699162006378174e-01
-2.357832193374633789e-01 -2.058767378330230713e-01 -2.077597677707672119e-01
-2.250658571720123291e-01 -2.478357106447219849e-01 -1.999037265777587891e-01
-2.606941759586334229e-01 -2.140768617391586304e-01 -1.885485500097274780e-01
-1.556198894977569580e-01 -2.466380745172500610e-01 -1.990081369876861572e-01
-2.708067595958709717e-01 -2.324596941471099854e-01 -1.982495039701461792e-01
-2.216704636812210083e-01 -2.013007849454879761e-01 -1.981633156538009644e-01
-1.863219290971755981e-01 -1.984118223190307617e-01 -2.041781693696975708e-01
-2.231336832046508789e-01 -2.355563938617706299e-01 -1.933561712503433228e-01
-2.216879129409790039e-01 -2.406483292579650879e-01 -2.007197886705398560e-01
-2.130791991949081421e-01 -2.164054661989212036e-01 -2.064166665077209473e-01
-2.269898056983947754e-01 -1.918658316135406494e-01 -1.933097392320632935e-01
-1.775817126035690308e-01 -2.737696766853332520e-01 -2.001557648181915283e-01
-2.378383874893188477e-01 -2.130436450242996216e-01 -1.927018165588378906e-01
-2.032481282949447632e-01 -2.349205464124679565e-01 -2.043765634298324585e-01
-2.826490402221679688e-01 -1.977592408657073975e-01 -2.086125016212463379e-01
-2.024028599262237549e-01 -2.383000999689102173e-01 -2.035035640001296997e-01
-1.855677813291549683e-01 -2.789256274700164795e-01 -2.020460665225982666e-01
-1.971742361783981323e-01 -2.197202146053314209e-01 -2.076804190874099731e-01
-2.391794919967651367e-01 -2.113250344991683960e-01 -2.117882668972015381e-01
-1.847319304943084717e-01 -1.671027243137359619e-01 -1.876872181892395020e-01
-1.961164772510528564e-01 -2.042664438486099243e-01 -2.034998387098312378e-01
-2.083451002836227417e-01 -2.118804454803466797e-01 -1.992736905813217163e-01
-2.136937081813812256e-01 -1.555645465850830078e-01 -1.948893219232559204e-01
-1.560682356357574463e-01 -1.813592165708541870e-01 -1.868407130241394043e-01
-1.935536861419677734e-01 -2.748423516750335693e-01 -1.861792802810668945e-01
-2.121018618345260620e-01 -2.144527882337570190e-01 -1.977036893367767334e-01
-1.749330163002014160e-01 -2.262175530195236206e-01 -2.083583921194076538e-01
-2.224584370851516724e-01 -2.347096055746078491e-01 -1.924727410078048706e-01
-2.310482710599899292e-01 -2.637096345424652100e-01 -2.005226612091064453e-01
-1.828254461288452148e-01 -2.252018898725509644e-01 -2.082994729280471802e-01
-2.814817130565643311e-01 -1.910332590341567993e-01 -2.098735421895980835e-01
-2.369318455457687378e-01 -2.697266042232513428e-01 -2.009191662073135376e-01
-2.340299934148788452e-01 -1.817417889833450317e-01 -1.939727663993835449e-01
-1.716336309909820557e-01 -1.884184181690216064e-01 -1.989749222993850708e-01
-1.758817434310913086e-01 -1.541926860809326172e-01 -1.870054751634597778e-01
-1.833236515522003174e-01 -1.663830131292343140e-01 -1.872085779905319214e-01
-2.306945919990539551e-01 -2.230570614337921143e-01 -1.975297182798385620e-01
-1.955544501543045044e-01 -2.038638442754745483e-01 -1.939927339553833008e-01
-2.640931308269500732e-01 -1.648745238780975342e-01 -2.020041644573211670e-01
-2.004599869251251221e-01 -2.128613144159317017e-01 -1.998458653688430786e-01
-2.116931229829788208e-01 -2.190654426813125610e-01 -1.955805122852325439e-01
-1.720178425312042236e-01 -2.334269434213638306e-01 -2.099682986736297607e-01
-2.198978513479232788e-01 -2.035238593816757202e-01 -2.055538445711135864e-01
-2.341676354408264160e-01 -1.805225759744644165e-01 -1.956687271595001221e-01
-2.222342789173126221e-01 -2.185814827680587769e-01 -2.014905810356140137e-01
-2.160957902669906616e-01 -2.129037082195281982e-01 -1.979174315929412842e-01
-2.275555133819580078e-01 -2.618334591388702393e-01 -1.920239031314849854e-01
-2.558972835540771484e-01 -2.060940712690353394e-01 -2.052830755710601807e-01
-1.822186857461929321e-01 -2.341781109571456909e-01 -2.073905318975448608e-01
-2.659354507923126221e-01 -2.149487286806106567e-01 -1.902421712875366211e-01
-2.285432368516921997e-01 -2.824231386184692383e-01 -1.997116506099700928e-01
-2.202615439891815186e-01 -2.109612375497817993e-01 -2.099359780550003052e-01
-1.538183987140655518e-01 -1.785715222358703613e-01 -1.880704313516616821e-01
-2.624326944351196289e-01 -2.429712116718292236e-01 -1.943332105875015259e-01
-1.957215219736099243e-01 -2.218038439750671387e-01 -1.996297240257263184e-01
-2.338275164365768433e-01 -1.883123666048049927e-01 -2.031306177377700806e-01
-2.163137048482894897e-01 -2.259904742240905762e-01 -2.037007957696914673e-01
-2.082207053899765015e-01 -2.269825041294097900e-01 -2.061032950878143311e-01
-2.754404246807098389e-01 -2.538256943225860596e-01 -1.952399760484695435e-01
-2.013046890497207642e-01 -2.070638090372085571e-01 -2.028664648532867432e-01
-2.174553126096725464e-01 -2.081806957721710205e-01 -2.052546143531799316e-01
-2.141042500734329224e-01 -2.113360613584518433e-01 -2.013571560382843018e-01
-2.448153048753738403e-01 -1.990189701318740845e-01 -2.062896788120269775e-01
-1.474265158176422119e-01 -2.178564816713333130e-01 -1.916547417640686035e-01
-2.040357887744903564e-01 -2.068921178579330444e-01 -1.948331147432327271e-01
-1.870690733194351196e-01 -2.154439091682434082e-01 -1.945371031761169434e-01
-1.824541091918945312e-01 -1.962054222822189331e-01 -1.999655514955520630e-01
-2.493661195039749146e-01 -2.248859107494354248e-01 -1.980327665805816650e-01
-2.016234844923019409e-01 -2.485930919647216797e-01 -1.875466406345367432e-01
-2.177887856960296631e-01 -2.064452320337295532e-01 -2.048888057470321655e-01
-1.965363621711730957e-01 -2.203036248683929443e-01 -2.096031308174133301e-01
-2.284041494131088257e-01 -2.530118227005004883e-01 -1.902291029691696167e-01
-2.292435318231582642e-01 -1.942705512046813965e-01 -2.041673213243484497e-01
-1.736729443073272705e-01 -2.348486930131912231e-01 -2.095028609037399292e-01
-1.633918136358261108e-01 -1.859906464815139771e-01 -2.024138718843460083e-01
-1.984105706214904785e-01 -2.830802202224731445e-01 -2.001293301582336426e-01
-2.134654521942138672e-01 -2.126730531454086304e-01 -2.035942822694778442e-01
-1.937491148710250854e-01 -2.806540727615356445e-01 -1.869614571332931519e-01
-2.244136333465576172e-01 -2.489481717348098755e-01 -1.945644021034240723e-01
-2.387015670537948608e-01 -1.853312402963638306e-01 -2.034005820751190186e-01
-1.428005099296569824e-01 -2.176512777805328369e-01 -1.917832791805267334e-01
-1.899938732385635376e-01 -1.748601347208023071e-01 -1.864938288927078247e-01
-1.944111883640289307e-01 -2.037322968244552612e-01 -2.033902555704116821e-01
-2.187203615903854370e-01 -2.324460297822952271e-01 -2.019256800413131714e-01
-2.378210276365280151e-01 -2.819841802120208740e-01 -1.929757297039031982e-01
-1.679318845272064209e-01 -1.864031255245208740e-01 -1.881435513496398926e-01
-2.824706733226776123e-01 -1.949934065341949463e-01 -2.094353288412094116e-01
-1.707864105701446533e-01 -2.161500602960586548e-01 -1.919326186180114746e-01
-2.725549042224884033e-01 -2.523096799850463867e-01 -1.953560858964920044e-01
-2.263909578323364258e-01 -2.127468287944793701e-01 -1.931532025337219238e-01
-2.456257492303848267e-01 -2.250049710273742676e-01 -1.994425803422927856e-01
-1.875051409006118774e-01 -2.139605432748794556e-01 -1.956617534160614014e-01
-2.492928057909011841e-01 -1.715908348560333252e-01 -2.032427042722702026e-01
-2.178392112255096436e-01 -2.071222811937332153e-01 -2.069510668516159058e-01
-2.117996513843536377e-01 -2.100335955619812012e-01 -1.322985142469406128e-01
-1.904561519622802734e-01 -1.781581044197082520e-01 -1.873565614223480225e-01
-2.128671407699584961e-01 -2.160120755434036255e-01 -2.063660770654678345e-01
-2.198372632265090942e-01 -2.120930701494216919e-01 -2.112709879875183105e-01
-2.283743619918823242e-01 -2.547535002231597900e-01 -2.004675865173339844e-01
-2.107834368944168091e-01 -1.398653686046600342e-01 -1.953962594270706177e-01
-1.499327570199966431e-01 -1.826391369104385376e-01 -2.013989090919494629e-01
-2.175065428018569946e-01 -2.040852755308151245e-01 -1.999784409999847412e-01
-2.185676693916320801e-01 -2.279715836048126221e-01 -1.967547833919525146e-01
-2.125553637742996216e-01 -2.149140685796737671e-01 -2.013161033391952515e-01
-2.259662300348281860e-01 -2.531734406948089600e-01 -2.004562616348266602e-01
-2.377730756998062134e-01 -1.758396327495574951e-01 -1.931184977293014526e-01
-1.754156798124313354e-01 -1.898943036794662476e-01 -1.998196244239807129e-01
-1.606319099664688110e-01 -1.816016882658004761e-01 -2.018056660890579224e-01
-1.725215017795562744e-01 -1.883538067340850830e-01 -1.995013505220413208e-01
-1.884884238243103027e-01 -1.990536451339721680e-01 -2.032864391803741455e-01
-2.180388718843460083e-01 -2.265810370445251465e-01 -1.968588829040527344e-01
-2.851139307022094727e-01 -1.951928436756134033e-01 -2.100148051977157593e-01
-1.511923521757125854e-01 -1.755665838718414307e-01 -2.010356336832046509e-01
-2.140498757362365723e-01 -2.125577330589294434e-01 -2.072805762290954590e-01
-1.778779476881027222e-01 -2.268838435411453247e-01 -2.084407657384872437e-01
-2.144778221845626831e-01 -2.129408717155456543e-01 -1.495828330516815186e-01
-1.534529626369476318e-01 -1.805316358804702759e-01 -1.877844929695129395e-01
-2.134758383035659790e-01 -1.537400633096694946e-01 -1.968769878149032593e-01
-2.141094505786895752e-01 -1.461846232414245605e-01 -1.950721442699432373e-01
-2.337625324726104736e-01 -2.190271019935607910e-01 -2.012121379375457764e-01
-2.360857278108596802e-01 -2.062797248363494873e-01 -2.075483053922653198e-01
-1.934547424316406250e-01 -2.582598626613616943e-01 -2.031252682209014893e-01
-1.916409581899642944e-01 -1.764840185642242432e-01 -1.878115385770797729e-01
-1.511452347040176392e-01 -1.865942180156707764e-01 -2.011690586805343628e-01
-2.158470451831817627e-01 -1.407316178083419800e-01 -1.956256628036499023e-01
-1.827743500471115112e-01 -1.964041143655776978e-01 -2.023951411247253418e-01
-2.256546020507812500e-01 -1.924847513437271118e-01 -1.953343898057937622e-01
-1.824219673871994019e-01 -2.139406800270080566e-01 -1.945224255323410034e-01
-1.996483504772186279e-01 -2.591734528541564941e-01 -1.863875538110733032e-01
-1.974409371614456177e-01 -2.030405402183532715e-01 -1.930960118770599365e-01
-2.468345165252685547e-01 -2.249103933572769165e-01 -1.999309062957763672e-01
-2.292782068252563477e-01 -2.623021006584167480e-01 -1.923052519559860229e-01
-2.468620240688323975e-01 -1.602633595466613770e-01 -1.916437149047851562e-01
-1.828816980123519897e-01 -2.274486869573593140e-01 -2.083916366100311279e-01
-2.309112995862960815e-01 -1.929764300584793091e-01 -2.040536254644393921e-01
-1.981211453676223755e-01 -1.904768347740173340e-01 -1.903961151838302612e-01
-2.192067503929138184e-01 -2.303979694843292236e-01 -1.950387209653854370e-01
-2.567313015460968018e-01 -2.133496850728988647e-01 -1.893749982118606567e-01
-2.597699463367462158e-01 -2.150295525789260864e-01 -1.902925670146942139e-01
-2.145197838544845581e-01 -1.501897722482681274e-01 -1.964516937732696533e-01
-1.951260417699813843e-01 -2.228594720363616943e-01 -2.011515945196151733e-01
-1.890367716550827026e-01 -2.579573690891265869e-01 -2.021431326866149902e-01
-2.572892904281616211e-01 -1.712018251419067383e-01 -2.022386491298675537e-01
-1.643939018249511719e-01 -1.856440305709838867e-01 -1.995157748460769653e-01
-2.496578693389892578e-01 -1.692846864461898804e-01 -2.030251026153564453e-01
-2.510206103324890137e-01 -2.363355755805969238e-01 -1.944285929203033447e-01
-2.727786004543304443e-01 -2.009548991918563843e-01 -2.062825858592987061e-01
-2.784670591354370117e-01 -2.391542494297027588e-01 -1.986695528030395508e-01
-1.536146253347396851e-01 -1.805600970983505249e-01 -2.000705897808074951e-01
-1.996399760246276855e-01 -2.215687036514282227e-01 -2.009207606315612793e-01
-2.146792262792587280e-01 -2.122321575880050659e-01 -1.866846829652786255e-01
-2.081517875194549561e-01 -2.252201586961746216e-01 -2.049394845962524414e-01
-1.758572608232498169e-01 -2.241201102733612061e-01 -2.077522277832031250e-01
-2.264127582311630249e-01 -1.911624073982238770e-01 -1.966561973094940186e-01
-2.360505014657974243e-01 -2.702978551387786865e-01 -1.896400153636932373e-01
-1.617116481065750122e-01 -1.819039136171340942e-01 -2.018388658761978149e-01
-2.138170003890991211e-01 -2.140485197305679321e-01 -1.720656901597976685e-01
-2.017292976379394531e-01 -2.513946294784545898e-01 -1.889699995517730713e-01
-2.029130756855010986e-01 -2.128567695617675781e-01 -1.994427740573883057e-01
-2.226101160049438477e-01 -2.122267931699752808e-01 -1.959023624658584595e-01
-2.269409745931625366e-01 -2.135403752326965332e-01 -1.930868178606033325e-01
-2.646843791007995605e-01 -2.312776148319244385e-01 -1.980215758085250854e-01
-2.128089815378189087e-01 -2.130573689937591553e-01 -1.970659047365188599e-01
-2.071804106235504150e-01 -2.287829071283340454e-01 -2.044968754053115845e-01
-1.944424360990524292e-01 -2.561616301536560059e-01 -2.033396661281585693e-01
-2.287916094064712524e-01 -2.652875185012817383e-01 -1.935986280441284180e-01
-2.485339939594268799e-01 -2.143133431673049927e-01 -1.894028186798095703e-01
-2.607704401016235352e-01 -1.560521125793457031e-01 -2.024884372949600220e-01
-2.595337331295013428e-01 -2.278660237789154053e-01 -1.989974528551101685e-01
-2.845381200313568115e-01 -1.897135823965072632e-01 -2.109500467777252197e-01
-2.125450223684310913e-01 -2.105274200439453125e-01 -2.086548656225204468e-01
-2.019499689340591431e-01 -2.074701786041259766e-01 -1.957280337810516357e-01
-2.146598249673843384e-01 -2.147018611431121826e-01 -1.986874043941497803e-01
-2.079214006662368774e-01 -2.040661126375198364e-01 -1.927624493837356567e-01
-2.021857500076293945e-01 -2.069911807775497437e-01 -1.961718499660491943e-01
-2.810861766338348389e-01 -1.860625594854354858e-01 -2.096754461526870728e-01
-2.107874006032943726e-01 -2.128531038761138916e-01 -1.747446954250335693e-01
-2.407763898372650146e-01 -2.806053459644317627e-01 -2.008323371410369873e-01
-2.130657285451889038e-01 -2.142183482646942139e-01 -1.769932359457015991e-01
-2.139220386743545532e-01 -2.140552252531051636e-01 -2.034713476896286011e-01
-2.325133681297302246e-01 -2.759436368942260742e-01 -1.920325756072998047e-01
-2.116021811962127686e-01 -2.139420062303543091e-01 -1.787149012088775635e-01
-2.259487509727478027e-01 -2.129991352558135986e-01 -1.952984780073165894e-01
-2.657962143421173096e-01 -1.878511905670166016e-01 -2.057388126850128174e-01
-2.684256136417388916e-01 -2.013763040304183960e-01 -2.059837579727172852e-01
-2.177774161100387573e-01 -2.274957299232482910e-01 -1.952022463083267212e-01
-1.662030220031738281e-01 -1.878633350133895874e-01 -2.027060091495513916e-01
-1.831437796354293823e-01 -2.153476029634475708e-01 -1.949023604393005371e-01
-1.539334058761596680e-01 -1.732067018747329712e-01 -2.004666477441787720e-01
-1.558653712272644043e-01 -2.483069598674774170e-01 -1.988238245248794556e-01
-1.734314113855361938e-01 -2.366757988929748535e-01 -1.987544894218444824e-01
-1.614228338003158569e-01 -1.825684159994125366e-01 -1.994246989488601685e-01
-1.946334391832351685e-01 -2.230090945959091187e-01 -1.991384923458099365e-01
-2.205220758914947510e-01 -2.111591845750808716e-01 -2.075992822647094727e-01
-2.338877171277999878e-01 -2.657376527786254883e-01 -1.913355588912963867e-01
-2.294814586639404297e-01 -2.562420964241027832e-01 -1.908984482288360596e-01
-2.146589159965515137e-01 -2.125332504510879517e-01 -2.032100856304168701e-01
-2.237851321697235107e-01 -2.460533529520034790e-01 -2.002111077308654785e-01
-2.130543142557144165e-01 -2.105866968631744385e-01 -2.058121114969253540e-01
-2.651222050189971924e-01 -2.439126968383789062e-01 -1.951678693294525146e-01
-1.517287492752075195e-01 -2.163321673870086670e-01 -1.916521936655044556e-01
-2.686752080917358398e-01 -1.876112073659896851e-01 -2.063103318214416504e-01
-2.734487056732177734e-01 -2.151628583669662476e-01 -1.883490234613418579e-01
-1.885768473148345947e-01 -2.121243923902511597e-01 -1.962026059627532959e-01
-2.176570147275924683e-01 -2.290003448724746704e-01 -2.021896839141845703e-01
-2.069799154996871948e-01 -2.153175622224807739e-01 -2.023204714059829712e-01
-2.109576016664505005e-01 -2.113432586193084717e-01 -1.816775500774383545e-01
-1.900889128446578979e-01 -2.020765542984008789e-01 -2.039068937301635742e-01
-1.991431564092636108e-01 -1.923791915178298950e-01 -1.904867738485336304e-01
-1.884167194366455078e-01 -2.121476978063583374e-01 -1.975952684879302979e-01
-1.840039342641830444e-01 -1.976588219404220581e-01 -1.908214688301086426e-01
-1.567696630954742432e-01 -1.890331953763961792e-01 -2.015654146671295166e-01
-2.252950966358184814e-01 -2.539771795272827148e-01 -1.922997236251831055e-01
-1.691792309284210205e-01 -2.166178673505783081e-01 -1.921544522047042847e-01
-2.629091143608093262e-01 -1.875985264778137207e-01 -2.052015364170074463e-01
-2.121514379978179932e-01 -2.129973769187927246e-01 -2.093526571989059448e-01
-2.760295271873474121e-01 -2.480621486902236938e-01 -1.951743811368942261e-01
-1.986336112022399902e-01 -2.623369991779327393e-01 -2.025814801454544067e-01
-1.713765263557434082e-01 -1.889459788799285889e-01 -1.879312843084335327e-01
-2.173981815576553345e-01 -2.222091108560562134e-01 -1.954167336225509644e-01
-2.796636223793029785e-01 -2.161087989807128906e-01 -1.900175362825393677e-01
-2.369152158498764038e-01 -2.804872393608093262e-01 -2.011383771896362305e-01
-2.450661808252334595e-01 -2.227382808923721313e-01 -1.991834789514541626e-01
-2.362760454416275024e-01 -2.742342054843902588e-01 -2.012721002101898193e-01
-2.792071104049682617e-01 -1.863312274217605591e-01 -2.090397030115127563e-01
-2.114165276288986206e-01 -2.139272540807723999e-01 -1.904869973659515381e-01
-2.039969563484191895e-01 -2.335103154182434082e-01 -2.040023952722549438e-01
-1.721996814012527466e-01 -2.318639308214187622e-01 -2.097951322793960571e-01
-2.651197612285614014e-01 -1.676989048719406128e-01 -2.012806683778762817e-01
-2.418840378522872925e-01 -1.821604967117309570e-01 -2.031299024820327759e-01
-1.530883014202117920e-01 -1.790387630462646484e-01 -2.001021802425384521e-01
-2.146091163158416748e-01 -2.113815695047378540e-01 -1.393036097288131714e-01
-2.804696261882781982e-01 -1.928810328245162964e-01 -2.093417495489120483e-01
-2.855285406112670898e-01 -1.950435936450958252e-01 -2.101567834615707397e-01
-1.504200398921966553e-01 -1.804269999265670776e-01 -2.014492005109786987e-01
-2.145680189132690430e-01 -2.113598883152008057e-01 -1.666701436042785645e-01
-1.912606805562973022e-01 -2.778886258602142334e-01 -2.019370496273040771e-01
-2.517628371715545654e-01 -1.564131081104278564e-01 -1.956139355897903442e-01
-2.157450467348098755e-01 -2.227880954742431641e-01 -1.993980854749679565e-01
-2.189981341361999512e-01 -2.111177742481231689e-01 -2.098896652460098267e-01
-2.280498296022415161e-01 -2.638258039951324463e-01 -1.921062320470809937e-01
-2.116984426975250244e-01 -2.108358293771743774e-01 -2.058399766683578491e-01
-2.204280048608779907e-01 -2.173391580581665039e-01 -1.998999714851379395e-01
-2.110820263624191284e-01 -2.109935283660888672e-01 -1.628439128398895264e-01
-2.106719613075256348e-01 -2.120058536529541016e-01 -1.591598987579345703e-01
-1.640773266553878784e-01 -2.109639048576354980e-01 -1.932437866926193237e-01
-1.640049219131469727e-01 -1.841506510972976685e-01 -1.879395842552185059e-01
-2.470476180315017700e-01 -1.617410778999328613e-01 -1.946990489959716797e-01
-1.954085826873779297e-01 -2.504415512084960938e-01 -2.034999579191207886e-01
-2.418955564498901367e-01 -2.044371366500854492e-01 -2.070214301347732544e-01
-2.204917669296264648e-01 -2.368468344211578369e-01 -2.025734633207321167e-01
-2.344030290842056274e-01 -2.720818519592285156e-01 -2.014444768428802490e-01
-1.843282282352447510e-01 -2.700840234756469727e-01 -2.015574276447296143e-01
-2.118110954761505127e-01 -2.139035016298294067e-01 -1.581493765115737915e-01
-2.204193472862243652e-01 -2.321251034736633301e-01 -2.028678953647613525e-01
-2.560078501701354980e-01 -2.270066589117050171e-01 -1.995199918746948242e-01
-1.797956973314285278e-01 -1.967064142227172852e-01 -2.033912390470504761e-01
-1.848897188901901245e-01 -1.954599171876907349e-01 -2.007155418395996094e-01
-1.691703349351882935e-01 -1.913391351699829102e-01 -2.030189484357833862e-01
-2.491680979728698730e-01 -1.970726400613784790e-01 -2.061576545238494873e-01
-2.165104001760482788e-01 -2.110296338796615601e-01 -2.079341113567352295e-01
-2.182425856590270996e-01 -2.078931331634521484e-01 -2.063794732093811035e-01
-2.031608670949935913e-01 -2.130173593759536743e-01 -2.004788666963577271e-01
-2.334213852882385254e-01 -1.810693442821502686e-01 -1.951152682304382324e-01
-2.677499353885650635e-01 -1.921503692865371704e-01 -2.067414820194244385e-01
-2.800922095775604248e-01 -1.890758574008941650e-01 -2.095202356576919556e-01
-2.664328813552856445e-01 -2.448906302452087402e-01 -1.948865801095962524e-01
-2.054252624511718750e-01 -2.312143743038177490e-01 -2.059212625026702881e-01
-2.191241979598999023e-01 -2.098335772752761841e-01 -2.076129615306854248e-01
-2.171276062726974487e-01 -2.292169332504272461e-01 -1.961754560470581055e-01
-2.055939733982086182e-01 -2.075484395027160645e-01 -1.965949833393096924e-01
-2.120937258005142212e-01 -2.147133350372314453e-01 -2.094100713729858398e-01
-2.022193074226379395e-01 -2.117811143398284912e-01 -1.989332735538482666e-01
-1.665530651807785034e-01 -2.354499697685241699e-01 -2.118885219097137451e-01
-2.693021595478057861e-01 -2.313891351222991943e-01 -1.996911168098449707e-01
-2.249820381402969360e-01 -2.097133547067642212e-01 -2.067428082227706909e-01
-1.945265382528305054e-01 -2.121664732694625854e-01 -1.972450613975524902e-01
-2.100166976451873779e-01 -2.150276750326156616e-01 -2.031651139259338379e-01
-1.925946027040481567e-01 -2.213270217180252075e-01 -2.085925489664077759e-01
-1.579217761754989624e-01 -1.806093752384185791e-01 -2.004016637802124023e-01
-2.175396233797073364e-01 -2.061826884746551514e-01 -2.064406275749206543e-01
-2.520193159580230713e-01 -1.704570353031158447e-01 -2.031322866678237915e-01
-2.122896313667297363e-01 -1.854928284883499146e-01 -1.977368891239166260e-01
-2.237489819526672363e-01 -1.991019248962402344e-01 -2.039672136306762695e-01
-2.144383192062377930e-01 -2.133183330297470093e-01 -1.849387586116790771e-01
-2.215207815170288086e-01 -2.365297079086303711e-01 -2.008919864892959595e-01
-2.141725271940231323e-01 -2.133569270372390747e-01 -1.485211700201034546e-01
-2.243161052465438843e-01 -2.471705228090286255e-01 -2.018511742353439331e-01
-1.993972808122634888e-01 -2.505761384963989258e-01 -2.040538340806961060e-01
-2.333090752363204956e-01 -1.811702400445938110e-01 -1.918204277753829956e-01
-2.109900116920471191e-01 -2.108707875013351440e-01 -2.049261182546615601e-01
-2.127215862274169922e-01 -2.135504484176635742e-01 -2.059717774391174316e-01
-2.432020157575607300e-01 -1.685910373926162720e-01 -1.952068060636520386e-01
-2.104387879371643066e-01 -2.183474302291870117e-01 -1.943597644567489624e-01
-2.044600397348403931e-01 -2.334577143192291260e-01 -2.055985480546951294e-01
-2.121666073799133301e-01 -1.912060230970382690e-01 -1.987694501876831055e-01
-1.686365157365798950e-01 -2.291482388973236084e-01 -2.097534239292144775e-01
-1.915764212608337402e-01 -2.732343375682830811e-01 -2.021817415952682495e-01
-1.743828952312469482e-01 -1.898993700742721558e-01 -1.890946328639984131e-01
-2.131332159042358398e-01 -2.102641910314559937e-01 -1.840813159942626953e-01
-2.641144394874572754e-01 -1.637658327817916870e-01 -2.021401673555374146e-01
-1.759727597236633301e-01 -1.910572797060012817e-01 -1.887211054563522339e-01
-2.132011055946350098e-01 -1.752971410751342773e-01 -1.980289667844772339e-01
-1.768185198307037354e-01 -2.143916934728622437e-01 -1.939032822847366333e-01
-2.167501300573348999e-01 -2.245415598154067993e-01 -1.968855559825897217e-01
-2.319680601358413696e-01 -2.752468287944793701e-01 -2.011456638574600220e-01
-1.439170837402343750e-01 -2.168796360492706299e-01 -1.933545023202896118e-01
-1.661124080419540405e-01 -2.353734374046325684e-01 -2.120372951030731201e-01
-2.301031351089477539e-01 -2.686370909214019775e-01 -1.937207281589508057e-01
-2.766286432743072510e-01 -2.525702714920043945e-01 -1.953878104686737061e-01
-2.128513157367706299e-01 -2.107532918453216553e-01 -2.021487653255462646e-01
-2.132148146629333496e-01 -2.013252079486846924e-01 -2.003792971372604370e-01
-2.148126065731048584e-01 -2.120315879583358765e-01 -2.059583663940429688e-01
-2.641557753086090088e-01 -2.441478669643402100e-01 -1.943166106939315796e-01
-1.783565282821655273e-01 -1.944165974855422974e-01 -2.039468884468078613e-01
-2.110165357589721680e-01 -2.134020924568176270e-01 -1.660334020853042603e-01
-1.927017271518707275e-01 -2.236374467611312866e-01 -2.085119783878326416e-01
-2.256226837635040283e-01 -1.946606934070587158e-01 -1.978943347930908203e-01
-2.566465139389038086e-01 -2.270893454551696777e-01 -1.979399025440216064e-01
-2.296937555074691772e-01 -1.869476288557052612e-01 -1.924747079610824585e-01
-2.054037451744079590e-01 -2.408141195774078369e-01 -1.893840432167053223e-01
-2.175872176885604858e-01 -2.040609270334243774e-01 -1.981876343488693237e-01
-2.311243116855621338e-01 -2.091569602489471436e-01 -2.101752012968063354e-01
-1.568812876939773560e-01 -1.822628378868103027e-01 -1.882831305265426636e-01
-2.116898894309997559e-01 -2.141345441341400146e-01 -1.915171891450881958e-01
-2.334089279174804688e-01 -2.752647399902343750e-01 -1.933891773223876953e-01
-2.843884825706481934e-01 -2.162541449069976807e-01 -1.904402077198028564e-01
-1.923547089099884033e-01 -2.802700102329254150e-01 -2.017527222633361816e-01
-2.616655528545379639e-01 -1.889460682868957520e-01 -2.053617537021636963e-01
-2.702007889747619629e-01 -2.483196258544921875e-01 -1.945121139287948608e-01
-2.555763721466064453e-01 -2.064690738916397095e-01 -2.051815241575241089e-01
-1.935248076915740967e-01 -2.800931930541992188e-01 -2.015708535909652710e-01
-2.689096927642822266e-01 -2.317691594362258911e-01 -1.999921053647994995e-01
-1.682606786489486694e-01 -2.167785167694091797e-01 -1.929642409086227417e-01
-2.793330848217010498e-01 -2.371475100517272949e-01 -1.990486532449722290e-01
-2.459926158189773560e-01 -1.649652570486068726e-01 -1.916383355855941772e-01
-1.875571608543395996e-01 -2.793825566768646240e-01 -2.021115571260452271e-01
-2.103700786828994751e-01 -2.101624459028244019e-01 -1.963299065828323364e-01
-1.581311672925949097e-01 -1.825115233659744263e-01 -1.869414895772933960e-01
-2.139289081096649170e-01 -2.139335870742797852e-01 -2.056975811719894409e-01
-2.199841290712356567e-01 -2.040593773126602173e-01 -2.060107737779617310e-01
-1.477660685777664185e-01 -1.870259791612625122e-01 -2.006326466798782349e-01
-2.658022940158843994e-01 -1.966178119182586670e-01 -2.066400796175003052e-01
-2.123011946678161621e-01 -2.140686511993408203e-01 -1.458061039447784424e-01
-2.178521156311035156e-01 -2.258709967136383057e-01 -2.026302814483642578e-01
-2.194015532732009888e-01 -2.011516392230987549e-01 -1.988405287265777588e-01
-2.660957276821136475e-01 -1.998331099748611450e-01 -2.062868177890777588e-01
-1.909494996070861816e-01 -2.014282643795013428e-01 -1.920404732227325439e-01
-1.955038458108901978e-01 -2.145542204380035400e-01 -1.954936832189559937e-01
-2.440224140882492065e-01 -1.678606271743774414e-01 -1.916282027959823608e-01
-2.146653532981872559e-01 -2.131839096546173096e-01 -2.057942301034927368e-01
-1.713570952415466309e-01 -2.164560407400131226e-01 -1.923061907291412354e-01
-1.509622633457183838e-01 -1.867996305227279663e-01 -2.011141777038574219e-01
-2.426304370164871216e-01 -1.796806752681732178e-01 -2.037265896797180176e-01
-1.800764203071594238e-01 -1.931121498346328735e-01 -2.009075731039047241e-01
-2.334487140178680420e-01 -2.647193968296051025e-01 -1.913398802280426025e-01
-1.871135383844375610e-01 -2.004989534616470337e-01 -2.037181854248046875e-01
-2.296053171157836914e-01 -1.864821910858154297e-01 -1.957360804080963135e-01
-1.765613257884979248e-01 -2.369783818721771240e-01 -2.082225531339645386e-01
-2.295868694782257080e-01 -2.790982723236083984e-01 -2.003121376037597656e-01
-2.132415026426315308e-01 -2.122421115636825562e-01 -2.087187916040420532e-01
-2.670031487941741943e-01 -2.459956258535385132e-01 -1.944092214107513428e-01
-2.146790623664855957e-01 -2.122821211814880371e-01 -1.916071772575378418e-01
-2.263742387294769287e-01 -1.917051225900650024e-01 -1.952311992645263672e-01
-2.405715882778167725e-01 -2.141134291887283325e-01 -1.904891580343246460e-01
-2.376905381679534912e-01 -1.770664900541305542e-01 -1.955085992813110352e-01
-2.016811817884445190e-01 -2.181144207715988159e-01 -2.075606137514114380e-01
-1.745687425136566162e-01 -2.144965976476669312e-01 -1.935584098100662231e-01
-2.757968902587890625e-01 -2.332392036914825439e-01 -1.993257403373718262e-01
-1.760604530572891235e-01 -2.162429094314575195e-01 -1.934475451707839966e-01
-2.117891907691955566e-01 -2.142238616943359375e-01 -1.932267099618911743e-01
-2.550158798694610596e-01 -2.392673641443252563e-01 -1.961895674467086792e-01
-1.858045309782028198e-01 -2.279740124940872192e-01 -1.995781809091567993e-01
-2.391392737627029419e-01 -1.745408773422241211e-01 -1.912922710180282593e-01
-2.284233421087265015e-01 -2.603064477443695068e-01 -2.007591277360916138e-01
-2.813305258750915527e-01 -1.984570026397705078e-01 -2.080872356891632080e-01
-2.289608865976333618e-01 -2.546913623809814453e-01 -1.904249936342239380e-01
-2.110494971275329590e-01 -2.131942063570022583e-01 -1.382830739021301270e-01
-2.113543897867202759e-01 -2.103807479143142700e-01 -1.342251598834991455e-01
-1.707891672849655151e-01 -2.367700189352035522e-01 -1.987132132053375244e-01
-2.140491008758544922e-01 -1.889115273952484131e-01 -1.990251094102859497e-01
-2.367009520530700684e-01 -2.817981541156768799e-01 -2.010934650897979736e-01
-2.108468711376190186e-01 -2.133244127035140991e-01 -1.857243478298187256e-01
-1.509283930063247681e-01 -2.180776745080947876e-01 -1.927297413349151611e-01
-1.695483475923538208e-01 -1.872936934232711792e-01 -2.026078104972839355e-01
-2.038276642560958862e-01 -2.456153184175491333e-01 -1.896272450685501099e-01
-2.280852645635604858e-01 -1.918928176164627075e-01 -1.969906985759735107e-01
-1.734241992235183716e-01 -2.161455005407333374e-01 -1.922391355037689209e-01
-2.141229063272476196e-01 -1.735830307006835938e-01 -1.974231153726577759e-01
-1.851445883512496948e-01 -2.155955284833908081e-01 -1.944786906242370605e-01
-1.988818496465682983e-01 -1.882347017526626587e-01 -1.898139119148254395e-01
-2.277999073266983032e-01 -2.574571371078491211e-01 -1.933342963457107544e-01
-2.356877774000167847e-01 -2.813729047775268555e-01 -2.010861933231353760e-01
-1.717228442430496216e-01 -1.902240812778472900e-01 -1.880886554718017578e-01
-1.816564798355102539e-01 -1.940857321023941040e-01 -2.010123431682586670e-01
-1.829442679882049561e-01 -2.105031609535217285e-01 -1.951570361852645874e-01
-2.095506787300109863e-01 -2.106375694274902344e-01 -1.964819729328155518e-01
-2.348536401987075806e-01 -2.806418836116790771e-01 -2.010789066553115845e-01
-2.646273374557495117e-01 -2.049412727355957031e-01 -2.050159275531768799e-01
-2.668683230876922607e-01 -2.015918791294097900e-01 -2.059311419725418091e-01
-1.473086178302764893e-01 -2.178676128387451172e-01 -1.934115737676620483e-01
-2.613452970981597900e-01 -2.425956428050994873e-01 -1.942121684551239014e-01
-1.645739525556564331e-01 -2.099040597677230835e-01 -1.929793804883956909e-01
-2.659070789813995361e-01 -2.459683567285537720e-01 -1.944013983011245728e-01
-2.138986289501190186e-01 -1.940125077962875366e-01 -1.993813812732696533e-01
-2.811419665813446045e-01 -1.838029325008392334e-01 -2.093226313591003418e-01
-2.665888071060180664e-01 -1.636255830526351929e-01 -2.017551660537719727e-01
-1.705385595560073853e-01 -2.371322214603424072e-01 -2.104122191667556763e-01
-2.093120366334915161e-01 -2.274436503648757935e-01 -1.930103003978729248e-01
