-4.579275846481323242e-01 -3.077030479907989502e-01 3.343035280704498291e-01
-4.534915387630462646e-01 -3.353546261787414551e-01 3.520262837409973145e-01
-4.517560899257659912e-01 -3.352651596069335938e-01 3.510673642158508301e-01
-4.673993587493896484e-01 -2.758753299713134766e-01 3.250078856945037842e-01
-4.802140295505523682e-01 -2.943245768547058105e-01 3.622231781482696533e-01
-4.562750458717346191e-01 -2.814032137393951416e-01 3.502188920974731445e-01
-4.777565896511077881e-01 -2.918063104152679443e-01 3.549166023731231689e-01
-4.492966234683990479e-01 -3.023795485496520996e-01 3.539373278617858887e-01
-4.737752377986907959e-01 -2.937895357608795166e-01 3.596063256263732910e-01
-4.620714187622070312e-01 -3.189604878425598145e-01 3.563476204872131348e-01
-4.565274715423583984e-01 -3.435190618038177490e-01 3.535853922367095947e-01
-4.757173955440521240e-01 -2.748370468616485596e-01 3.410330414772033691e-01
-4.842867851257324219e-01 -2.892755568027496338e-01 3.448356389999389648e-01
-4.585128724575042725e-01 -3.181462287902832031e-01 3.761166632175445557e-01
-4.344988763332366943e-01 -3.362880945205688477e-01 3.038336634635925293e-01
-4.684418737888336182e-01 -3.195624649524688721e-01 3.406227827072143555e-01
-4.705538749694824219e-01 -3.076612651348114014e-01 3.473627269268035889e-01
-4.678609967231750488e-01 -3.222884237766265869e-01 3.390907347202301025e-01
-4.607198834419250488e-01 -2.874015569686889648e-01 3.479051589965820312e-01
-4.691696763038635254e-01 -3.091957867145538330e-01 3.553337752819061279e-01
-4.489723443984985352e-01 -2.904451489448547363e-01 3.394048511981964111e-01
-4.572982192039489746e-01 -3.153556883335113525e-01 3.277299702167510986e-01
-4.535246491432189941e-01 -3.033157289028167725e-01 3.360236585140228271e-01
-4.703087508678436279e-01 -2.748659849166870117e-01 3.420995175838470459e-01
-4.375912845134735107e-01 -3.290791213512420654e-01 3.081687092781066895e-01
-4.349577128887176514e-01 -3.342197835445404053e-01 3.051719963550567627e-01
-4.526275098323822021e-01 -3.402690887451171875e-01 3.519642949104309082e-01
-4.730026721954345703e-01 -3.183181881904602051e-01 3.401884436607360840e-01
-4.675427079200744629e-01 -3.048913180828094482e-01 3.492730855941772461e-01
-4.782626330852508545e-01 -2.847046554088592529e-01 3.593460619449615479e-01
-4.528001546859741211e-01 -3.057800531387329102e-01 3.294617533683776855e-01
-4.530207216739654541e-01 -2.941683828830718994e-01 3.315541744232177734e-01
-4.722722768783569336e-01 -2.761924266815185547e-01 3.447209894657135010e-01
-4.479931890964508057e-01 -2.992263436317443848e-01 3.512445986270904541e-01
-4.380729198455810547e-01 -3.320015668869018555e-01 3.018539547920227051e-01
-4.867251217365264893e-01 -2.827021777629852295e-01 3.415051698684692383e-01
-4.522201120853424072e-01 -3.113626837730407715e-01 3.335654139518737793e-01
-4.581710100173950195e-01 -3.354715108871459961e-01 3.549614846706390381e-01
-4.664873480796813965e-01 -2.797274291515350342e-01 3.276920318603515625e-01
-4.530590176582336426e-01 -3.445526659488677979e-01 3.608547151088714600e-01
-4.573284387588500977e-01 -3.186242878437042236e-01 3.725336790084838867e-01
-4.738255143165588379e-01 -2.900355756282806396e-01 3.627786934375762939e-01
-4.754373729228973389e-01 -3.242054879665374756e-01 3.443009257316589355e-01
-4.609332978725433350e-01 -3.023748397827148438e-01 3.630140721797943115e-01
-4.773647785186767578e-01 -2.912112474441528320e-01 3.575720489025115967e-01
-4.824802577495574951e-01 -2.896522879600524902e-01 3.390469849109649658e-01
-4.561147093772888184e-01 -3.241914212703704834e-01 3.510798215866088867e-01
-4.337284266948699951e-01 -2.826421856880187988e-01 3.404986858367919922e-01
-4.273351430892944336e-01 -2.823682427406311035e-01 3.442558348178863525e-01
-4.520200192928314209e-01 -2.904892265796661377e-01 3.345671296119689941e-01
-4.558711349964141846e-01 -3.183067440986633301e-01 3.345994651317596436e-01
-4.682560861110687256e-01 -3.064254522323608398e-01 3.477930426597595215e-01
-4.756753444671630859e-01 -2.746078670024871826e-01 3.425764143466949463e-01
-4.364757835865020752e-01 -3.339732587337493896e-01 3.078783750534057617e-01
-4.647100865840911865e-01 -2.748747467994689941e-01 3.256465196609497070e-01
-4.714994728565216064e-01 -3.068759441375732422e-01 3.772549927234649658e-01
-4.498388469219207764e-01 -2.853055000305175781e-01 3.628584146499633789e-01
-4.698578715324401855e-01 -3.197437822818756104e-01 3.377711772918701172e-01
-4.886713325977325439e-01 -2.856310009956359863e-01 3.415960967540740967e-01
-4.616134762763977051e-01 -2.902613878250122070e-01 3.467649817466735840e-01
-4.694756865501403809e-01 -3.095583021640777588e-01 3.463083207607269287e-01
-4.605219662189483643e-01 -3.180280029773712158e-01 3.300248384475708008e-01
-4.724427759647369385e-01 -2.917603254318237305e-01 3.675833344459533691e-01
-4.579175412654876709e-01 -3.189247250556945801e-01 3.294950425624847412e-01
-4.501661360263824463e-01 -2.930324375629425049e-01 3.342368900775909424e-01
-4.674196243286132812e-01 -3.057241737842559814e-01 3.748992979526519775e-01
-4.668835997581481934e-01 -3.066968023777008057e-01 3.489385843276977539e-01
-4.698025286197662354e-01 -2.741219103336334229e-01 3.389106094837188721e-01
-4.606706798076629639e-01 -3.218266367912292480e-01 3.788280487060546875e-01
-4.656399488449096680e-01 -3.069486618041992188e-01 3.725735247135162354e-01
-4.493212401866912842e-01 -2.877598702907562256e-01 3.340790271759033203e-01
-4.801278710365295410e-01 -2.867321670055389404e-01 3.392364680767059326e-01
-4.466428160667419434e-01 -2.876310646533966064e-01 3.389557301998138428e-01
-4.759677946567535400e-01 -2.887659966945648193e-01 3.625661134719848633e-01
-4.596053659915924072e-01 -3.256794512271881104e-01 3.566138148307800293e-01
-4.280055165290832520e-01 -3.097142577171325684e-01 3.307545781135559082e-01
-4.670590758323669434e-01 -3.071306049823760986e-01 3.784589767456054688e-01
-4.561860859394073486e-01 -3.234348595142364502e-01 3.535528779029846191e-01
-4.522548019886016846e-01 -2.857086360454559326e-01 3.307681977748870850e-01
-4.491131007671356201e-01 -2.906072735786437988e-01 3.331806659698486328e-01
-4.539880454540252686e-01 -2.916118204593658447e-01 3.327004909515380859e-01
-4.553067982196807861e-01 -2.730454802513122559e-01 3.269658386707305908e-01
-4.718946516513824463e-01 -2.779945433139801025e-01 3.383952379226684570e-01
-4.454631209373474121e-01 -2.844568789005279541e-01 3.528169393539428711e-01
-4.601625502109527588e-01 -3.249451816082000732e-01 3.529598712921142578e-01
-4.725962281227111816e-01 -2.864281535148620605e-01 3.642059564590454102e-01
-4.573168754577636719e-01 -3.370127081871032715e-01 3.515986204147338867e-01
-4.512951672077178955e-01 -3.394039571285247803e-01 3.585183024406433105e-01
-4.317129254341125488e-01 -3.219355642795562744e-01 3.197977244853973389e-01
-4.588542878627777100e-01 -3.377285599708557129e-01 3.568084537982940674e-01
-4.320765733718872070e-01 -3.254363834857940674e-01 3.140587806701660156e-01
-4.570874869823455811e-01 -3.159503936767578125e-01 3.280381262302398682e-01
-4.641982913017272949e-01 -2.878265976905822754e-01 3.344277739524841309e-01
-4.228614568710327148e-01 -2.950260341167449951e-01 3.394009172916412354e-01
-4.559428393840789795e-01 -2.867588102817535400e-01 3.463026881217956543e-01
-4.704423546791076660e-01 -3.081587553024291992e-01 3.782610893249511719e-01
-4.591712057590484619e-01 -3.240815997123718262e-01 3.530487120151519775e-01
-4.577842354774475098e-01 -3.244166970252990723e-01 3.519610464572906494e-01
-4.529479742050170898e-01 -2.868948578834533691e-01 3.339454233646392822e-01
-4.520681798458099365e-01 -2.898506820201873779e-01 3.327061533927917480e-01
-4.388848841190338135e-01 -2.859655618667602539e-01 3.427833318710327148e-01
-4.566037058830261230e-01 -3.225483596324920654e-01 3.794165849685668945e-01
-4.794457852840423584e-01 -2.878730297088623047e-01 3.617203831672668457e-01
-4.567032754421234131e-01 -2.862837016582489014e-01 3.353929519653320312e-01
-4.620758593082427979e-01 -3.028238713741302490e-01 3.642605841159820557e-01
-4.699858129024505615e-01 -3.250387907028198242e-01 3.395347595214843750e-01
-4.777913093566894531e-01 -2.926196753978729248e-01 3.598140776157379150e-01
-4.590091705322265625e-01 -3.188798725605010986e-01 3.802041113376617432e-01
-4.635216593742370605e-01 -2.743605673313140869e-01 3.168336749076843262e-01
-4.472958147525787354e-01 -2.967648506164550781e-01 3.327687084674835205e-01
-4.708421230316162109e-01 -2.926751971244812012e-01 3.637232184410095215e-01
-4.690611362457275391e-01 -3.050468564033508301e-01 3.773756325244903564e-01
-4.684028327465057373e-01 -2.847935855388641357e-01 3.345403075218200684e-01
-4.728080630302429199e-01 -2.911707162857055664e-01 3.535702526569366455e-01
-4.524782598018646240e-01 -2.937093973159790039e-01 3.400570750236511230e-01
-4.528318643569946289e-01 -3.147895336151123047e-01 3.349721729755401611e-01
-4.693176746368408203e-01 -2.875441014766693115e-01 3.434144556522369385e-01
-4.365644156932830811e-01 -2.877002656459808350e-01 3.449012041091918945e-01
-4.439550340175628662e-01 -2.869625687599182129e-01 3.431119024753570557e-01
-4.669908583164215088e-01 -3.210901916027069092e-01 3.424807786941528320e-01
-4.547118544578552246e-01 -2.962530851364135742e-01 3.359261751174926758e-01
-4.694891870021820068e-01 -3.051649928092956543e-01 3.472420573234558105e-01
-4.584263265132904053e-01 -2.745645046234130859e-01 3.208653628826141357e-01
-4.517818689346313477e-01 -3.315937221050262451e-01 3.531987071037292480e-01
-4.353035390377044678e-01 -3.344306945800781250e-01 3.085347414016723633e-01
-4.646855592727661133e-01 -3.090391159057617188e-01 3.792431354522705078e-01
-4.548399150371551514e-01 -2.889982461929321289e-01 3.355715274810791016e-01
-4.433029592037200928e-01 -2.852513790130615234e-01 3.275121748447418213e-01
-4.750027656555175781e-01 -2.863893806934356689e-01 3.621340095996856689e-01
-4.470380246639251709e-01 -2.901182472705841064e-01 3.407767415046691895e-01
-4.758859872817993164e-01 -2.869138717651367188e-01 3.588761091232299805e-01
-4.767634570598602295e-01 -2.921511828899383545e-01 3.636609911918640137e-01
-4.838251471519470215e-01 -2.861149609088897705e-01 3.466437458992004395e-01
-4.473131000995635986e-01 -2.914363443851470947e-01 3.462548553943634033e-01
-4.698192477226257324e-01 -2.904839813709259033e-01 3.614820539951324463e-01
-4.505807757377624512e-01 -2.768694758415222168e-01 3.272131383419036865e-01
-4.548110067844390869e-01 -3.177909851074218750e-01 3.272430300712585449e-01
-4.555410742759704590e-01 -2.859812080860137939e-01 3.628510832786560059e-01
-4.647277295589447021e-01 -2.881652116775512695e-01 3.362730145454406738e-01
-4.708748757839202881e-01 -3.108344674110412598e-01 3.539579212665557861e-01
-4.809627234935760498e-01 -2.898443341255187988e-01 3.568886518478393555e-01
-4.508866965770721436e-01 -2.875650227069854736e-01 3.324904143810272217e-01
-4.505125284194946289e-01 -3.037394881248474121e-01 3.549853563308715820e-01
-4.581741988658905029e-01 -3.057993650436401367e-01 3.346278965473175049e-01
-4.631936848163604736e-01 -2.886770069599151611e-01 3.347015082836151123e-01
-4.446278214454650879e-01 -3.131298422813415527e-01 3.497888445854187012e-01
-4.530799686908721924e-01 -3.104896545410156250e-01 3.603633046150207520e-01
-4.542249143123626709e-01 -2.979218065738677979e-01 3.342437744140625000e-01
-4.671570658683776855e-01 -2.776606976985931396e-01 3.258298337459564209e-01
-4.481065571308135986e-01 -2.879575788974761963e-01 3.382663130760192871e-01
-4.684801995754241943e-01 -3.048432469367980957e-01 3.748440742492675781e-01
-4.523925185203552246e-01 -2.716719508171081543e-01 3.272818624973297119e-01
-4.843680858612060547e-01 -2.853655815124511719e-01 3.411292135715484619e-01
-4.500698447227478027e-01 -2.910908758640289307e-01 3.341840207576751709e-01
-4.653798341751098633e-01 -3.075146377086639404e-01 3.763642907142639160e-01
-4.667864739894866943e-01 -3.110597133636474609e-01 3.511342108249664307e-01
-4.311367571353912354e-01 -3.242470920085906982e-01 3.137322366237640381e-01
-4.347858726978302002e-01 -3.331058919429779053e-01 3.078694641590118408e-01
-4.616426825523376465e-01 -3.198140263557434082e-01 3.332183063030242920e-01
-4.787116944789886475e-01 -2.907663583755493164e-01 3.658819794654846191e-01
-4.275585114955902100e-01 -2.837466597557067871e-01 3.434209525585174561e-01
-4.451457560062408447e-01 -3.125254511833190918e-01 3.483128845691680908e-01
-4.611040353775024414e-01 -3.213769793510437012e-01 3.345029652118682861e-01
-4.498137533664703369e-01 -2.969334721565246582e-01 3.356364369392395020e-01
-4.510993361473083496e-01 -2.767538428306579590e-01 3.266282975673675537e-01
-4.477958083152770996e-01 -2.886811196804046631e-01 3.433747291564941406e-01
-4.727741181850433350e-01 -2.765589356422424316e-01 3.394055366516113281e-01
-4.595828056335449219e-01 -3.189420104026794434e-01 3.494172990322113037e-01
-4.719021618366241455e-01 -3.091921806335449219e-01 3.532799780368804932e-01
-4.417122602462768555e-01 -3.043155372142791748e-01 3.464465439319610596e-01
-4.508675038814544678e-01 -2.892772853374481201e-01 3.339495956897735596e-01
-4.719301164150238037e-01 -2.739176452159881592e-01 3.413243889808654785e-01
-4.700284004211425781e-01 -2.899234294891357422e-01 3.422372043132781982e-01
-4.363151490688323975e-01 -2.904583513736724854e-01 3.441762328147888184e-01
-4.707180559635162354e-01 -2.777866423130035400e-01 3.248119950294494629e-01
-4.672228693962097168e-01 -2.873583436012268066e-01 3.343965709209442139e-01
-4.559000134468078613e-01 -3.156755268573760986e-01 3.362535238265991211e-01
-4.353553354740142822e-01 -3.264430165290832520e-01 3.101532459259033203e-01
-4.561513364315032959e-01 -3.025784492492675781e-01 3.331531882286071777e-01
-4.677375555038452148e-01 -3.217445611953735352e-01 3.433955907821655273e-01
-4.585257768630981445e-01 -3.253995776176452637e-01 3.535464406013488770e-01
-4.698440432548522949e-01 -3.060694038867950439e-01 3.735257685184478760e-01
-4.511798620223999023e-01 -2.867142856121063232e-01 3.337408900260925293e-01
-4.737401306629180908e-01 -2.781268656253814697e-01 3.399988412857055664e-01
-4.723538756370544434e-01 -2.842748463153839111e-01 3.625003993511199951e-01
-4.608695209026336670e-01 -3.174090087413787842e-01 3.513895869255065918e-01
-4.544274508953094482e-01 -3.004080057144165039e-01 3.340104818344116211e-01
-4.353073835372924805e-01 -3.353440463542938232e-01 3.040800094604492188e-01
-4.640435874462127686e-01 -3.103736639022827148e-01 3.755880296230316162e-01
-4.354051947593688965e-01 -2.844823002815246582e-01 3.547117412090301514e-01
-4.547607600688934326e-01 -2.974693477153778076e-01 3.361680507659912109e-01
-4.704954028129577637e-01 -3.055151104927062988e-01 3.752554357051849365e-01
-4.523918628692626953e-01 -2.874043881893157959e-01 3.340685367584228516e-01
-4.246854186058044434e-01 -3.009931743144989014e-01 3.370527327060699463e-01
-4.546286761760711670e-01 -3.090762495994567871e-01 3.283454179763793945e-01
-4.492663145065307617e-01 -2.853413224220275879e-01 3.394256234169006348e-01
-4.680469930171966553e-01 -2.762507200241088867e-01 3.261777162551879883e-01
-4.356341361999511719e-01 -3.344255089759826660e-01 3.037746548652648926e-01
-4.721195399761199951e-01 -2.880915701389312744e-01 3.460805118083953857e-01
-4.749938845634460449e-01 -2.781914174556732178e-01 3.432223200798034668e-01
-4.465318918228149414e-01 -2.787075638771057129e-01 3.321243524551391602e-01
-4.669128954410552979e-01 -3.060251772403717041e-01 3.467695116996765137e-01
-4.586395323276519775e-01 -3.364315927028656006e-01 3.564641177654266357e-01
-4.694828093051910400e-01 -2.893745601177215576e-01 3.403767943382263184e-01
-4.578531682491302490e-01 -2.994108498096466064e-01 3.577676415443420410e-01
-4.700910747051239014e-01 -3.091651797294616699e-01 3.468149900436401367e-01
-4.735296964645385742e-01 -2.943956553936004639e-01 3.600634336471557617e-01
-4.445850849151611328e-01 -2.926087379455566406e-01 3.452201783657073975e-01
-4.481528103351593018e-01 -2.890373468399047852e-01 3.428865671157836914e-01
-4.401764273643493652e-01 -2.876014709472656250e-01 3.430453538894653320e-01
-4.566564857959747314e-01 -3.221786618232727051e-01 3.780071437358856201e-01
-4.558423459529876709e-01 -3.320361077785491943e-01 3.557950556278228760e-01
-4.690278470516204834e-01 -2.903380990028381348e-01 3.499596416950225830e-01
-4.708840847015380859e-01 -3.108326196670532227e-01 3.539152741432189941e-01
-4.581671953201293945e-01 -2.995549142360687256e-01 3.422547280788421631e-01
-4.572185277938842773e-01 -3.479132950305938721e-01 3.596379160881042480e-01
-4.572891891002655029e-01 -3.481713831424713135e-01 3.597063124179840088e-01
-4.604952335357666016e-01 -3.178482055664062500e-01 3.766190409660339355e-01
-4.765369892120361328e-01 -2.896489799022674561e-01 3.639169037342071533e-01
-4.564488828182220459e-01 -3.352285921573638916e-01 3.513308763504028320e-01
-4.504906833171844482e-01 -3.062644004821777344e-01 3.329168558120727539e-01
-4.572721421718597412e-01 -3.198565840721130371e-01 3.766921162605285645e-01
-4.636155962944030762e-01 -3.089289963245391846e-01 3.744366466999053955e-01
-4.654645919799804688e-01 -2.742249071598052979e-01 3.269459605216979980e-01
-4.758751094341278076e-01 -2.902360558509826660e-01 3.573701977729797363e-01
-4.576326906681060791e-01 -2.760815620422363281e-01 3.224009573459625244e-01
-4.738663434982299805e-01 -2.743545472621917725e-01 3.428212404251098633e-01
-4.629087150096893311e-01 -3.117306828498840332e-01 3.333347141742706299e-01
-4.547464549541473389e-01 -3.171076178550720215e-01 3.325969576835632324e-01
-4.310168921947479248e-01 -3.261553049087524414e-01 3.097673058509826660e-01
-4.352427124977111816e-01 -3.237309157848358154e-01 3.143509030342102051e-01
-4.825244545936584473e-01 -2.952081561088562012e-01 3.588058352470397949e-01
-4.686738550662994385e-01 -2.752658426761627197e-01 3.234129548072814941e-01
-4.598939120769500732e-01 -2.757291197776794434e-01 3.188776969909667969e-01
-4.559116363525390625e-01 -2.836531996726989746e-01 3.675812482833862305e-01
-4.565796256065368652e-01 -3.252205252647399902e-01 3.546353280544281006e-01
-4.541348218917846680e-01 -3.158327341079711914e-01 3.315195441246032715e-01
-4.693108797073364258e-01 -3.061380386352539062e-01 3.524662256240844727e-01
-4.528079628944396973e-01 -3.460078835487365723e-01 3.568303287029266357e-01
-4.444828331470489502e-01 -2.867999672889709473e-01 3.449780344963073730e-01
-4.626322090625762939e-01 -3.200012743473052979e-01 3.516427576541900635e-01
-4.543136954307556152e-01 -2.944660484790802002e-01 3.410461544990539551e-01
-4.502892196178436279e-01 -2.749670445919036865e-01 3.262409865856170654e-01
-4.681489765644073486e-01 -3.078283369541168213e-01 3.763356804847717285e-01
-4.701795578002929688e-01 -2.756394743919372559e-01 3.428885042667388916e-01
-4.371170997619628906e-01 -3.278055787086486816e-01 3.141317665576934814e-01
-4.738593697547912598e-01 -2.901449501514434814e-01 3.540414869785308838e-01
-4.905906021595001221e-01 -2.903914749622344971e-01 3.458666503429412842e-01
-4.553333222866058350e-01 -2.940985560417175293e-01 3.337363600730895996e-01
-4.532757401466369629e-01 -2.935943901538848877e-01 3.339835405349731445e-01
-4.452285170555114746e-01 -2.876652479171752930e-01 3.430123031139373779e-01
-4.639692902565002441e-01 -2.794099152088165283e-01 3.232417404651641846e-01
-4.546106755733489990e-01 -3.024604916572570801e-01 3.350409269332885742e-01
-4.311414361000061035e-01 -3.258371353149414062e-01 3.098568022251129150e-01
-4.347114861011505127e-01 -3.291542530059814453e-01 3.104948997497558594e-01
-4.314937591552734375e-01 -3.204374313354492188e-01 3.236785829067230225e-01
-4.697538018226623535e-01 -2.776223719120025635e-01 3.389295339584350586e-01
-4.551883935928344727e-01 -2.846296429634094238e-01 3.373788893222808838e-01
-4.682406783103942871e-01 -3.106691837310791016e-01 3.547926843166351318e-01
-4.675991833209991455e-01 -3.110906779766082764e-01 3.785951137542724609e-01
-4.581497907638549805e-01 -3.218465745449066162e-01 3.322599530220031738e-01
-4.709939956665039062e-01 -2.773057818412780762e-01 3.236607611179351807e-01
-4.567188918590545654e-01 -3.199248909950256348e-01 3.801076412200927734e-01
-4.479743242263793945e-01 -2.873477637767791748e-01 3.386406302452087402e-01
-4.581427872180938721e-01 -3.180671632289886475e-01 3.327178359031677246e-01
-4.588268995285034180e-01 -3.142915964126586914e-01 3.334372937679290771e-01
-4.555663764476776123e-01 -2.878438234329223633e-01 3.352263569831848145e-01
-4.591699838638305664e-01 -3.226477503776550293e-01 3.774206638336181641e-01
-4.470838904380798340e-01 -2.968355119228363037e-01 3.482799232006072998e-01
-4.644961655139923096e-01 -3.039564490318298340e-01 3.449307382106781006e-01
-4.520158171653747559e-01 -2.894581854343414307e-01 3.306730687618255615e-01
-4.612858295440673828e-01 -2.796036899089813232e-01 3.566230535507202148e-01
-4.573818147182464600e-01 -3.200569450855255127e-01 3.560947179794311523e-01
-4.607398808002471924e-01 -3.227954208850860596e-01 3.578077256679534912e-01
-4.766639769077301025e-01 -2.902896106243133545e-01 3.600172400474548340e-01
-4.560661315917968750e-01 -3.154162764549255371e-01 3.338854908943176270e-01
-4.697048962116241455e-01 -2.871262729167938232e-01 3.390161097049713135e-01
-4.711753427982330322e-01 -3.242635726928710938e-01 3.366800546646118164e-01
-4.668099880218505859e-01 -3.187762796878814697e-01 3.331975936889648438e-01
-4.540966749191284180e-01 -2.952466905117034912e-01 3.341582715511322021e-01
-4.680526554584503174e-01 -3.073601722717285156e-01 3.534036576747894287e-01
-4.699731171131134033e-01 -3.205382525920867920e-01 3.421557247638702393e-01
-4.553145468235015869e-01 -3.349297344684600830e-01 3.534400165081024170e-01
-4.622618556022644043e-01 -3.236657679080963135e-01 3.504855036735534668e-01
-4.432033300399780273e-01 -2.798906266689300537e-01 3.327981531620025635e-01
-4.620814621448516846e-01 -3.217411935329437256e-01 3.783248066902160645e-01
-4.533629119396209717e-01 -3.016992509365081787e-01 3.334696888923645020e-01
-4.724146127700805664e-01 -3.168924450874328613e-01 3.406384885311126709e-01
-4.462289810180664062e-01 -2.942773103713989258e-01 3.321200013160705566e-01
-4.503539204597473145e-01 -3.401715755462646484e-01 3.523079156875610352e-01
-4.593285620212554932e-01 -3.140420019626617432e-01 3.334104418754577637e-01
-4.535005688667297363e-01 -2.939353883266448975e-01 3.411826193332672119e-01
-4.548038244247436523e-01 -2.728518545627593994e-01 3.221521973609924316e-01
-4.528584480285644531e-01 -2.889257371425628662e-01 3.334522545337677002e-01
-4.442385435104370117e-01 -2.858543992042541504e-01 3.281179666519165039e-01
-4.776279032230377197e-01 -2.891565561294555664e-01 3.636153042316436768e-01
-4.277120530605316162e-01 -3.107519745826721191e-01 3.311305344104766846e-01
-4.561556279659271240e-01 -3.365046083927154541e-01 3.581770360469818115e-01
-4.586507380008697510e-01 -3.389422595500946045e-01 3.573309481143951416e-01
-4.709667265415191650e-01 -2.929579913616180420e-01 3.613249063491821289e-01
-4.537472426891326904e-01 -3.003729283809661865e-01 3.346177637577056885e-01
-4.506674110889434814e-01 -3.066208064556121826e-01 3.322213888168334961e-01
-4.414027631282806396e-01 -2.855821549892425537e-01 3.487730920314788818e-01
-4.503879249095916748e-01 -3.020451068878173828e-01 3.326901197433471680e-01
-4.302451014518737793e-01 -2.817336320877075195e-01 3.490720987319946289e-01
-4.710980057716369629e-01 -3.184614479541778564e-01 3.389271795749664307e-01
-4.654063284397125244e-01 -3.195820450782775879e-01 3.395872414112091064e-01
-4.691236913204193115e-01 -2.781848013401031494e-01 3.290365040302276611e-01
-4.672943949699401855e-01 -2.728855609893798828e-01 3.264068365097045898e-01
-4.485706686973571777e-01 -2.826028764247894287e-01 3.331028819084167480e-01
-4.717054367065429688e-01 -2.930717170238494873e-01 3.425980508327484131e-01
-4.533746838569641113e-01 -2.765293419361114502e-01 3.247391581535339355e-01
-4.765248298645019531e-01 -2.762165367603302002e-01 3.452815115451812744e-01
-4.470290541648864746e-01 -2.881704866886138916e-01 3.417606055736541748e-01
-4.777798950672149658e-01 -2.883121371269226074e-01 3.636780083179473877e-01
-4.552007019519805908e-01 -3.052887618541717529e-01 3.370240032672882080e-01
-4.566122293472290039e-01 -3.155719935894012451e-01 3.358615040779113770e-01
-4.545628130435943604e-01 -2.876117229461669922e-01 3.361436128616333008e-01
-4.289030432701110840e-01 -2.833792269229888916e-01 3.475156724452972412e-01
-4.401769042015075684e-01 -2.869239151477813721e-01 3.272313475608825684e-01
-4.543804526329040527e-01 -3.112906813621520996e-01 3.326333463191986084e-01
-4.349672198295593262e-01 -3.254328668117523193e-01 3.129311501979827881e-01
-4.545404314994812012e-01 -2.857317924499511719e-01 3.637804388999938965e-01
-4.624659121036529541e-01 -2.886899411678314209e-01 3.638291656970977783e-01
-4.445156753063201904e-01 -2.795734107494354248e-01 3.279915452003479004e-01
-4.533658325672149658e-01 -3.026953041553497314e-01 3.339044153690338135e-01
-4.647801220417022705e-01 -2.777569591999053955e-01 3.582483828067779541e-01
-4.568092525005340576e-01 -3.222899436950683594e-01 3.778198957443237305e-01
-4.559703469276428223e-01 -3.228603005409240723e-01 3.511532545089721680e-01
-4.665005505084991455e-01 -2.875861227512359619e-01 3.389399945735931396e-01
-4.878237247467041016e-01 -2.848377525806427002e-01 3.439981341361999512e-01
-4.348673522472381592e-01 -3.252019882202148438e-01 3.096397519111633301e-01
-4.544292390346527100e-01 -3.318570256233215332e-01 3.513569235801696777e-01
-4.570958316326141357e-01 -3.472355902194976807e-01 3.578319847583770752e-01
-4.496507346630096436e-01 -2.912646234035491943e-01 3.367085754871368408e-01
-4.667867124080657959e-01 -2.763315439224243164e-01 3.258450627326965332e-01
-4.652270972728729248e-01 -2.775858044624328613e-01 3.270497322082519531e-01
-4.562224745750427246e-01 -3.069229423999786377e-01 3.371345698833465576e-01
-4.689603149890899658e-01 -2.906931638717651367e-01 3.443486094474792480e-01
-4.349671900272369385e-01 -3.342499434947967529e-01 3.051761984825134277e-01
-4.322819411754608154e-01 -3.251767754554748535e-01 3.180513381958007812e-01
-4.578787386417388916e-01 -3.362423479557037354e-01 3.523539602756500244e-01
-4.670199751853942871e-01 -2.777954638004302979e-01 3.224791586399078369e-01
-4.358272552490234375e-01 -3.297680318355560303e-01 3.138926625251770020e-01
-4.512889981269836426e-01 -2.921289503574371338e-01 3.303815424442291260e-01
-4.636794328689575195e-01 -2.802334725856781006e-01 3.380543887615203857e-01
-4.760475158691406250e-01 -2.775726020336151123e-01 3.434662222862243652e-01
-4.853876829147338867e-01 -2.939135134220123291e-01 3.615734875202178955e-01
-4.780787229537963867e-01 -2.916270792484283447e-01 3.664063811302185059e-01
-4.519429206848144531e-01 -3.324186503887176514e-01 3.582018911838531494e-01
-4.504822790622711182e-01 -3.400774002075195312e-01 3.522303104400634766e-01
-4.535535275936126709e-01 -3.110483586788177490e-01 3.635165095329284668e-01
-4.489006698131561279e-01 -2.898636460304260254e-01 3.367998898029327393e-01
-4.525475502014160156e-01 -3.069025278091430664e-01 3.361896872520446777e-01
-4.794058501720428467e-01 -2.908489108085632324e-01 3.592411279678344727e-01
-4.676842391490936279e-01 -2.734393179416656494e-01 3.404932022094726562e-01
-4.455291628837585449e-01 -2.942862510681152344e-01 3.478069007396697998e-01
-4.734891057014465332e-01 -3.213005363941192627e-01 3.384687900543212891e-01
-4.721086323261260986e-01 -2.766401469707489014e-01 3.242911994457244873e-01
-4.552850723266601562e-01 -3.198871314525604248e-01 3.323906958103179932e-01
-4.302149713039398193e-01 -3.270547389984130859e-01 3.159997165203094482e-01
-4.662962555885314941e-01 -2.788503468036651611e-01 3.224388062953948975e-01
-4.468843340873718262e-01 -2.842130362987518311e-01 3.231357038021087646e-01
-4.445540606975555420e-01 -2.847383320331573486e-01 3.591134250164031982e-01
-4.568432271480560303e-01 -2.975147366523742676e-01 3.423196375370025635e-01
-4.595870673656463623e-01 -3.212379515171051025e-01 3.512975573539733887e-01
-4.474017620086669922e-01 -2.890403568744659424e-01 3.388548195362091064e-01
-4.601540863513946533e-01 -3.167613148689270020e-01 3.300963044166564941e-01
-4.701164960861206055e-01 -2.892443239688873291e-01 3.380156159400939941e-01
-4.552066922187805176e-01 -2.847471535205841064e-01 3.667835593223571777e-01
-4.560075700283050537e-01 -3.179142177104949951e-01 3.336300849914550781e-01
-4.489579498767852783e-01 -2.876755595207214355e-01 3.375199437141418457e-01
-4.539004862308502197e-01 -2.766096889972686768e-01 3.258005976676940918e-01
-4.546322524547576904e-01 -2.869780063629150391e-01 3.287023603916168213e-01
-4.785193502902984619e-01 -2.948157489299774170e-01 3.598145544528961182e-01
-4.550813138484954834e-01 -3.406676650047302246e-01 3.559672534465789795e-01
-4.679476916790008545e-01 -2.889213263988494873e-01 3.427560329437255859e-01
-4.691451489925384521e-01 -2.769749164581298828e-01 3.233679533004760742e-01
-4.573607742786407471e-01 -3.198072314262390137e-01 3.768883645534515381e-01
-4.772673547267913818e-01 -2.945139706134796143e-01 3.576413094997406006e-01
-4.807110428810119629e-01 -2.912473082542419434e-01 3.618028759956359863e-01
-4.369348585605621338e-01 -3.243150711059570312e-01 3.108667731285095215e-01
-4.469413459300994873e-01 -2.896470129489898682e-01 3.447470664978027344e-01
-4.522149860858917236e-01 -3.183956444263458252e-01 3.363900482654571533e-01
-4.669693708419799805e-01 -3.049683570861816406e-01 3.777070939540863037e-01
-4.638737142086029053e-01 -2.864211201667785645e-01 3.348257243633270264e-01
-4.562529921531677246e-01 -3.177909255027770996e-01 3.731186091899871826e-01
-4.390588402748107910e-01 -2.943316400051116943e-01 3.450175821781158447e-01
-4.906594157218933105e-01 -2.886819839477539062e-01 3.439620435237884521e-01
-4.615410566329956055e-01 -2.872273623943328857e-01 3.649319410324096680e-01
-4.565031230449676514e-01 -2.952557504177093506e-01 3.339840173721313477e-01
-4.545047283172607422e-01 -2.878549993038177490e-01 3.323206305503845215e-01
-4.582904875278472900e-01 -3.189237713813781738e-01 3.334196805953979492e-01
-4.609935879707336426e-01 -2.809791862964630127e-01 3.247380256652832031e-01
-4.371615946292877197e-01 -3.243328630924224854e-01 3.140366077423095703e-01
-4.688308238983154297e-01 -2.850280404090881348e-01 3.390272855758666992e-01
-4.537897408008575439e-01 -2.979599237442016602e-01 3.359352350234985352e-01
-4.436863362789154053e-01 -2.859520018100738525e-01 3.495958745479583740e-01
-4.793201386928558350e-01 -2.880440950393676758e-01 3.380372822284698486e-01
-4.589193761348724365e-01 -3.256722092628479004e-01 3.574943542480468750e-01
-4.574514031410217285e-01 -2.875114083290100098e-01 3.357876837253570557e-01
-4.742876589298248291e-01 -2.890687286853790283e-01 3.407370746135711670e-01
-4.639492034912109375e-01 -2.891182899475097656e-01 3.391821980476379395e-01
-4.543552696704864502e-01 -2.863652110099792480e-01 3.622833490371704102e-01
-4.536356925964355469e-01 -2.826876342296600342e-01 3.482232689857482910e-01
-4.586019515991210938e-01 -2.862899601459503174e-01 3.469339311122894287e-01
-4.566948711872100830e-01 -3.160138130187988281e-01 3.361308872699737549e-01
-4.691304266452789307e-01 -2.901012599468231201e-01 3.394542336463928223e-01
-4.633817970752716064e-01 -2.799452841281890869e-01 3.371959030628204346e-01
-4.671169519424438477e-01 -3.203569054603576660e-01 3.401128649711608887e-01
-4.574083387851715088e-01 -3.424955010414123535e-01 3.617407083511352539e-01
-4.598113596439361572e-01 -3.216504156589508057e-01 3.771460652351379395e-01
-4.560371637344360352e-01 -2.976462244987487793e-01 3.549179434776306152e-01
-4.756119847297668457e-01 -2.860904335975646973e-01 3.595458865165710449e-01
-4.570927917957305908e-01 -3.190811276435852051e-01 3.312310576438903809e-01
-4.527646601200103760e-01 -3.098403513431549072e-01 3.595902621746063232e-01
-4.690245389938354492e-01 -3.096252679824829102e-01 3.498330116271972656e-01
-4.482885003089904785e-01 -2.907162904739379883e-01 3.380552530288696289e-01
-4.737569987773895264e-01 -2.924863398075103760e-01 3.570940494537353516e-01
-4.549240767955780029e-01 -2.840951681137084961e-01 3.284512460231781006e-01
-4.662353694438934326e-01 -3.174880743026733398e-01 3.401209712028503418e-01
-4.551478326320648193e-01 -3.107228577136993408e-01 3.293311893939971924e-01
-4.680389463901519775e-01 -3.109878003597259521e-01 3.545957207679748535e-01
-4.581140875816345215e-01 -3.054830431938171387e-01 3.343420326709747314e-01
-4.673509895801544189e-01 -3.050565123558044434e-01 3.478471338748931885e-01
-4.692851305007934570e-01 -2.871038317680358887e-01 3.431015908718109131e-01
-4.814580678939819336e-01 -2.881600260734558105e-01 3.391409814357757568e-01
-4.641726613044738770e-01 -3.237324953079223633e-01 3.542680740356445312e-01
-4.315673112869262695e-01 -3.269441425800323486e-01 3.070255815982818604e-01
-4.626078903675079346e-01 -3.249108791351318359e-01 3.591591417789459229e-01
-4.495904147624969482e-01 -3.237391114234924316e-01 3.520447015762329102e-01
-4.561220407485961914e-01 -3.220096528530120850e-01 3.801266551017761230e-01
-4.549725651741027832e-01 -3.011924624443054199e-01 3.364686667919158936e-01
-4.255206584930419922e-01 -2.809483110904693604e-01 3.421224653720855713e-01
-4.530926644802093506e-01 -3.376785814762115479e-01 3.552453517913818359e-01
-4.694626331329345703e-01 -2.895469963550567627e-01 3.420289754867553711e-01
-4.514465928077697754e-01 -2.876693606376647949e-01 3.380426764488220215e-01
-4.606503248214721680e-01 -2.816829383373260498e-01 3.249247670173645020e-01
-4.734742641448974609e-01 -3.217588365077972412e-01 3.389495313167572021e-01
-4.502626359462738037e-01 -2.939516007900238037e-01 3.293455243110656738e-01
-4.691424071788787842e-01 -3.213160634040832520e-01 3.421630859375000000e-01
-4.665372371673583984e-01 -3.108465969562530518e-01 3.744832575321197510e-01
-4.608919620513916016e-01 -3.207174539566040039e-01 3.750823438167572021e-01
-4.339949488639831543e-01 -3.333956897258758545e-01 3.112875521183013916e-01
-4.568484127521514893e-01 -3.228454887866973877e-01 3.794093728065490723e-01
-4.448904991149902344e-01 -2.874253094196319580e-01 3.439795374870300293e-01
-4.373427927494049072e-01 -3.281863629817962646e-01 3.139817714691162109e-01
-4.904874563217163086e-01 -2.908696830272674561e-01 3.418682515621185303e-01
-4.681780636310577393e-01 -3.167306184768676758e-01 3.384648859500885010e-01
-4.375024437904357910e-01 -2.941662669181823730e-01 3.451275229454040527e-01
-4.576034247875213623e-01 -2.966020405292510986e-01 3.326813876628875732e-01
-4.561952054500579834e-01 -3.191439509391784668e-01 3.512357771396636963e-01
-4.632270038127899170e-01 -2.759105265140533447e-01 3.383810818195343018e-01
-4.694091081619262695e-01 -3.053499162197113037e-01 3.502574861049652100e-01
-4.686547815799713135e-01 -2.723264992237091064e-01 3.403481543064117432e-01
-4.667654037475585938e-01 -3.169854581356048584e-01 3.406342566013336182e-01
-4.548291265964508057e-01 -3.208710849285125732e-01 3.793305754661560059e-01
-4.731752574443817139e-01 -2.856996059417724609e-01 3.653606176376342773e-01
-4.810133576393127441e-01 -2.907282710075378418e-01 3.565083146095275879e-01
-4.349078536033630371e-01 -3.268891870975494385e-01 3.166728019714355469e-01
-4.699406921863555908e-01 -3.125993907451629639e-01 3.786621987819671631e-01
-4.840969145298004150e-01 -2.946755290031433105e-01 3.612238168716430664e-01
-4.776105284690856934e-01 -2.936753034591674805e-01 3.604666590690612793e-01
-4.752695858478546143e-01 -2.749247550964355469e-01 3.428806662559509277e-01
-4.500070512294769287e-01 -3.256165683269500732e-01 3.516774177551269531e-01
-4.534323513507843018e-01 -2.999750971794128418e-01 3.358463048934936523e-01
-4.507900178432464600e-01 -2.994883954524993896e-01 3.309344053268432617e-01
-4.503926634788513184e-01 -3.322666287422180176e-01 3.530600965023040771e-01
-4.572519361972808838e-01 -3.209049999713897705e-01 3.488261699676513672e-01
-4.370144605636596680e-01 -3.318912088871002197e-01 3.005248904228210449e-01
-4.422786533832550049e-01 -2.882345914840698242e-01 3.431957960128784180e-01
-4.542795419692993164e-01 -3.169235587120056152e-01 3.287347555160522461e-01
-4.605146944522857666e-01 -3.244743943214416504e-01 3.588034510612487793e-01
-4.351055026054382324e-01 -3.249608874320983887e-01 3.103896081447601318e-01
-4.536024332046508789e-01 -2.976655662059783936e-01 3.358313739299774170e-01
-4.535120725631713867e-01 -2.763952314853668213e-01 3.258068263530731201e-01
-4.654341638088226318e-01 -2.794484794139862061e-01 3.272550106048583984e-01
-4.489709734916687012e-01 -2.916386127471923828e-01 3.371525108814239502e-01
-4.536935091018676758e-01 -2.948025763034820557e-01 3.334886133670806885e-01
-4.517222642898559570e-01 -3.326466381549835205e-01 3.550043702125549316e-01
-4.486919045448303223e-01 -3.373572230339050293e-01 3.555468320846557617e-01
-4.715936183929443359e-01 -3.059265017509460449e-01 3.504669070243835449e-01
-4.488244950771331787e-01 -3.331488966941833496e-01 3.532199561595916748e-01
-4.692379534244537354e-01 -3.167770504951477051e-01 3.365846574306488037e-01
-4.552803933620452881e-01 -2.899330258369445801e-01 3.378627896308898926e-01
-4.691211581230163574e-01 -3.100905716419219971e-01 3.769464194774627686e-01
-4.683888256549835205e-01 -3.074048757553100586e-01 3.729095458984375000e-01
-4.538891315460205078e-01 -2.759251594543457031e-01 3.250487148761749268e-01
-4.682968556880950928e-01 -2.909221649169921875e-01 3.433286845684051514e-01
-4.417805969715118408e-01 -2.800205051898956299e-01 3.340746760368347168e-01
-4.611068367958068848e-01 -3.178472220897674561e-01 3.347793817520141602e-01
-4.702079892158508301e-01 -2.890717089176177979e-01 3.404338657855987549e-01
-4.483576118946075439e-01 -3.241076469421386719e-01 3.524336218833923340e-01
-4.254618287086486816e-01 -2.829267084598541260e-01 3.424371480941772461e-01
-4.444066286087036133e-01 -2.912558317184448242e-01 3.452883958816528320e-01
-4.489097893238067627e-01 -3.161871135234832764e-01 3.336729407310485840e-01
-4.609341919422149658e-01 -3.178218901157379150e-01 3.530967235565185547e-01
-4.683620631694793701e-01 -3.205541372299194336e-01 3.334361612796783447e-01
-4.430139958858489990e-01 -2.866962254047393799e-01 3.429333865642547607e-01
-4.311752617359161377e-01 -3.275519013404846191e-01 3.119550943374633789e-01
-4.345004856586456299e-01 -3.329963386058807373e-01 3.114861845970153809e-01
-4.747003316879272461e-01 -3.227692842483520508e-01 3.436624407768249512e-01
-4.575202763080596924e-01 -3.085772693157196045e-01 3.327008187770843506e-01
-4.744902849197387695e-01 -2.878418564796447754e-01 3.374881148338317871e-01
-4.746925234794616699e-01 -2.909944057464599609e-01 3.549629449844360352e-01
-4.673359990119934082e-01 -2.733350992202758789e-01 3.216563463211059570e-01
-4.546093642711639404e-01 -3.303397893905639648e-01 3.564605116844177246e-01
-4.306338131427764893e-01 -3.298918008804321289e-01 3.148255050182342529e-01
-4.576475918292999268e-01 -3.183018565177917480e-01 3.291465938091278076e-01
-4.338629543781280518e-01 -3.299467563629150391e-01 3.164232671260833740e-01
-4.663078784942626953e-01 -3.095323741436004639e-01 3.722101449966430664e-01
-4.749646782875061035e-01 -2.884235084056854248e-01 3.595770597457885742e-01
-4.572538435459136963e-01 -3.140838444232940674e-01 3.286307156085968018e-01
-4.490003585815429688e-01 -2.887431979179382324e-01 3.399556875228881836e-01
-4.902791380882263184e-01 -2.866326570510864258e-01 3.425111770629882812e-01
-4.822737574577331543e-01 -2.951045632362365723e-01 3.588044345378875732e-01
-4.479427933692932129e-01 -2.712164223194122314e-01 3.267796635627746582e-01
-4.668282270431518555e-01 -3.107455968856811523e-01 3.530124127864837646e-01
-4.574844837188720703e-01 -3.233330547809600830e-01 3.788457214832305908e-01
-4.660073816776275635e-01 -2.886726558208465576e-01 3.326782286167144775e-01
-4.553004205226898193e-01 -3.185697793960571289e-01 3.798292279243469238e-01
-4.567316472530364990e-01 -3.084884285926818848e-01 3.373298943042755127e-01
-4.581586420536041260e-01 -3.222704529762268066e-01 3.759077787399291992e-01
-4.611189067363739014e-01 -3.251081407070159912e-01 3.523386120796203613e-01
-4.559910595417022705e-01 -3.209203779697418213e-01 3.274478912353515625e-01
-4.723024964332580566e-01 -3.097852170467376709e-01 3.499090373516082764e-01
-4.548696279525756836e-01 -2.875654101371765137e-01 3.310936987400054932e-01
-4.661209583282470703e-01 -3.174946308135986328e-01 3.399819433689117432e-01
-4.697807431221008301e-01 -3.211968839168548584e-01 3.388925790786743164e-01
-4.560586512088775635e-01 -3.022221624851226807e-01 3.337634503841400146e-01
-4.442121982574462891e-01 -2.847234606742858887e-01 3.517724275588989258e-01
-4.372267425060272217e-01 -3.278369903564453125e-01 3.134549558162689209e-01
-4.655896425247192383e-01 -2.915126383304595947e-01 3.345136940479278564e-01
-4.512470960617065430e-01 -2.929556667804718018e-01 3.356587588787078857e-01
-4.228138029575347900e-01 -2.899546921253204346e-01 3.406831324100494385e-01
-4.652086794376373291e-01 -3.069129288196563721e-01 3.705420792102813721e-01
-4.606401026248931885e-01 -3.195808231830596924e-01 3.505104482173919678e-01
-4.698446691036224365e-01 -3.052037954330444336e-01 3.740555047988891602e-01
-4.569517970085144043e-01 -3.181608915328979492e-01 3.512659072875976562e-01
-4.664531946182250977e-01 -2.768150866031646729e-01 3.145833909511566162e-01
-4.578046500682830811e-01 -3.162507712841033936e-01 3.317606449127197266e-01
-4.300825595855712891e-01 -2.835690379142761230e-01 3.500309884548187256e-01
-4.527365863323211670e-01 -2.864071130752563477e-01 3.318756818771362305e-01
-4.663197398185729980e-01 -3.089549243450164795e-01 3.464680612087249756e-01
-4.613609611988067627e-01 -3.193794190883636475e-01 3.298914432525634766e-01
-4.492208063602447510e-01 -2.956136167049407959e-01 3.346749246120452881e-01
-4.511166512966156006e-01 -3.305909633636474609e-01 3.558827638626098633e-01
-4.601268768310546875e-01 -3.161479532718658447e-01 3.349578380584716797e-01
-4.510926902294158936e-01 -2.916768193244934082e-01 3.336184918880462646e-01
-4.659107625484466553e-01 -3.051954805850982666e-01 3.459403514862060547e-01
-4.567514657974243164e-01 -3.033952414989471436e-01 3.336848914623260498e-01
-4.539669752120971680e-01 -3.143543601036071777e-01 3.307029008865356445e-01
-4.549859464168548584e-01 -3.207174837589263916e-01 3.752422034740447998e-01
-4.334275722503662109e-01 -3.292850553989410400e-01 3.119820654392242432e-01
-4.722746312618255615e-01 -2.903830111026763916e-01 3.440054357051849365e-01
-4.333971142768859863e-01 -3.291875123977661133e-01 3.120261430740356445e-01
-4.632209241390228271e-01 -2.892650365829467773e-01 3.354630470275878906e-01
-4.513297975063323975e-01 -3.420123755931854248e-01 3.586693406105041504e-01
-4.718945324420928955e-01 -3.227996826171875000e-01 3.450119197368621826e-01
-4.571979045867919922e-01 -2.986837029457092285e-01 3.419419527053833008e-01
-4.528542757034301758e-01 -3.056511878967285156e-01 3.360621929168701172e-01
-4.376732409000396729e-01 -3.287302255630493164e-01 3.135085403919219971e-01
-4.265249371528625488e-01 -2.812700867652893066e-01 3.434731662273406982e-01
-4.667944014072418213e-01 -3.171756267547607422e-01 3.408705592155456543e-01
-4.672775268554687500e-01 -3.162101805210113525e-01 3.342956602573394775e-01
-4.742472767829895020e-01 -2.894583046436309814e-01 3.408992886543273926e-01
-4.534379541873931885e-01 -3.126406669616699219e-01 3.355971276760101318e-01
-4.505933821201324463e-01 -3.340882658958435059e-01 3.564995527267456055e-01
-4.760058820247650146e-01 -2.902567684650421143e-01 3.551589548587799072e-01
-4.680158197879791260e-01 -3.080469369888305664e-01 3.771464228630065918e-01
-4.507192671298980713e-01 -3.079391717910766602e-01 3.325965106487274170e-01
-4.515390396118164062e-01 -3.154611587524414062e-01 3.348824381828308105e-01
-4.474115967750549316e-01 -2.706295549869537354e-01 3.261506855487823486e-01
-4.691405594348907471e-01 -3.076203465461730957e-01 3.741831779479980469e-01
-4.485158920288085938e-01 -2.888150513172149658e-01 3.389736711978912354e-01
-4.589118957519531250e-01 -3.194848597049713135e-01 3.295628726482391357e-01
-4.486823379993438721e-01 -2.853732109069824219e-01 3.334426581859588623e-01
-4.745053350925445557e-01 -2.874808609485626221e-01 3.582383394241333008e-01
-4.511545598506927490e-01 -3.134901523590087891e-01 3.299042284488677979e-01
-4.546505212783813477e-01 -3.323258757591247559e-01 3.582553863525390625e-01
-4.472081959247589111e-01 -2.944156527519226074e-01 3.317741155624389648e-01
-4.359939694404602051e-01 -2.844797670841217041e-01 3.555932044982910156e-01
-4.370982348918914795e-01 -3.266359567642211914e-01 3.148841261863708496e-01
-4.739437103271484375e-01 -2.881540060043334961e-01 3.366435766220092773e-01
-4.739325642585754395e-01 -2.759261429309844971e-01 3.407390415668487549e-01
-4.701967537403106689e-01 -2.872810661792755127e-01 3.384205698966979980e-01
-4.735263586044311523e-01 -2.874498069286346436e-01 3.623407781124114990e-01
-4.680974781513214111e-01 -3.213435709476470947e-01 3.437000215053558350e-01
-4.517677724361419678e-01 -3.442488312721252441e-01 3.591207265853881836e-01
-4.531052410602569580e-01 -3.101739287376403809e-01 3.600733280181884766e-01
-4.693027436733245850e-01 -2.783069014549255371e-01 3.233386576175689697e-01
-4.715762734413146973e-01 -3.107109665870666504e-01 3.488303124904632568e-01
-4.523247778415679932e-01 -2.886490821838378906e-01 3.425307571887969971e-01
-4.355251789093017578e-01 -2.849547863006591797e-01 3.429063260555267334e-01
-4.705643951892852783e-01 -2.888922691345214844e-01 3.380782902240753174e-01
-4.356091916561126709e-01 -3.281743824481964111e-01 3.182053267955780029e-01
-4.556449651718139648e-01 -2.812519967555999756e-01 3.516534864902496338e-01
-4.707251191139221191e-01 -2.865318953990936279e-01 3.652460277080535889e-01
-4.748969972133636475e-01 -2.874052524566650391e-01 3.361340165138244629e-01
-4.359197616577148438e-01 -3.355711996555328369e-01 3.053689599037170410e-01
-4.638227522373199463e-01 -3.234223425388336182e-01 3.559785485267639160e-01
-4.659399688243865967e-01 -3.090477883815765381e-01 3.749857246875762939e-01
-4.752117395401000977e-01 -2.923274338245391846e-01 3.617191612720489502e-01
-4.548420310020446777e-01 -2.810436785221099854e-01 3.386926054954528809e-01
-4.505657255649566650e-01 -2.840106487274169922e-01 3.342407345771789551e-01
-4.618100821971893311e-01 -3.223213553428649902e-01 3.531096875667572021e-01
-4.774811267852783203e-01 -2.872791290283203125e-01 3.608151674270629883e-01
-4.516730010509490967e-01 -3.356505334377288818e-01 3.524183332920074463e-01
-4.765149056911468506e-01 -2.879295051097869873e-01 3.562531471252441406e-01
-4.719475507736206055e-01 -3.196893632411956787e-01 3.421286344528198242e-01
-4.576252698898315430e-01 -3.220327496528625488e-01 3.493991792201995850e-01
-4.578408300876617432e-01 -3.358316421508789062e-01 3.528024554252624512e-01
-4.488535523414611816e-01 -2.939038872718811035e-01 3.345913887023925781e-01
-4.362109303474426270e-01 -2.845795452594757080e-01 3.551486432552337646e-01
-4.657864868640899658e-01 -3.057089447975158691e-01 3.707305192947387695e-01
-4.860078394412994385e-01 -2.879104316234588623e-01 3.413896262645721436e-01
-4.511643648147583008e-01 -3.346913456916809082e-01 3.594861030578613281e-01
-4.346542656421661377e-01 -3.252165615558624268e-01 3.128758668899536133e-01
-4.430782794952392578e-01 -2.853309512138366699e-01 3.484842479228973389e-01
-4.589854180812835693e-01 -3.016121387481689453e-01 3.591114878654479980e-01
-4.698354005813598633e-01 -3.197395801544189453e-01 3.377241194248199463e-01
-4.303639233112335205e-01 -3.319492042064666748e-01 3.093329668045043945e-01
-4.657459557056427002e-01 -2.752721309661865234e-01 3.206478357315063477e-01
-4.632239341735839844e-01 -3.043850064277648926e-01 3.648903667926788330e-01
-4.483476877212524414e-01 -3.217361867427825928e-01 3.520185053348541260e-01
-4.775255024433135986e-01 -2.913144528865814209e-01 3.607124984264373779e-01
-4.884967207908630371e-01 -2.890821397304534912e-01 3.489581048488616943e-01
-4.430932104587554932e-01 -2.791129350662231445e-01 3.339055180549621582e-01
-4.436109662055969238e-01 -3.067970871925354004e-01 3.478736579418182373e-01
-4.882354736328125000e-01 -2.880979478359222412e-01 3.413830399513244629e-01
-4.574773311614990234e-01 -3.343722522258758545e-01 3.580812811851501465e-01
-4.435030817985534668e-01 -2.831649482250213623e-01 3.272539675235748291e-01
-4.568136930465698242e-01 -3.149330019950866699e-01 3.314886391162872314e-01
-4.754637479782104492e-01 -2.894373834133148193e-01 3.610323965549468994e-01
-4.522856473922729492e-01 -3.123845458030700684e-01 3.317795395851135254e-01
-4.471664726734161377e-01 -2.943406701087951660e-01 3.419971466064453125e-01
-4.652805030345916748e-01 -3.066738843917846680e-01 3.697448074817657471e-01
-4.495747685432434082e-01 -2.878883779048919678e-01 3.389717638492584229e-01
-4.486836791038513184e-01 -2.959533035755157471e-01 3.410133421421051025e-01
-4.490538835525512695e-01 -2.907272875308990479e-01 3.335174620151519775e-01
-4.671584069728851318e-01 -3.219797015190124512e-01 3.427775204181671143e-01
-4.598101377487182617e-01 -2.791313827037811279e-01 3.540267348289489746e-01
-4.616154432296752930e-01 -3.191359937191009521e-01 3.792738020420074463e-01
-4.515713751316070557e-01 -2.839759886264801025e-01 3.344516754150390625e-01
-4.415720999240875244e-01 -2.850262820720672607e-01 3.485342562198638916e-01
-4.517552852630615234e-01 -3.343965113162994385e-01 3.547049760818481445e-01
-4.804364740848541260e-01 -2.940268218517303467e-01 3.585506677627563477e-01
-4.659669697284698486e-01 -3.187098205089569092e-01 3.379378020763397217e-01
-4.522492885589599609e-01 -3.337383270263671875e-01 3.516819775104522705e-01
-4.424248039722442627e-01 -2.864549458026885986e-01 3.294018208980560303e-01
-4.624089002609252930e-01 -2.798092961311340332e-01 3.246945738792419434e-01
-4.539565443992614746e-01 -3.302817344665527344e-01 3.568890094757080078e-01
-4.297492802143096924e-01 -3.173194229602813721e-01 3.256911933422088623e-01
-4.600245654582977295e-01 -3.221846222877502441e-01 3.327024877071380615e-01
-4.475782811641693115e-01 -2.947469055652618408e-01 3.310296833515167236e-01
-4.470490515232086182e-01 -2.838107645511627197e-01 3.282636702060699463e-01
-4.711418151855468750e-01 -2.759455442428588867e-01 3.235533535480499268e-01
-4.596011042594909668e-01 -3.214177787303924561e-01 3.500467836856842041e-01
-4.743172526359558105e-01 -3.220001459121704102e-01 3.417776823043823242e-01
-4.768591225147247314e-01 -2.942834794521331787e-01 3.551615476608276367e-01
-4.490756988525390625e-01 -3.015641570091247559e-01 3.513573110103607178e-01
-4.589548110961914062e-01 -3.243484199047088623e-01 3.567924499511718750e-01
-4.496299028396606445e-01 -2.831712067127227783e-01 3.298271000385284424e-01
-4.715372323989868164e-01 -2.769609093666076660e-01 3.425188362598419189e-01
-4.717418551445007324e-01 -2.741487026214599609e-01 3.251258730888366699e-01
-4.513193964958190918e-01 -3.310045599937438965e-01 3.569505214691162109e-01
-4.729360640048980713e-01 -3.188548386096954346e-01 3.382851779460906982e-01
-4.480184614658355713e-01 -2.935208380222320557e-01 3.361903727054595947e-01
-4.333966374397277832e-01 -3.314894735813140869e-01 3.140129745006561279e-01
-4.672169089317321777e-01 -3.100411891937255859e-01 3.467140793800354004e-01
-4.495461285114288330e-01 -2.874193787574768066e-01 3.366056382656097412e-01
-4.529280662536621094e-01 -2.746068835258483887e-01 3.277674019336700439e-01
-4.715933799743652344e-01 -2.768718004226684570e-01 3.405857682228088379e-01
-4.549527466297149658e-01 -3.033897876739501953e-01 3.355277180671691895e-01
-4.553963243961334229e-01 -3.164914250373840332e-01 3.373737931251525879e-01
-4.388857483863830566e-01 -2.841275930404663086e-01 3.581503033638000488e-01
-4.789289236068725586e-01 -2.904274761676788330e-01 3.620294034481048584e-01
-4.325600564479827881e-01 -3.303603231906890869e-01 3.154375851154327393e-01
-4.566319584846496582e-01 -3.197958171367645264e-01 3.549250662326812744e-01
-4.610800147056579590e-01 -3.194753229618072510e-01 3.559851348400115967e-01
-4.539089500904083252e-01 -3.302360177040100098e-01 3.563628494739532471e-01
-4.703835546970367432e-01 -2.871724665164947510e-01 3.611381649971008301e-01
-4.593392312526702881e-01 -3.170331418514251709e-01 3.778224885463714600e-01
-4.386091828346252441e-01 -3.324786424636840820e-01 3.024120628833770752e-01
-4.267402887344360352e-01 -2.826484441757202148e-01 3.420352935791015625e-01
-4.472594857215881348e-01 -2.890210151672363281e-01 3.420923650264739990e-01
-4.754669368267059326e-01 -2.920191287994384766e-01 3.621852695941925049e-01
-4.378634989261627197e-01 -3.291184008121490479e-01 3.099747300148010254e-01
-4.724712967872619629e-01 -3.179356157779693604e-01 3.419023156166076660e-01
-4.472075998783111572e-01 -2.908653020858764648e-01 3.376421034336090088e-01
-4.519536793231964111e-01 -2.912841439247131348e-01 3.313284516334533691e-01
-4.690580666065216064e-01 -3.052685260772705078e-01 3.501749634742736816e-01
-4.691286385059356689e-01 -3.176516294479370117e-01 3.420745432376861572e-01
-4.554103612899780273e-01 -2.811854779720306396e-01 3.500957489013671875e-01
-4.609051942825317383e-01 -3.200204372406005859e-01 3.567992150783538818e-01
-4.336592853069305420e-01 -3.352549076080322266e-01 3.060325980186462402e-01
-4.544684290885925293e-01 -3.168352544307708740e-01 3.332296609878540039e-01
-4.217348694801330566e-01 -2.910681664943695068e-01 3.395358622074127197e-01
-4.578370153903961182e-01 -3.427805006504058838e-01 3.544144928455352783e-01
-4.670092165470123291e-01 -3.100152313709259033e-01 3.723955750465393066e-01
-4.680535793304443359e-01 -2.850681841373443604e-01 3.377284705638885498e-01
-4.273568391799926758e-01 -3.075169026851654053e-01 3.341422379016876221e-01
-4.532230794429779053e-01 -3.007504940032958984e-01 3.336024284362792969e-01
-4.524566829204559326e-01 -3.452066481113433838e-01 3.599683940410614014e-01
-4.486639797687530518e-01 -3.172535896301269531e-01 3.353548347949981689e-01
-4.497202634811401367e-01 -3.126844763755798340e-01 3.344679772853851318e-01
-4.541170001029968262e-01 -2.939028739929199219e-01 3.326380848884582520e-01
-4.897523820400238037e-01 -2.872169613838195801e-01 3.415784537792205811e-01
-4.498002231121063232e-01 -2.923294603824615479e-01 3.365648090839385986e-01
-4.515295326709747314e-01 -3.388859033584594727e-01 3.587222099304199219e-01
-4.502080380916595459e-01 -2.887583076953887939e-01 3.395538032054901123e-01
-4.695858359336853027e-01 -3.091207742691040039e-01 3.503624200820922852e-01
-4.405684471130371094e-01 -2.833076119422912598e-01 3.294698894023895264e-01
-4.599212408065795898e-01 -3.148836195468902588e-01 3.271391391754150391e-01
-4.577161371707916260e-01 -3.220124542713165283e-01 3.531090617179870605e-01
-4.534509479999542236e-01 -2.891848087310791016e-01 3.381159603595733643e-01
-4.653033912181854248e-01 -2.766472399234771729e-01 3.268723189830780029e-01
-4.661319553852081299e-01 -2.793566286563873291e-01 3.273723423480987549e-01
-4.524227380752563477e-01 -2.960441410541534424e-01 3.505529463291168213e-01
-4.555134177207946777e-01 -3.115613758563995361e-01 3.449483513832092285e-01
-4.720214605331420898e-01 -3.184854090213775635e-01 3.427854776382446289e-01
-4.602274894714355469e-01 -3.174135386943817139e-01 3.319725692272186279e-01
-4.693369567394256592e-01 -2.871196568012237549e-01 3.399415910243988037e-01
-4.821594953536987305e-01 -2.910790145397186279e-01 3.418947160243988037e-01
-4.519850015640258789e-01 -3.388027250766754150e-01 3.532178699970245361e-01
-4.380067586898803711e-01 -3.296741843223571777e-01 3.087661564350128174e-01
-4.262487292289733887e-01 -3.048247694969177246e-01 3.340326547622680664e-01
-4.674448966979980469e-01 -2.883182168006896973e-01 3.632818460464477539e-01
-4.532712697982788086e-01 -3.055205345153808594e-01 3.288869261741638184e-01
-4.796525835990905762e-01 -2.901661098003387451e-01 3.630666732788085938e-01
-4.483297467231750488e-01 -2.952908277511596680e-01 3.342805206775665283e-01
-4.845902323722839355e-01 -2.897267937660217285e-01 3.376864194869995117e-01
-4.512212276458740234e-01 -3.038025200366973877e-01 3.327339291572570801e-01
-4.576408267021179199e-01 -2.988724112510681152e-01 3.558054268360137939e-01
-4.268155992031097412e-01 -2.820974588394165039e-01 3.441174328327178955e-01
-4.593318402767181396e-01 -3.195578753948211670e-01 3.559121191501617432e-01
-4.512968957424163818e-01 -2.873696386814117432e-01 3.325969278812408447e-01
-4.483833611011505127e-01 -2.879778146743774414e-01 3.310215473175048828e-01
-4.612359702587127686e-01 -3.177061378955841064e-01 3.537170290946960449e-01
-4.740291237831115723e-01 -2.861219346523284912e-01 3.656589686870574951e-01
-4.621327817440032959e-01 -3.206902444362640381e-01 3.794320523738861084e-01
-4.647488892078399658e-01 -3.133227229118347168e-01 3.349842429161071777e-01
-4.471578001976013184e-01 -2.867123186588287354e-01 3.255850076675415039e-01
-4.784784018993377686e-01 -2.923982143402099609e-01 3.661856949329376221e-01
-4.437221884727478027e-01 -2.827034294605255127e-01 3.297299742698669434e-01
-4.428841471672058105e-01 -2.842194736003875732e-01 3.601689338684082031e-01
-4.612547755241394043e-01 -3.200416564941406250e-01 3.312414288520812988e-01
-4.481568336486816406e-01 -3.161285221576690674e-01 3.337263762950897217e-01
-4.509892463684082031e-01 -2.930495440959930420e-01 3.403119146823883057e-01
-4.593097567558288574e-01 -3.420004546642303467e-01 3.561678230762481689e-01
-4.626604318618774414e-01 -3.224871754646301270e-01 3.549969792366027832e-01
-4.559301733970642090e-01 -2.703818082809448242e-01 3.248511254787445068e-01
-4.642036855220794678e-01 -2.785213887691497803e-01 3.576358854770660400e-01
-4.684416949748992920e-01 -2.878905832767486572e-01 3.644563853740692139e-01
-4.272458851337432861e-01 -2.829330861568450928e-01 3.444297015666961670e-01
-4.564192891120910645e-01 -2.987985312938690186e-01 3.306911587715148926e-01
-4.356639683246612549e-01 -2.865766584873199463e-01 3.449383378028869629e-01
-4.761532843112945557e-01 -2.896919846534729004e-01 3.623360097408294678e-01
-4.453499913215637207e-01 -2.898000180721282959e-01 3.427547216415405273e-01
-4.320383369922637939e-01 -3.298726975917816162e-01 3.064968883991241455e-01
-4.421578645706176758e-01 -2.879377603530883789e-01 3.260428011417388916e-01
-4.506940543651580811e-01 -3.111135363578796387e-01 3.314715325832366943e-01
-4.324258267879486084e-01 -3.299966752529144287e-01 3.144326508045196533e-01
-4.311769306659698486e-01 -3.165514171123504639e-01 3.255325555801391602e-01
-4.635941088199615479e-01 -3.237599432468414307e-01 3.509147167205810547e-01
-4.534942805767059326e-01 -2.992800772190093994e-01 3.343386054039001465e-01
-4.496134817600250244e-01 -2.892802953720092773e-01 3.327523767948150635e-01
-4.491774141788482666e-01 -2.893488407135009766e-01 3.402843177318572998e-01
-4.667616486549377441e-01 -3.066418766975402832e-01 3.727907538414001465e-01
-4.505905508995056152e-01 -3.022915720939636230e-01 3.419639468193054199e-01
-4.520803689956665039e-01 -2.928798794746398926e-01 3.340327739715576172e-01
-4.720656573772430420e-01 -3.075294494628906250e-01 3.495257794857025146e-01
-4.592163860797882080e-01 -3.188372254371643066e-01 3.291388750076293945e-01
-4.673241078853607178e-01 -2.732080221176147461e-01 3.219733238220214844e-01
-4.522341191768646240e-01 -3.034771382808685303e-01 3.301752805709838867e-01
-4.490578770637512207e-01 -2.752617895603179932e-01 3.234882950782775879e-01
-4.758569598197937012e-01 -2.757959067821502686e-01 3.385344743728637695e-01
-4.532269537448883057e-01 -3.466702401638031006e-01 3.569411635398864746e-01
-4.494557380676269531e-01 -2.882282137870788574e-01 3.365689814090728760e-01
-4.357374012470245361e-01 -3.362266421318054199e-01 3.037652075290679932e-01
-4.605248868465423584e-01 -3.175644278526306152e-01 3.527528643608093262e-01
-4.794503450393676758e-01 -2.907432615756988525e-01 3.592970371246337891e-01
-4.498037397861480713e-01 -2.889207303524017334e-01 3.383648991584777832e-01
-4.547454714775085449e-01 -3.190042674541473389e-01 3.318870663642883301e-01
-4.609657227993011475e-01 -3.234892487525939941e-01 3.583063781261444092e-01
-4.543204009532928467e-01 -2.744287550449371338e-01 3.228226006031036377e-01
-4.767057299613952637e-01 -2.938934266567230225e-01 3.633060753345489502e-01
-4.298041462898254395e-01 -3.142512738704681396e-01 3.271661400794982910e-01
-4.660140573978424072e-01 -3.086128234863281250e-01 3.465642333030700684e-01
-4.537633359432220459e-01 -3.171525001525878906e-01 3.353152871131896973e-01
-4.487951397895812988e-01 -3.139016926288604736e-01 3.336936533451080322e-01
-4.547796845436096191e-01 -3.149060308933258057e-01 3.259452283382415771e-01
-4.559280872344970703e-01 -2.839090228080749512e-01 3.673342168331146240e-01
-4.705514013767242432e-01 -3.096834123134613037e-01 3.783545196056365967e-01
-4.642201066017150879e-01 -2.864951193332672119e-01 3.498186767101287842e-01
-4.256571829319000244e-01 -3.018033802509307861e-01 3.354233503341674805e-01
-4.398158788681030273e-01 -3.006133735179901123e-01 3.462368249893188477e-01
-4.511735439300537109e-01 -2.918340265750885010e-01 3.337841331958770752e-01
-4.671883881092071533e-01 -2.896124720573425293e-01 3.402725160121917725e-01
-4.460081160068511963e-01 -2.951253652572631836e-01 3.468737006187438965e-01
-4.545103311538696289e-01 -2.882356345653533936e-01 3.452903628349304199e-01
-4.359369575977325439e-01 -3.322712481021881104e-01 3.110888600349426270e-01
-4.667550623416900635e-01 -3.204975724220275879e-01 3.376056849956512451e-01
-4.779723882675170898e-01 -2.876435518264770508e-01 3.596222102642059326e-01
-4.383047521114349365e-01 -2.831029593944549561e-01 3.569251596927642822e-01
-4.596114754676818848e-01 -3.255577385425567627e-01 3.586726486682891846e-01
-4.624003767967224121e-01 -3.218812048435211182e-01 3.584843873977661133e-01
-4.698563814163208008e-01 -3.151739835739135742e-01 3.366336822509765625e-01
-4.797707200050354004e-01 -2.901582419872283936e-01 3.607863485813140869e-01
-4.544131755828857422e-01 -2.857849895954132080e-01 3.626547455787658691e-01
-4.502893686294555664e-01 -2.755524516105651855e-01 3.254127800464630127e-01
-4.726866483688354492e-01 -2.934635281562805176e-01 3.609092235565185547e-01
-4.542868733406066895e-01 -2.877775728702545166e-01 3.357805907726287842e-01
-4.866137802600860596e-01 -2.832747101783752441e-01 3.445960581302642822e-01
-4.905080497264862061e-01 -2.909281551837921143e-01 3.470589220523834229e-01
-4.554983675479888916e-01 -3.415378034114837646e-01 3.577072620391845703e-01
-4.563708007335662842e-01 -3.163148760795593262e-01 3.334868550300598145e-01
-4.533392488956451416e-01 -3.084521591663360596e-01 3.444852828979492188e-01
-4.646275639533996582e-01 -3.110971450805664062e-01 3.793743252754211426e-01
-4.522236585617065430e-01 -2.889714241027832031e-01 3.334384560585021973e-01
-4.530863463878631592e-01 -3.366949558258056641e-01 3.561914563179016113e-01
-4.363204538822174072e-01 -3.368522226810455322e-01 3.033685982227325439e-01
-4.790342450141906738e-01 -2.938049435615539551e-01 3.594066500663757324e-01
-4.760730564594268799e-01 -2.925471961498260498e-01 3.625926077365875244e-01
-4.526216685771942139e-01 -3.174608349800109863e-01 3.342699706554412842e-01
-4.442778825759887695e-01 -2.875674962997436523e-01 3.434030711650848389e-01
-4.332873225212097168e-01 -3.317021727561950684e-01 3.018873333930969238e-01
-4.492243528366088867e-01 -3.350423276424407959e-01 3.514711558818817139e-01
-4.866343736648559570e-01 -2.897355258464813232e-01 3.456631600856781006e-01
-4.749911427497863770e-01 -2.867826223373413086e-01 3.638839125633239746e-01
-4.685362875461578369e-01 -3.085791468620300293e-01 3.786653876304626465e-01
-4.721857011318206787e-01 -2.779811918735504150e-01 3.217850327491760254e-01
-4.475605785846710205e-01 -2.859553396701812744e-01 3.402364850044250488e-01
-4.556617140769958496e-01 -3.412511050701141357e-01 3.563617467880249023e-01
-4.466558396816253662e-01 -2.873974442481994629e-01 3.252296447753906250e-01
-4.508732557296752930e-01 -3.111419081687927246e-01 3.312206864356994629e-01
-4.634392261505126953e-01 -2.891442477703094482e-01 3.329351544380187988e-01
-4.589360356330871582e-01 -3.208182156085968018e-01 3.575038313865661621e-01
-4.516006410121917725e-01 -3.190964460372924805e-01 3.327189981937408447e-01
-4.456668496131896973e-01 -2.869439125061035156e-01 3.439522385597229004e-01
-4.584838449954986572e-01 -3.232932388782501221e-01 3.531678318977355957e-01
-4.502855539321899414e-01 -2.758277058601379395e-01 3.255375623703002930e-01
-4.485413730144500732e-01 -2.956833243370056152e-01 3.344049155712127686e-01
-4.550474882125854492e-01 -2.705051898956298828e-01 3.282580077648162842e-01
-4.757214188575744629e-01 -2.871165871620178223e-01 3.578545749187469482e-01
-4.645630121231079102e-01 -2.770935297012329102e-01 3.602716028690338135e-01
-4.584573805332183838e-01 -3.447584211826324463e-01 3.551328182220458984e-01
-4.511038064956665039e-01 -2.958447933197021484e-01 3.343775272369384766e-01
-4.707480967044830322e-01 -2.897841632366180420e-01 3.519261181354522705e-01
-4.517624378204345703e-01 -3.403221368789672852e-01 3.591949641704559326e-01
-4.676529765129089355e-01 -2.755362987518310547e-01 3.153503239154815674e-01
-4.517996907234191895e-01 -3.079532682895660400e-01 3.321582674980163574e-01
-4.809604585170745850e-01 -2.919911444187164307e-01 3.592871129512786865e-01
-4.348970353603363037e-01 -3.255753815174102783e-01 3.105033040046691895e-01
-4.563786983489990234e-01 -3.257335126399993896e-01 3.527983129024505615e-01
-4.556028246879577637e-01 -3.319249153137207031e-01 3.572206795215606689e-01
-4.718112945556640625e-01 -2.775970697402954102e-01 3.208822906017303467e-01
-4.360996186733245850e-01 -2.884123325347900391e-01 3.451441228389739990e-01
-4.556987583637237549e-01 -3.139057159423828125e-01 3.358801603317260742e-01
-4.422222673892974854e-01 -2.863752543926239014e-01 3.436397314071655273e-01
-4.723955094814300537e-01 -2.880711257457733154e-01 3.615564107894897461e-01
-4.605585634708404541e-01 -2.788698375225067139e-01 3.546175956726074219e-01
-4.656172096729278564e-01 -2.801647484302520752e-01 3.208495974540710449e-01
-4.569218158721923828e-01 -3.184840679168701172e-01 3.533968627452850342e-01
-4.474577307701110840e-01 -2.883015275001525879e-01 3.388808071613311768e-01
-4.682344794273376465e-01 -3.191663324832916260e-01 3.436658382415771484e-01
-4.686379432678222656e-01 -3.056538403034210205e-01 3.726645708084106445e-01
-4.563654661178588867e-01 -3.244749009609222412e-01 3.793525993824005127e-01
-4.607996344566345215e-01 -2.743873596191406250e-01 3.171241581439971924e-01
-4.520734548568725586e-01 -3.169634640216827393e-01 3.386240601539611816e-01
-4.535427391529083252e-01 -2.857206463813781738e-01 3.311140835285186768e-01
-4.370911121368408203e-01 -3.323993086814880371e-01 3.093093335628509521e-01
-4.830818176269531250e-01 -2.908699810504913330e-01 3.434527516365051270e-01
-4.638315141201019287e-01 -2.769241034984588623e-01 3.216010928153991699e-01
-4.634655416011810303e-01 -3.131577074527740479e-01 3.351125419139862061e-01
-4.725921154022216797e-01 -2.879069745540618896e-01 3.595030605792999268e-01
-4.713056385517120361e-01 -3.106852173805236816e-01 3.542931675910949707e-01
-4.521184265613555908e-01 -2.868012785911560059e-01 3.377873003482818604e-01
-4.629856646060943604e-01 -2.772418260574340820e-01 3.245217502117156982e-01
-4.487422704696655273e-01 -3.360403180122375488e-01 3.539370298385620117e-01
-4.505660831928253174e-01 -3.110888302326202393e-01 3.317276835441589355e-01
-4.459327757358551025e-01 -2.798126041889190674e-01 3.263484537601470947e-01
-4.733514189720153809e-01 -2.919365763664245605e-01 3.583014309406280518e-01
-4.758358299732208252e-01 -2.784224152565002441e-01 3.418542742729187012e-01
-4.411877989768981934e-01 -2.866784334182739258e-01 3.416030406951904297e-01
-4.229187369346618652e-01 -2.921446859836578369e-01 3.405660688877105713e-01
-4.740587770938873291e-01 -2.924425601959228516e-01 3.450842499732971191e-01
-4.706956148147583008e-01 -3.092971444129943848e-01 3.474428951740264893e-01
-4.650458991527557373e-01 -2.753821313381195068e-01 3.383854627609252930e-01
-4.385527670383453369e-01 -2.831782400608062744e-01 3.573043942451477051e-01
-4.736821353435516357e-01 -2.851206064224243164e-01 3.657045662403106689e-01
-4.589762687683105469e-01 -2.746742367744445801e-01 3.208735883235931396e-01
-4.818055033683776855e-01 -2.930432856082916260e-01 3.639454543590545654e-01
-4.321494698524475098e-01 -3.299751579761505127e-01 3.157525062561035156e-01
-4.462943971157073975e-01 -2.865697443485260010e-01 3.287183940410614014e-01
-4.538917243480682373e-01 -3.007518947124481201e-01 3.345969617366790771e-01
-4.673668742179870605e-01 -3.048431277275085449e-01 3.764481842517852783e-01
-4.635504484176635742e-01 -3.138925433158874512e-01 3.350214958190917969e-01
-4.547856748104095459e-01 -3.048727214336395264e-01 3.365486860275268555e-01
-4.599382579326629639e-01 -2.807552218437194824e-01 3.538501262664794922e-01
-4.487798213958740234e-01 -2.908152341842651367e-01 3.327998518943786621e-01
-4.484732747077941895e-01 -2.883512377738952637e-01 3.362102210521697998e-01
-4.692936539649963379e-01 -3.107801377773284912e-01 3.788328468799591064e-01
-4.606144428253173828e-01 -3.192014396190643311e-01 3.332075476646423340e-01
-4.518791735172271729e-01 -3.127726018428802490e-01 3.330914676189422607e-01
-4.756816625595092773e-01 -2.849611639976501465e-01 3.628628849983215332e-01
-4.539835155010223389e-01 -3.096344769001007080e-01 3.441329002380371094e-01
-4.704065918922424316e-01 -2.756544351577758789e-01 3.430238664150238037e-01
-4.688162803649902344e-01 -2.784478366374969482e-01 3.229481875896453857e-01
-4.320764243602752686e-01 -3.269174396991729736e-01 3.112773299217224121e-01
-4.520613551139831543e-01 -2.940582334995269775e-01 3.491173088550567627e-01
-4.553036987781524658e-01 -3.176491260528564453e-01 3.307520151138305664e-01
-4.810672104358673096e-01 -2.914279699325561523e-01 3.588823378086090088e-01
-4.566379189491271973e-01 -3.206306099891662598e-01 3.490173220634460449e-01
-4.782976508140563965e-01 -2.880465090274810791e-01 3.565142750740051270e-01
-4.493118226528167725e-01 -3.385092020034790039e-01 3.586963713169097900e-01
-4.277175962924957275e-01 -2.830690145492553711e-01 3.472896516323089600e-01
-4.731189906597137451e-01 -2.913208305835723877e-01 3.461477756500244141e-01
-4.260616302490234375e-01 -3.030384480953216553e-01 3.347920179367065430e-01
-4.871648848056793213e-01 -2.899396419525146484e-01 3.458668589591979980e-01
-4.550555646419525146e-01 -2.818463444709777832e-01 3.392373919486999512e-01
-4.549636840820312500e-01 -3.123860657215118408e-01 3.459141254425048828e-01
-4.614500999450683594e-01 -3.202323019504547119e-01 3.322483301162719727e-01
-4.532983303070068359e-01 -3.348581492900848389e-01 3.543415069580078125e-01
-4.718328714370727539e-01 -2.900244891643524170e-01 3.410459458827972412e-01
-4.837827980518341064e-01 -2.944044470787048340e-01 3.567230999469757080e-01
-4.509451091289520264e-01 -3.319257795810699463e-01 3.542205691337585449e-01
-4.727049767971038818e-01 -2.759644091129302979e-01 3.442103564739227295e-01
-4.788545966148376465e-01 -2.927709519863128662e-01 3.583521842956542969e-01
-4.724804461002349854e-01 -2.906697094440460205e-01 3.542552888393402100e-01
-4.728010296821594238e-01 -2.762657403945922852e-01 3.254227638244628906e-01
-4.757291674613952637e-01 -2.903431951999664307e-01 3.671196401119232178e-01
-4.659311473369598389e-01 -3.053917288780212402e-01 3.735925853252410889e-01
-4.674763381481170654e-01 -2.729577422142028809e-01 3.272517323493957520e-01
-4.305374920368194580e-01 -3.173017203807830811e-01 3.267096877098083496e-01
-4.504998624324798584e-01 -2.758640944957733154e-01 3.247196972370147705e-01
-4.502917826175689697e-01 -2.877011299133300781e-01 3.369170725345611572e-01
-4.892084002494812012e-01 -2.890765666961669922e-01 3.497804105281829834e-01
-4.831587970256805420e-01 -2.933312058448791504e-01 3.560624718666076660e-01
-4.588534533977508545e-01 -3.256047070026397705e-01 3.540997505187988281e-01
-4.535783827304840088e-01 -3.365371525287628174e-01 3.562512397766113281e-01
-4.781731963157653809e-01 -2.854903340339660645e-01 3.629923164844512939e-01
-4.632074832916259766e-01 -2.872167527675628662e-01 3.356098234653472900e-01
-4.719192981719970703e-01 -2.922433018684387207e-01 3.603654205799102783e-01
-4.474288225173950195e-01 -2.717188596725463867e-01 3.266885876655578613e-01
-4.378410875797271729e-01 -2.840398848056793213e-01 3.574564754962921143e-01
-4.504511058330535889e-01 -3.393241465091705322e-01 3.554254472255706787e-01
-4.661855697631835938e-01 -3.054362833499908447e-01 3.492105007171630859e-01
-4.554819464683532715e-01 -2.901653945446014404e-01 3.312045037746429443e-01
-4.698438644409179688e-01 -2.717477977275848389e-01 3.403038084506988525e-01
-4.687398672103881836e-01 -3.175652921199798584e-01 3.393304049968719482e-01
-4.503260850906372070e-01 -3.182159960269927979e-01 3.332178592681884766e-01
-4.541104435920715332e-01 -2.938905060291290283e-01 3.326203227043151855e-01
-4.637712836265563965e-01 -2.860669791698455811e-01 3.512681126594543457e-01
-4.397217929363250732e-01 -2.851653695106506348e-01 3.453978598117828369e-01
-4.284116923809051514e-01 -3.074370026588439941e-01 3.331486880779266357e-01
-4.571109414100646973e-01 -3.117431700229644775e-01 3.306398987770080566e-01
-4.523356258869171143e-01 -3.019449710845947266e-01 3.320986330509185791e-01
-4.662094712257385254e-01 -3.105030953884124756e-01 3.516479730606079102e-01
-4.457559287548065186e-01 -2.907609045505523682e-01 3.405520915985107422e-01
-4.552759230136871338e-01 -3.367578983306884766e-01 3.529402315616607666e-01
-4.511036872863769531e-01 -2.909954786300659180e-01 3.354254961013793945e-01
-4.708860516548156738e-01 -2.852827608585357666e-01 3.572725057601928711e-01
-4.540599882602691650e-01 -3.080636858940124512e-01 3.285660147666931152e-01
-4.585360288619995117e-01 -2.898179888725280762e-01 3.378234505653381348e-01
-4.447770118713378906e-01 -2.952765226364135742e-01 3.469166457653045654e-01
-4.493905007839202881e-01 -3.015341460704803467e-01 3.518252074718475342e-01
-4.700456261634826660e-01 -3.083121776580810547e-01 3.758378326892852783e-01
-4.519031643867492676e-01 -3.359765410423278809e-01 3.603911995887756348e-01
-4.405487477779388428e-01 -2.865922451019287109e-01 3.422084450721740723e-01
-4.572089016437530518e-01 -2.828805148601531982e-01 3.275516927242279053e-01
-4.587345719337463379e-01 -2.901085615158081055e-01 3.453521728515625000e-01
-4.512659907341003418e-01 -3.113372921943664551e-01 3.305331766605377197e-01
-4.768999218940734863e-01 -2.888471186161041260e-01 3.627909123897552490e-01
-4.607696235179901123e-01 -3.173942565917968750e-01 3.793925940990447998e-01
-4.660109877586364746e-01 -2.874398231506347656e-01 3.642408549785614014e-01
-4.582456350326538086e-01 -3.164482116699218750e-01 3.256751596927642822e-01
-4.611355960369110107e-01 -3.216129243373870850e-01 3.517363965511322021e-01
-4.371979534626007080e-01 -2.809886634349822998e-01 3.384058177471160889e-01
-4.883337616920471191e-01 -2.905491888523101807e-01 3.437278866767883301e-01
-4.314840137958526611e-01 -3.243392705917358398e-01 3.118223249912261963e-01
-4.527072608470916748e-01 -3.023416101932525635e-01 3.305985331535339355e-01
-4.514572918415069580e-01 -2.881883680820465088e-01 3.431001007556915283e-01
-4.801363945007324219e-01 -2.931358516216278076e-01 3.589102625846862793e-01
-4.620540440082550049e-01 -3.225583136081695557e-01 3.557519912719726562e-01
-4.760036170482635498e-01 -2.847169339656829834e-01 3.571907877922058105e-01
-4.584617018699645996e-01 -3.168063163757324219e-01 3.297926187515258789e-01
-4.770295917987823486e-01 -2.935436069965362549e-01 3.618961572647094727e-01
-4.321934878826141357e-01 -3.293753266334533691e-01 3.165345191955566406e-01
-4.383196830749511719e-01 -3.296920061111450195e-01 3.100720643997192383e-01
-4.640778899192810059e-01 -2.877742052078247070e-01 3.322085142135620117e-01
-4.674986004829406738e-01 -2.798615396022796631e-01 3.250094652175903320e-01
-4.621683359146118164e-01 -3.189435601234436035e-01 3.557481169700622559e-01
-4.529643654823303223e-01 -3.338542282581329346e-01 3.520323336124420166e-01
-4.577052891254425049e-01 -3.137601912021636963e-01 3.272503018379211426e-01
-4.331337213516235352e-01 -3.226578235626220703e-01 3.199197649955749512e-01
-4.689994156360626221e-01 -3.066211342811584473e-01 3.534988760948181152e-01
-4.322577118873596191e-01 -3.241129219532012939e-01 3.174636960029602051e-01
-4.519048035144805908e-01 -2.825829684734344482e-01 3.486682474613189697e-01
-4.362789690494537354e-01 -3.246949017047882080e-01 3.153747022151947021e-01
