-2.369837313890457153e-01 -1.762896925210952759e-01 4.707503616809844971e-01
-2.306821495294570923e-01 -2.051518261432647705e-01 4.907130002975463867e-01
-2.129165530204772949e-01 -1.695922315120697021e-01 4.741962552070617676e-01
-2.114277034997940063e-01 -2.046047896146774292e-01 4.958430826663970947e-01
-2.151614427566528320e-01 -1.959848701953887939e-01 4.588086009025573730e-01
-2.152333259582519531e-01 -1.996146589517593384e-01 4.439977109432220459e-01
-2.302467226982116699e-01 -1.762027740478515625e-01 4.776849448680877686e-01
-2.057143747806549072e-01 -1.989692151546478271e-01 4.516091048717498779e-01
-2.313312590122222900e-01 -2.078490108251571655e-01 4.816361963748931885e-01
-1.904331147670745850e-01 -1.889229267835617065e-01 4.759998321533203125e-01
-1.950367838144302368e-01 -1.780176162719726562e-01 4.504812359809875488e-01
-2.064023017883300781e-01 -1.845348328351974487e-01 4.671896100044250488e-01
-2.108239084482192993e-01 -1.797972172498703003e-01 4.524023830890655518e-01
-1.933797597885131836e-01 -1.758570969104766846e-01 4.605417549610137939e-01
-1.874475479125976562e-01 -2.117189466953277588e-01 4.853267669677734375e-01
-2.134778946638107300e-01 -1.835693269968032837e-01 4.833666682243347168e-01
-1.947097778320312500e-01 -1.736659705638885498e-01 4.709426760673522949e-01
-1.960693895816802979e-01 -1.859331279993057251e-01 4.806626439094543457e-01
-1.759233772754669189e-01 -2.169762253761291504e-01 4.990115165710449219e-01
-2.286543995141983032e-01 -2.092848122119903564e-01 4.876543879508972168e-01
-2.065485715866088867e-01 -1.907233744859695435e-01 4.453752040863037109e-01
-1.883189529180526733e-01 -2.187389433383941650e-01 4.811311960220336914e-01
-2.183153182268142700e-01 -1.882863342761993408e-01 4.460449218750000000e-01
-1.920587271451950073e-01 -1.709006875753402710e-01 4.525915384292602539e-01
-1.855176538228988647e-01 -1.786649674177169800e-01 4.476359784603118896e-01
-1.930742859840393066e-01 -1.751274913549423218e-01 4.670394957065582275e-01
-1.961097717285156250e-01 -1.765264868736267090e-01 4.677795767784118652e-01
-1.900896877050399780e-01 -1.722705364227294922e-01 4.514565765857696533e-01
-1.805901378393173218e-01 -1.716276109218597412e-01 4.455303251743316650e-01
-2.036593258380889893e-01 -1.909717172384262085e-01 4.450576901435852051e-01
-2.363557666540145874e-01 -1.827647089958190918e-01 4.681740999221801758e-01
-2.326572388410568237e-01 -1.753633022308349609e-01 4.753312766551971436e-01
-2.131232172250747681e-01 -2.067012190818786621e-01 4.518371522426605225e-01
-1.978145241737365723e-01 -1.783312410116195679e-01 4.600900709629058838e-01
-2.268975228071212769e-01 -1.853990703821182251e-01 4.513742327690124512e-01
-1.799228489398956299e-01 -1.735645681619644165e-01 4.467130005359649658e-01
-1.900497227907180786e-01 -1.939633786678314209e-01 4.755607247352600098e-01
-2.137574851512908936e-01 -1.683737039566040039e-01 4.782106280326843262e-01
-2.344929724931716919e-01 -2.067888081073760986e-01 4.841167330741882324e-01
-1.817259490489959717e-01 -1.693638861179351807e-01 4.424268603324890137e-01
-2.293552905321121216e-01 -2.062393277883529663e-01 4.849607348442077637e-01
-2.023734003305435181e-01 -1.944420635700225830e-01 4.585264027118682861e-01
-1.887140423059463501e-01 -1.951883733272552490e-01 4.742862880229949951e-01
-1.922397613525390625e-01 -1.773037761449813843e-01 4.687023758888244629e-01
-1.927258074283599854e-01 -1.741086095571517944e-01 4.733176827430725098e-01
-1.685233712196350098e-01 -1.837355047464370728e-01 4.540660977363586426e-01
-2.343031913042068481e-01 -1.769919842481613159e-01 4.717055857181549072e-01
-1.885892301797866821e-01 -1.904844194650650024e-01 4.796144366264343262e-01
-1.800162494182586670e-01 -1.634400635957717896e-01 4.465600848197937012e-01
-2.086986899375915527e-01 -1.955287605524063110e-01 4.429937601089477539e-01
-2.090905010700225830e-01 -1.854029595851898193e-01 4.487940371036529541e-01
-1.895149946212768555e-01 -1.917806565761566162e-01 4.818139374256134033e-01
-2.107394188642501831e-01 -1.835685521364212036e-01 4.648610949516296387e-01
-1.930046826601028442e-01 -1.926682293415069580e-01 4.802641570568084717e-01
-2.104805856943130493e-01 -1.843366324901580811e-01 4.704259634017944336e-01
-2.119033336639404297e-01 -2.047296613454818726e-01 4.636151790618896484e-01
-2.120439708232879639e-01 -2.049196064472198486e-01 4.463172852993011475e-01
-2.312669903039932251e-01 -1.770372688770294189e-01 4.725503027439117432e-01
-2.005554437637329102e-01 -1.844701617956161499e-01 4.468923211097717285e-01
-2.329514324665069580e-01 -1.809088885784149170e-01 4.715854823589324951e-01
-1.935344934463500977e-01 -1.738763153553009033e-01 4.594769775867462158e-01
-1.893052011728286743e-01 -2.167621701955795288e-01 4.802303910255432129e-01
-2.305144816637039185e-01 -1.796289682388305664e-01 4.710621535778045654e-01
-2.339423149824142456e-01 -1.751629263162612915e-01 4.817189574241638184e-01
-2.136787474155426025e-01 -1.998873502016067505e-01 4.528338015079498291e-01
-1.752060055732727051e-01 -2.175717651844024658e-01 4.998225569725036621e-01
-2.286475598812103271e-01 -1.684112399816513062e-01 4.597019851207733154e-01
-2.345777004957199097e-01 -1.724530607461929321e-01 4.786657392978668213e-01
-2.170847803354263306e-01 -1.734166741371154785e-01 4.809369146823883057e-01
-1.894982904195785522e-01 -1.880586743354797363e-01 4.822727441787719727e-01
-1.821194589138031006e-01 -1.720959693193435669e-01 4.462100863456726074e-01
-1.982580274343490601e-01 -1.829212903976440430e-01 4.501631557941436768e-01
-2.180297970771789551e-01 -1.852013170719146729e-01 4.862560927867889404e-01
-2.143041938543319702e-01 -1.735505610704421997e-01 4.747652113437652588e-01
-2.368147224187850952e-01 -1.755557507276535034e-01 4.683139920234680176e-01
-1.890073120594024658e-01 -1.936309188604354858e-01 4.786326289176940918e-01
-2.162557393312454224e-01 -1.862071603536605835e-01 4.796491265296936035e-01
-2.296243160963058472e-01 -2.086707055568695068e-01 4.869917631149291992e-01
-2.066787332296371460e-01 -1.993575543165206909e-01 4.506123363971710205e-01
-2.146786451339721680e-01 -2.041835784912109375e-01 4.844647943973541260e-01
-2.338483184576034546e-01 -1.763986498117446899e-01 4.699932932853698730e-01
-2.240733653306961060e-01 -1.714043021202087402e-01 4.579682350158691406e-01
-1.866082549095153809e-01 -2.132895737886428833e-01 4.765544235706329346e-01
-2.283328026533126831e-01 -2.085312306880950928e-01 4.735620319843292236e-01
-2.285157442092895508e-01 -1.697620451450347900e-01 4.577008783817291260e-01
-2.266391962766647339e-01 -2.085700780153274536e-01 4.689370393753051758e-01
-2.133134156465530396e-01 -1.995977610349655151e-01 4.444183707237243652e-01
-2.276177108287811279e-01 -2.076339721679687500e-01 4.858635067939758301e-01
-2.318015396595001221e-01 -1.819111108779907227e-01 4.680534601211547852e-01
-1.823833435773849487e-01 -1.699729114770889282e-01 4.437858462333679199e-01
-2.146975249052047729e-01 -2.042935937643051147e-01 4.460038840770721436e-01
-2.090038955211639404e-01 -1.694473475217819214e-01 4.807883799076080322e-01
-1.916602402925491333e-01 -1.800679266452789307e-01 4.492692947387695312e-01
-2.277771383523941040e-01 -1.887620985507965088e-01 4.560345709323883057e-01
-2.080149501562118530e-01 -1.870960891246795654e-01 4.430077672004699707e-01
-1.985075026750564575e-01 -1.853968352079391479e-01 4.482355117797851562e-01
-1.966457515954971313e-01 -1.723131388425827026e-01 4.536344408988952637e-01
-2.206435948610305786e-01 -1.836584657430648804e-01 4.471817016601562500e-01
-2.094893008470535278e-01 -1.824624389410018921e-01 4.645619988441467285e-01
-2.150475531816482544e-01 -1.863896995782852173e-01 4.817336201667785645e-01
-1.581717133522033691e-01 -1.762335598468780518e-01 4.742281436920166016e-01
-1.896835118532180786e-01 -1.852914690971374512e-01 4.841692447662353516e-01
-1.804848611354827881e-01 -1.679819375276565552e-01 4.486406147480010986e-01
-2.104243934154510498e-01 -1.846875250339508057e-01 4.697448611259460449e-01
-1.973973959684371948e-01 -1.846127659082412720e-01 4.521878957748413086e-01
-2.325092256069183350e-01 -2.055144608020782471e-01 4.871707558631896973e-01
-2.119453251361846924e-01 -1.806179732084274292e-01 4.664553701877593994e-01
-2.272453457117080688e-01 -1.844199746847152710e-01 4.617043137550354004e-01
-2.141296565532684326e-01 -2.005215287208557129e-01 4.440136551856994629e-01
-1.794317215681076050e-01 -1.730232685804367065e-01 4.469140470027923584e-01
-2.166598439216613770e-01 -2.087922692298889160e-01 4.502190053462982178e-01
-1.860762238502502441e-01 -2.113061398267745972e-01 4.863518476486206055e-01
-2.287455350160598755e-01 -1.802981346845626831e-01 4.650310277938842773e-01
-1.906299591064453125e-01 -1.893353760242462158e-01 4.745275378227233887e-01
-1.752479076385498047e-01 -1.661044657230377197e-01 4.476936161518096924e-01
-2.081444412469863892e-01 -2.028500139713287354e-01 4.870113730430603027e-01
-2.325317561626434326e-01 -1.754116117954254150e-01 4.752922058105468750e-01
-1.891022175550460815e-01 -1.731613129377365112e-01 4.562146067619323730e-01
-1.964256614446640015e-01 -1.810349076986312866e-01 4.643338322639465332e-01
-2.113667726516723633e-01 -1.832579821348190308e-01 4.653953015804290771e-01
-2.113468945026397705e-01 -1.748045235872268677e-01 4.749273955821990967e-01
-1.798062473535537720e-01 -1.698044240474700928e-01 4.416968822479248047e-01
-1.920069903135299683e-01 -1.834105998277664185e-01 4.827010333538055420e-01
-2.164251804351806641e-01 -1.867728829383850098e-01 4.859788417816162109e-01
-1.907706707715988159e-01 -1.761436313390731812e-01 4.532198607921600342e-01
-2.271614819765090942e-01 -1.833114027976989746e-01 4.528830051422119141e-01
-2.084661573171615601e-01 -2.018136978149414062e-01 4.484480023384094238e-01
-1.797754168510437012e-01 -2.151502668857574463e-01 4.856917262077331543e-01
-2.129027843475341797e-01 -1.998102217912673950e-01 4.471155107021331787e-01
-2.297121137380599976e-01 -2.105938494205474854e-01 4.882204830646514893e-01
-2.114041894674301147e-01 -2.049467414617538452e-01 4.637765288352966309e-01
-2.344981282949447632e-01 -1.750388592481613159e-01 4.704189598560333252e-01
-1.914221793413162231e-01 -1.805763989686965942e-01 4.487042725086212158e-01
-1.914942711591720581e-01 -1.866312474012374878e-01 4.809080064296722412e-01
-2.005435675382614136e-01 -1.853802055120468140e-01 4.549340009689331055e-01
-2.132335603237152100e-01 -2.015191614627838135e-01 4.847909212112426758e-01
-2.275353670120239258e-01 -2.069416344165802002e-01 4.899639785289764404e-01
-2.228073179721832275e-01 -1.707903444766998291e-01 4.534243047237396240e-01
-2.136119157075881958e-01 -1.981001794338226318e-01 4.554667472839355469e-01
-1.877321749925613403e-01 -2.122622430324554443e-01 4.858164787292480469e-01
-1.927044242620468140e-01 -1.847680211067199707e-01 4.728560149669647217e-01
-1.966791152954101562e-01 -1.766078174114227295e-01 4.667794406414031982e-01
-2.075611650943756104e-01 -1.846883296966552734e-01 4.529350399971008301e-01
-2.241770327091217041e-01 -2.074620127677917480e-01 4.624807238578796387e-01
-1.955959498882293701e-01 -1.805839389562606812e-01 4.654912948608398438e-01
-2.092939615249633789e-01 -1.804426461458206177e-01 4.498191773891448975e-01
-2.330204695463180542e-01 -2.100962251424789429e-01 4.882102012634277344e-01
-1.939871758222579956e-01 -1.787222623825073242e-01 4.500764906406402588e-01
-2.296597510576248169e-01 -2.083223611116409302e-01 4.769542515277862549e-01
-1.791534870862960815e-01 -1.708287447690963745e-01 4.492273330688476562e-01
-1.876889169216156006e-01 -1.794518977403640747e-01 4.488914012908935547e-01
-1.638163924217224121e-01 -1.788707822561264038e-01 4.623665511608123779e-01
-1.906338185071945190e-01 -1.848771125078201294e-01 4.852573275566101074e-01
-2.106908410787582397e-01 -2.041709870100021362e-01 4.960154891014099121e-01
-1.859067082405090332e-01 -1.875664740800857544e-01 4.779051244258880615e-01
-2.124237716197967529e-01 -2.046091109514236450e-01 4.449708461761474609e-01
-1.970498561859130859e-01 -1.750327348709106445e-01 4.523089826107025146e-01
-1.836394071578979492e-01 -2.123596370220184326e-01 4.818826019763946533e-01
-1.868072301149368286e-01 -1.936607956886291504e-01 4.766470193862915039e-01
-2.170479595661163330e-01 -1.883741617202758789e-01 4.775652587413787842e-01
-1.993928551673889160e-01 -1.767868250608444214e-01 4.645002186298370361e-01
-2.132957130670547485e-01 -1.739952117204666138e-01 4.814919829368591309e-01
-2.131949812173843384e-01 -1.838736534118652344e-01 4.818134903907775879e-01
-1.867058873176574707e-01 -2.135708332061767578e-01 4.765317142009735107e-01
-2.203294038772583008e-01 -1.843549907207489014e-01 4.468798041343688965e-01
-1.966516524553298950e-01 -1.810837537050247192e-01 4.425679147243499756e-01
-2.119277864694595337e-01 -2.068000733852386475e-01 4.552017450332641602e-01
-1.940459012985229492e-01 -1.754852682352066040e-01 4.494750797748565674e-01
-1.765656769275665283e-01 -1.709184944629669189e-01 4.465225040912628174e-01
-2.111911028623580933e-01 -1.735157817602157593e-01 4.752722680568695068e-01
-2.165709882974624634e-01 -1.891092061996459961e-01 4.834887981414794922e-01
-1.839589476585388184e-01 -1.861527562141418457e-01 4.897567629814147949e-01
-1.933938264846801758e-01 -1.776835769414901733e-01 4.600507020950317383e-01
-1.681853234767913818e-01 -1.821846514940261841e-01 4.575194716453552246e-01
-2.127604186534881592e-01 -2.014246881008148193e-01 4.847949445247650146e-01
-2.092665433883666992e-01 -1.826021820306777954e-01 4.664109945297241211e-01
-2.096150517463684082e-01 -1.710879504680633545e-01 4.770523905754089355e-01
-2.176015675067901611e-01 -1.893754899501800537e-01 4.816973507404327393e-01
-2.109823226928710938e-01 -1.929044276475906372e-01 4.408801198005676270e-01
-1.947670578956604004e-01 -1.910191923379898071e-01 4.369264543056488037e-01
-2.139228433370590210e-01 -1.746199131011962891e-01 4.791212677955627441e-01
-1.911378651857376099e-01 -1.840719729661941528e-01 4.751874208450317383e-01
-2.198791354894638062e-01 -1.857708096504211426e-01 4.465977549552917480e-01
-1.984839141368865967e-01 -1.828779131174087524e-01 4.472273588180541992e-01
-1.787512153387069702e-01 -1.724803000688552856e-01 4.483009278774261475e-01
-2.147115617990493774e-01 -1.986185312271118164e-01 4.439062178134918213e-01
-2.095524966716766357e-01 -1.693583428859710693e-01 4.825927019119262695e-01
-2.105364352464675903e-01 -2.032274007797241211e-01 4.830447435379028320e-01
-2.326862215995788574e-01 -2.089270800352096558e-01 4.825783073902130127e-01
-1.907866001129150391e-01 -2.151952832937240601e-01 4.833452999591827393e-01
-2.318402230739593506e-01 -1.756937503814697266e-01 4.799821972846984863e-01
-2.095564305782318115e-01 -2.054182440042495728e-01 4.472775161266326904e-01
-1.645466685295104980e-01 -1.790499687194824219e-01 4.614213407039642334e-01
-2.180902659893035889e-01 -1.897788941860198975e-01 4.454027712345123291e-01
-2.145140171051025391e-01 -2.009155601263046265e-01 4.446973502635955811e-01
-2.124196738004684448e-01 -1.840792149305343628e-01 4.583227038383483887e-01
-1.658155918121337891e-01 -1.820723861455917358e-01 4.585182368755340576e-01
-2.090862095355987549e-01 -1.796501129865646362e-01 4.513120651245117188e-01
-2.037050873041152954e-01 -1.906236708164215088e-01 4.456750154495239258e-01
-1.990146040916442871e-01 -1.783061325550079346e-01 4.618640542030334473e-01
-1.885841786861419678e-01 -2.183903902769088745e-01 4.793747067451477051e-01
-2.098933607339859009e-01 -1.698508858680725098e-01 4.737454354763031006e-01
-2.324927151203155518e-01 -2.097517848014831543e-01 4.851548075675964355e-01
-1.865446567535400391e-01 -1.896409094333648682e-01 4.821549057960510254e-01
-1.910735219717025757e-01 -1.825265884399414062e-01 4.484153389930725098e-01
-1.963771432638168335e-01 -1.809601783752441406e-01 4.444362223148345947e-01
-1.925428360700607300e-01 -1.839620918035507202e-01 4.788371324539184570e-01
-2.161671966314315796e-01 -1.685736477375030518e-01 4.820823967456817627e-01
-1.919804513454437256e-01 -2.141899466514587402e-01 4.730620980262756348e-01
-1.936137080192565918e-01 -1.829787194728851318e-01 4.456376433372497559e-01
-1.802440881729125977e-01 -1.695478111505508423e-01 4.490522444248199463e-01
-2.253541946411132812e-01 -1.756262481212615967e-01 4.525687992572784424e-01
-2.162942737340927124e-01 -1.898964047431945801e-01 4.724615514278411865e-01
-2.111714780330657959e-01 -1.934441328048706055e-01 4.458795487880706787e-01
-1.928354650735855103e-01 -1.875706911087036133e-01 4.394960105419158936e-01
-1.740154176950454712e-01 -1.645222008228302002e-01 4.467716515064239502e-01
-1.705859005451202393e-01 -1.658110022544860840e-01 4.505114257335662842e-01
-1.970645338296890259e-01 -1.772050708532333374e-01 4.627125263214111328e-01
-2.297771871089935303e-01 -1.747879981994628906e-01 4.742760956287384033e-01
-1.851464509963989258e-01 -1.903412938117980957e-01 4.854580461978912354e-01
-1.918345838785171509e-01 -2.137985378503799438e-01 4.734168052673339844e-01
-2.251236289739608765e-01 -1.669978946447372437e-01 4.566325843334197998e-01
-1.953219771385192871e-01 -1.782322525978088379e-01 4.508593082427978516e-01
-2.264008074998855591e-01 -1.729923337697982788e-01 4.586808681488037109e-01
-2.186353802680969238e-01 -1.976779103279113770e-01 4.482373297214508057e-01
-2.055382728576660156e-01 -1.907779574394226074e-01 4.425985217094421387e-01
-1.967573910951614380e-01 -1.754538714885711670e-01 4.694560766220092773e-01
-2.383069843053817749e-01 -1.760811209678649902e-01 4.738431870937347412e-01
-2.253978997468948364e-01 -1.815046966075897217e-01 4.489037394523620605e-01
-2.103115618228912354e-01 -1.873240172863006592e-01 4.472377300262451172e-01
-2.228368371725082397e-01 -1.696922332048416138e-01 4.556970596313476562e-01
-1.933715641498565674e-01 -1.767645776271820068e-01 4.693537950515747070e-01
-1.917134225368499756e-01 -1.836744993925094604e-01 4.476037323474884033e-01
-2.134325802326202393e-01 -1.877939701080322266e-01 4.557855129241943359e-01
-2.307126075029373169e-01 -1.835863441228866577e-01 4.616777896881103516e-01
-1.932347565889358521e-01 -1.743460744619369507e-01 4.555979669094085693e-01
-2.146197855472564697e-01 -2.052511870861053467e-01 4.901007413864135742e-01
-1.922117769718170166e-01 -2.131021618843078613e-01 4.721773564815521240e-01
-1.943116337060928345e-01 -1.714768409729003906e-01 4.590292572975158691e-01
-2.096990942955017090e-01 -1.706676930189132690e-01 4.795095920562744141e-01
-1.899914592504501343e-01 -1.841584444046020508e-01 4.826751053333282471e-01
-1.746250092983245850e-01 -1.668885648250579834e-01 4.483888745307922363e-01
-1.942607015371322632e-01 -1.885017454624176025e-01 4.712054133415222168e-01
-2.144895792007446289e-01 -2.019098252058029175e-01 4.846059679985046387e-01
-1.695427745580673218e-01 -1.822162866592407227e-01 4.520215392112731934e-01
-2.112124115228652954e-01 -1.810580343008041382e-01 4.543697535991668701e-01
-2.137771546840667725e-01 -2.048077881336212158e-01 4.461328685283660889e-01
-2.184956222772598267e-01 -1.888132691383361816e-01 4.455944299697875977e-01
-1.856550872325897217e-01 -2.117010653018951416e-01 4.869943857192993164e-01
-1.956122219562530518e-01 -1.954621225595474243e-01 4.652341306209564209e-01
-2.096665501594543457e-01 -1.917466521263122559e-01 4.419793784618377686e-01
-2.115038633346557617e-01 -2.046326994895935059e-01 4.671631753444671631e-01
-2.152359187602996826e-01 -1.862985491752624512e-01 4.825278818607330322e-01
-1.868215948343276978e-01 -2.126349061727523804e-01 4.787478744983673096e-01
-2.115260809659957886e-01 -1.927443891763687134e-01 4.531667232513427734e-01
-2.336004376411437988e-01 -2.106799632310867310e-01 4.866552650928497314e-01
-2.131388485431671143e-01 -2.054166793823242188e-01 4.840103387832641602e-01
-2.155223488807678223e-01 -1.951543092727661133e-01 4.424274265766143799e-01
-1.697956472635269165e-01 -1.822496205568313599e-01 4.543951153755187988e-01
-1.769349724054336548e-01 -1.871585249900817871e-01 4.411218166351318359e-01
-1.980071514844894409e-01 -1.855209171772003174e-01 4.509426951408386230e-01
-1.981884688138961792e-01 -1.767395436763763428e-01 4.664548337459564209e-01
-2.227597832679748535e-01 -2.072225064039230347e-01 4.617876112461090088e-01
-2.162371128797531128e-01 -1.865681111812591553e-01 4.804477989673614502e-01
-1.931276321411132812e-01 -1.831444799900054932e-01 4.798963069915771484e-01
-1.788688749074935913e-01 -2.178530097007751465e-01 4.875538945198059082e-01
-1.910078823566436768e-01 -1.760820448398590088e-01 4.524413049221038818e-01
-2.284815311431884766e-01 -1.779987812042236328e-01 4.749208092689514160e-01
-2.148238271474838257e-01 -1.725861877202987671e-01 4.749007821083068848e-01
-2.124420255422592163e-01 -2.036954313516616821e-01 4.459286630153656006e-01
-2.057478725910186768e-01 -1.819517612457275391e-01 4.711229801177978516e-01
-2.027857601642608643e-01 -1.892869919538497925e-01 4.451374113559722900e-01
-1.900078356266021729e-01 -1.832806020975112915e-01 4.801112711429595947e-01
-2.075367867946624756e-01 -1.956768482923507690e-01 4.426206946372985840e-01
-1.928565353155136108e-01 -1.864442229270935059e-01 4.729788005352020264e-01
-2.368529438972473145e-01 -1.772172003984451294e-01 4.718052148818969727e-01
-2.287730276584625244e-01 -1.758358180522918701e-01 4.685994088649749756e-01
-2.002202719449996948e-01 -1.811079382896423340e-01 4.502995014190673828e-01
-2.106828987598419189e-01 -2.038563042879104614e-01 4.476717412471771240e-01
-1.677712202072143555e-01 -1.628381013870239258e-01 4.515179991722106934e-01
-2.121606618165969849e-01 -1.660560667514801025e-01 4.858887791633605957e-01
-1.845922172069549561e-01 -2.126517295837402344e-01 4.883305728435516357e-01
-2.316821217536926270e-01 -2.057332545518875122e-01 4.959566593170166016e-01
-1.882221549749374390e-01 -1.885141283273696899e-01 4.739337265491485596e-01
-2.084039300680160522e-01 -1.681620776653289795e-01 4.784243404865264893e-01
-1.907336115837097168e-01 -1.820972710847854614e-01 4.483224153518676758e-01
-1.856392771005630493e-01 -2.101761400699615479e-01 4.847322404384613037e-01
-2.123374789953231812e-01 -2.048002034425735474e-01 4.636558890342712402e-01
-1.932388097047805786e-01 -1.784501075744628906e-01 4.664636254310607910e-01
-2.161662578582763672e-01 -2.023221701383590698e-01 4.468654990196228027e-01
-2.129438221454620361e-01 -1.928683966398239136e-01 4.412087500095367432e-01
-2.125645577907562256e-01 -1.953508853912353516e-01 4.419437944889068604e-01
-2.116055041551589966e-01 -1.736592948436737061e-01 4.769143164157867432e-01
-2.117474079132080078e-01 -1.701557934284210205e-01 4.735673666000366211e-01
-1.694767475128173828e-01 -1.822456419467926025e-01 4.552331864833831787e-01
-2.326256483793258667e-01 -1.780275553464889526e-01 4.675370156764984131e-01
-1.993262916803359985e-01 -1.794150918722152710e-01 4.522615075111389160e-01
-2.000484466552734375e-01 -1.834752261638641357e-01 4.478402733802795410e-01
-1.870633512735366821e-01 -1.921181231737136841e-01 4.790946245193481445e-01
-2.127646356821060181e-01 -2.059739381074905396e-01 4.869208931922912598e-01
-2.159373462200164795e-01 -1.706313639879226685e-01 4.827643334865570068e-01
-2.030811905860900879e-01 -1.962532103061676025e-01 4.551460146903991699e-01
-1.945314705371856689e-01 -1.824579387903213501e-01 4.434035718441009521e-01
-2.337570339441299438e-01 -1.725573092699050903e-01 4.788008034229278564e-01
-1.908600777387619019e-01 -1.859948337078094482e-01 4.398544728755950928e-01
-2.300941497087478638e-01 -2.057208418846130371e-01 4.898486137390136719e-01
-2.163261324167251587e-01 -1.712128818035125732e-01 4.814427196979522705e-01
-2.131543606519699097e-01 -1.787033528089523315e-01 4.668041765689849854e-01
-2.270230650901794434e-01 -1.842231899499893188e-01 4.502110779285430908e-01
-1.912311017513275146e-01 -1.788151860237121582e-01 4.644156396389007568e-01
-2.310249507427215576e-01 -1.766930520534515381e-01 4.687597155570983887e-01
-2.073110193014144897e-01 -1.933093816041946411e-01 4.434650242328643799e-01
-2.237397879362106323e-01 -1.685833036899566650e-01 4.544481635093688965e-01
-1.853783428668975830e-01 -1.905761957168579102e-01 4.853273034095764160e-01
-1.888263076543807983e-01 -2.154143005609512329e-01 4.819014668464660645e-01
-2.306556999683380127e-01 -1.803263127803802490e-01 4.748870730400085449e-01
-2.225611507892608643e-01 -1.695814579725265503e-01 4.570581912994384766e-01
-2.076169699430465698e-01 -1.811248064041137695e-01 4.553709626197814941e-01
-2.013574540615081787e-01 -1.946491301059722900e-01 4.597069025039672852e-01
-1.887233257293701172e-01 -1.907459199428558350e-01 4.789912700653076172e-01
-2.109130322933197021e-01 -1.681198179721832275e-01 4.769359230995178223e-01
-2.260902673006057739e-01 -1.695795804262161255e-01 4.583102166652679443e-01
-2.131552398204803467e-01 -2.015856206417083740e-01 4.447107017040252686e-01
-2.090861201286315918e-01 -1.678478419780731201e-01 4.803596138954162598e-01
-2.338750362396240234e-01 -2.045265883207321167e-01 4.882615804672241211e-01
-2.090554535388946533e-01 -1.856968849897384644e-01 4.624305963516235352e-01
-1.935606002807617188e-01 -1.861349195241928101e-01 4.831147193908691406e-01
-2.140370607376098633e-01 -1.946911364793777466e-01 4.602048099040985107e-01
-2.345864027738571167e-01 -1.730213165283203125e-01 4.782058596611022949e-01
-1.852696090936660767e-01 -1.899358928203582764e-01 4.792719483375549316e-01
-2.226970195770263672e-01 -1.700363159179687500e-01 4.552748799324035645e-01
-1.897916644811630249e-01 -2.170825302600860596e-01 4.823290705680847168e-01
-2.163784354925155640e-01 -1.933124959468841553e-01 4.439628422260284424e-01
-1.881484985351562500e-01 -1.793726980686187744e-01 4.474097490310668945e-01
-1.864344775676727295e-01 -1.770513355731964111e-01 4.479981362819671631e-01
-2.120446264743804932e-01 -1.676467508077621460e-01 4.836375117301940918e-01
-2.165385186672210693e-01 -1.688630580902099609e-01 4.775558412075042725e-01
-2.236404567956924438e-01 -2.086728066205978394e-01 4.638825953006744385e-01
-2.120185047388076782e-01 -1.753761470317840576e-01 4.706255197525024414e-01
-2.133351564407348633e-01 -1.746306866407394409e-01 4.726771116256713867e-01
-2.092136591672897339e-01 -1.802997440099716187e-01 4.692067205905914307e-01
-2.042644619941711426e-01 -2.007439881563186646e-01 4.457635879516601562e-01
-1.697174906730651855e-01 -1.820420175790786743e-01 4.540735781192779541e-01
-2.003911286592483521e-01 -1.813547760248184204e-01 4.481540024280548096e-01
-1.814215630292892456e-01 -1.734762787818908691e-01 4.474686682224273682e-01
-1.739180535078048706e-01 -1.680712103843688965e-01 4.476264715194702148e-01
-1.762517094612121582e-01 -2.181888818740844727e-01 4.979515075683593750e-01
-2.183455228805541992e-01 -1.858096122741699219e-01 4.823349714279174805e-01
-1.645897328853607178e-01 -1.808549016714096069e-01 4.629625678062438965e-01
-2.095478773117065430e-01 -2.048264890909194946e-01 4.838785529136657715e-01
-2.100514918565750122e-01 -1.689701974391937256e-01 4.856293201446533203e-01
-2.347449511289596558e-01 -1.764671951532363892e-01 4.716940820217132568e-01
-1.950987130403518677e-01 -1.892340630292892456e-01 4.692166745662689209e-01
-1.918515413999557495e-01 -1.732376962900161743e-01 4.692706167697906494e-01
-1.834360808134078979e-01 -2.202026546001434326e-01 4.839159250259399414e-01
-2.253135591745376587e-01 -1.712938100099563599e-01 4.523416161537170410e-01
-1.905537992715835571e-01 -1.935716420412063599e-01 4.756318032741546631e-01
-2.159802764654159546e-01 -1.945581436157226562e-01 4.430183172225952148e-01
-1.955283880233764648e-01 -2.120582759380340576e-01 4.662138819694519043e-01
-1.907127946615219116e-01 -1.793009340763092041e-01 4.644586741924285889e-01
-2.041084617376327515e-01 -2.018483579158782959e-01 4.504915773868560791e-01
-2.013616710901260376e-01 -1.986604928970336914e-01 4.551732242107391357e-01
-1.877276599407196045e-01 -1.935951560735702515e-01 4.816540777683258057e-01
-2.152975052595138550e-01 -1.741975098848342896e-01 4.751245081424713135e-01
-1.855215281248092651e-01 -2.095654159784317017e-01 4.827452301979064941e-01
-2.015308439731597900e-01 -1.952366381883621216e-01 4.572798907756805420e-01
-2.178240269422531128e-01 -1.871651411056518555e-01 4.455770254135131836e-01
-1.945800930261611938e-01 -1.851505488157272339e-01 4.758143126964569092e-01
-1.900946199893951416e-01 -1.938537955284118652e-01 4.729426503181457520e-01
-1.947772800922393799e-01 -1.759956628084182739e-01 4.625467061996459961e-01
-2.295951396226882935e-01 -2.093195319175720215e-01 4.852174520492553711e-01
-1.880096942186355591e-01 -1.940476149320602417e-01 4.805732667446136475e-01
-2.313528060913085938e-01 -1.787870824337005615e-01 4.734127223491668701e-01
-1.917878836393356323e-01 -1.735978424549102783e-01 4.571499526500701904e-01
-2.139459997415542603e-01 -1.880821436643600464e-01 4.832033216953277588e-01
-2.250454276800155640e-01 -1.821014732122421265e-01 4.488400518894195557e-01
-2.003327757120132446e-01 -1.815573722124099731e-01 4.511185884475708008e-01
-1.945106387138366699e-01 -1.797293722629547119e-01 4.649267494678497314e-01
-1.912357062101364136e-01 -1.736138164997100830e-01 4.553346931934356689e-01
-2.250892370939254761e-01 -1.692034155130386353e-01 4.546320736408233643e-01
-1.737536489963531494e-01 -1.693069189786911011e-01 4.448347687721252441e-01
-1.872373670339584351e-01 -2.126024812459945679e-01 4.770154654979705811e-01
-2.032888382673263550e-01 -1.900753676891326904e-01 4.428082108497619629e-01
-2.082848697900772095e-01 -1.809032112360000610e-01 4.556538760662078857e-01
-2.027624100446701050e-01 -1.998125314712524414e-01 4.529105424880981445e-01
-2.359664440155029297e-01 -1.777059733867645264e-01 4.676767289638519287e-01
-1.774891763925552368e-01 -2.179070413112640381e-01 4.957895278930664062e-01
-1.900364756584167480e-01 -1.849254965782165527e-01 4.811834394931793213e-01
-1.907331943511962891e-01 -1.713304519653320312e-01 4.584695994853973389e-01
-1.885699778795242310e-01 -1.910667419433593750e-01 4.737656712532043457e-01
-1.797430664300918579e-01 -2.158043682575225830e-01 4.917428195476531982e-01
-2.108408659696578979e-01 -1.897481977939605713e-01 4.462494254112243652e-01
-2.223025113344192505e-01 -1.921597719192504883e-01 4.520208239555358887e-01
-1.892043352127075195e-01 -1.810348033905029297e-01 4.489680230617523193e-01
-1.835248917341232300e-01 -1.870623975992202759e-01 4.907416403293609619e-01
-2.151331901550292969e-01 -1.698444783687591553e-01 4.743710756301879883e-01
-2.104916423559188843e-01 -1.671838760375976562e-01 4.858650863170623779e-01
-2.109630405902862549e-01 -1.838428378105163574e-01 4.693282544612884521e-01
-2.340457439422607422e-01 -1.772689670324325562e-01 4.707138836383819580e-01
-1.961577236652374268e-01 -1.799858957529067993e-01 4.671503007411956787e-01
-1.815764158964157104e-01 -1.658922433853149414e-01 4.478328526020050049e-01
-2.315696179866790771e-01 -2.054276019334793091e-01 4.883961975574493408e-01
-1.923242211341857910e-01 -1.720416247844696045e-01 4.580697119235992432e-01
-1.918382793664932251e-01 -1.935043036937713623e-01 4.810813069343566895e-01
-1.849432587623596191e-01 -2.148870825767517090e-01 4.763624966144561768e-01
-2.352056205272674561e-01 -1.759969890117645264e-01 4.730973839759826660e-01
-1.910863071680068970e-01 -1.703385263681411743e-01 4.535534381866455078e-01
-1.688424199819564819e-01 -1.839639991521835327e-01 4.526856243610382080e-01
-2.060997039079666138e-01 -2.097510248422622681e-01 4.512915611267089844e-01
-1.916282773017883301e-01 -1.863949745893478394e-01 4.795395135879516602e-01
-2.169474363327026367e-01 -1.863814145326614380e-01 4.795004725456237793e-01
-2.132438719272613525e-01 -2.034328132867813110e-01 4.920250475406646729e-01
-1.700365990400314331e-01 -1.838280260562896729e-01 4.496214985847473145e-01
-1.777010411024093628e-01 -1.730055809020996094e-01 4.459308981895446777e-01
-1.966144144535064697e-01 -1.814656853675842285e-01 4.626448154449462891e-01
-2.132410556077957153e-01 -1.687232702970504761e-01 4.830847680568695068e-01
-2.120630741119384766e-01 -2.021837085485458374e-01 4.915219545364379883e-01
-2.306402772665023804e-01 -2.050806283950805664e-01 4.903436601161956787e-01
-1.897647976875305176e-01 -1.709167510271072388e-01 4.574441313743591309e-01
-2.130648642778396606e-01 -2.058749943971633911e-01 4.559302628040313721e-01
-2.302309423685073853e-01 -1.838144958019256592e-01 4.605798721313476562e-01
-2.317078113555908203e-01 -2.030772715806961060e-01 4.888041317462921143e-01
-1.784225255250930786e-01 -1.726850420236587524e-01 4.477223157882690430e-01
-1.873429119586944580e-01 -1.842365264892578125e-01 4.416455924510955811e-01
-2.090419530868530273e-01 -1.699547022581100464e-01 4.810505509376525879e-01
-1.958716064691543579e-01 -1.704264581203460693e-01 4.560284614562988281e-01
-2.105010300874710083e-01 -1.883217841386795044e-01 4.468069672584533691e-01
-2.176056951284408569e-01 -1.890305578708648682e-01 4.834331572055816650e-01
-1.881872713565826416e-01 -2.115870565176010132e-01 4.780029058456420898e-01
-1.878321319818496704e-01 -1.889193952083587646e-01 4.809139370918273926e-01
-1.752911657094955444e-01 -1.697483062744140625e-01 4.436639249324798584e-01
-1.959350407123565674e-01 -1.785186231136322021e-01 4.508495628833770752e-01
-2.075889408588409424e-01 -1.814193725585937500e-01 4.486322104930877686e-01
-2.086152285337448120e-01 -2.071827352046966553e-01 4.848560988903045654e-01
-1.874535083770751953e-01 -2.181463688611984253e-01 4.775556325912475586e-01
-1.945655792951583862e-01 -1.772420853376388550e-01 4.507544636726379395e-01
-2.151528596878051758e-01 -1.993753463029861450e-01 4.452316164970397949e-01
-1.935237795114517212e-01 -1.798901259899139404e-01 4.454835653305053711e-01
-2.060179114341735840e-01 -1.835299283266067505e-01 4.688004255294799805e-01
-2.016797810792922974e-01 -1.850590258836746216e-01 4.479586184024810791e-01
-2.048600763082504272e-01 -1.900116503238677979e-01 4.451221227645874023e-01
-1.949763447046279907e-01 -1.887784600257873535e-01 4.489710628986358643e-01
-1.961079835891723633e-01 -1.790740042924880981e-01 4.690353870391845703e-01
-2.185455411672592163e-01 -1.871752291917800903e-01 4.793919920921325684e-01
-2.300973534584045410e-01 -1.739274710416793823e-01 4.739151298999786377e-01
-1.740045398473739624e-01 -1.695663630962371826e-01 4.449566006660461426e-01
-1.632149815559387207e-01 -1.783491671085357666e-01 4.637103974819183350e-01
-1.963163316249847412e-01 -1.776754707098007202e-01 4.433620870113372803e-01
-1.966463327407836914e-01 -1.772502958774566650e-01 4.689682424068450928e-01
-1.868864595890045166e-01 -1.902041733264923096e-01 4.772548079490661621e-01
-2.128400802612304688e-01 -1.737862080335617065e-01 4.793146848678588867e-01
-2.120226472616195679e-01 -1.833622902631759644e-01 4.516758322715759277e-01
-1.794998198747634888e-01 -1.689576655626296997e-01 4.490853846073150635e-01
-1.932179033756256104e-01 -1.807287931442260742e-01 4.610105752944946289e-01
-2.323901802301406860e-01 -1.799091547727584839e-01 4.747360944747924805e-01
-2.283473461866378784e-01 -2.080010324716567993e-01 4.911411404609680176e-01
-1.893545687198638916e-01 -1.937041282653808594e-01 4.726930558681488037e-01
-2.152256518602371216e-01 -2.035379260778427124e-01 4.463174939155578613e-01
-1.823904067277908325e-01 -1.679394841194152832e-01 4.479984343051910400e-01
-1.963506340980529785e-01 -1.814922541379928589e-01 4.468138217926025391e-01
-2.355505973100662231e-01 -1.697855442762374878e-01 4.821308553218841553e-01
-2.348466068506240845e-01 -1.712729185819625854e-01 4.798713028430938721e-01
-1.939868628978729248e-01 -2.131156325340270996e-01 4.699144363403320312e-01
-2.156904339790344238e-01 -1.693657338619232178e-01 4.831945598125457764e-01
-1.971287429332733154e-01 -1.744862347841262817e-01 4.520116448402404785e-01
-2.226389199495315552e-01 -2.075894474983215332e-01 4.590196907520294189e-01
-1.930583566427230835e-01 -1.865398883819580078e-01 4.765304327011108398e-01
-1.900755465030670166e-01 -1.887819766998291016e-01 4.753456115722656250e-01
-2.087521702051162720e-01 -1.943080127239227295e-01 4.427298605442047119e-01
-1.889668256044387817e-01 -1.902653574943542480e-01 4.792023301124572754e-01
-1.992124319076538086e-01 -1.913787275552749634e-01 4.629608392715454102e-01
-1.746134608983993530e-01 -1.869623959064483643e-01 4.444741904735565186e-01
-2.076390236616134644e-01 -2.014280408620834351e-01 4.870007634162902832e-01
-2.089973837137222290e-01 -1.680775135755538940e-01 4.794881939888000488e-01
-2.076130807399749756e-01 -1.987469196319580078e-01 4.473424553871154785e-01
-2.359161525964736938e-01 -1.753524541854858398e-01 4.726415872573852539e-01
-2.098296582698822021e-01 -1.852304339408874512e-01 4.490191340446472168e-01
-1.937155276536941528e-01 -1.780738830566406250e-01 4.426653087139129639e-01
-1.837750971317291260e-01 -2.128615081310272217e-01 4.901577830314636230e-01
-1.882382035255432129e-01 -1.908541470766067505e-01 4.781135916709899902e-01
-1.917936652898788452e-01 -1.804515868425369263e-01 4.440207183361053467e-01
-2.345635741949081421e-01 -1.791462600231170654e-01 4.706300795078277588e-01
-2.116413265466690063e-01 -2.043168693780899048e-01 4.713066220283508301e-01
-1.794092506170272827e-01 -2.194628417491912842e-01 4.900001883506774902e-01
-1.957591027021408081e-01 -1.764930635690689087e-01 4.551758766174316406e-01
-2.323039621114730835e-01 -1.802180409431457520e-01 4.662097692489624023e-01
-1.958200484514236450e-01 -1.774629354476928711e-01 4.537418484687805176e-01
-1.892251223325729370e-01 -2.178054600954055786e-01 4.792803823947906494e-01
-2.085447907447814941e-01 -2.017101347446441650e-01 4.859361648559570312e-01
-2.193747609853744507e-01 -1.853338181972503662e-01 4.850933849811553955e-01
-1.843677461147308350e-01 -1.869682222604751587e-01 4.900116324424743652e-01
-2.113120406866073608e-01 -2.011141031980514526e-01 4.900197684764862061e-01
-1.966859400272369385e-01 -2.118249535560607910e-01 4.639931321144104004e-01
-2.161219418048858643e-01 -1.695740222930908203e-01 4.824733734130859375e-01
-1.837610602378845215e-01 -2.109728157520294189e-01 4.820169806480407715e-01
-2.337544560432434082e-01 -2.050993293523788452e-01 4.861483871936798096e-01
-1.970705986022949219e-01 -1.765161901712417603e-01 4.600585997104644775e-01
-2.139959484338760376e-01 -1.715001314878463745e-01 4.730709493160247803e-01
-1.939200162887573242e-01 -1.885027736425399780e-01 4.799344241619110107e-01
-2.278558015823364258e-01 -2.075230479240417480e-01 4.902304410934448242e-01
-1.972828358411788940e-01 -1.899613291025161743e-01 4.482068419456481934e-01
-1.956015676259994507e-01 -1.844922304153442383e-01 4.769233763217926025e-01
-1.791331321001052856e-01 -1.690223664045333862e-01 4.463812410831451416e-01
-2.101450264453887939e-01 -1.724518835544586182e-01 4.761639237403869629e-01
-1.874303817749023438e-01 -1.867566555738449097e-01 4.847676157951354980e-01
-1.888046413660049438e-01 -1.897037923336029053e-01 4.793410003185272217e-01
-1.941295564174652100e-01 -1.728166490793228149e-01 4.592595100402832031e-01
-2.154789417982101440e-01 -1.709821522235870361e-01 4.734296798706054688e-01
-2.112415134906768799e-01 -1.820658743381500244e-01 4.643290936946868896e-01
-2.297802567481994629e-01 -2.085092663764953613e-01 4.779791831970214844e-01
-2.259230315685272217e-01 -1.708384156227111816e-01 4.536295235157012939e-01
-1.930034756660461426e-01 -1.837903708219528198e-01 4.808027446269989014e-01
-1.956864744424819946e-01 -1.779443025588989258e-01 4.616416096687316895e-01
-1.792400479316711426e-01 -1.628576517105102539e-01 4.461688697338104248e-01
-1.908838599920272827e-01 -2.153074890375137329e-01 4.820774495601654053e-01
-2.364003360271453857e-01 -1.799109727144241333e-01 4.709153473377227783e-01
-1.799018085002899170e-01 -1.728024780750274658e-01 4.445729255676269531e-01
-2.170926034450531006e-01 -1.927127838134765625e-01 4.439591765403747559e-01
-2.114439904689788818e-01 -1.939883679151535034e-01 4.411411285400390625e-01
-1.978308558464050293e-01 -2.130032777786254883e-01 4.620316028594970703e-01
-1.897773742675781250e-01 -1.785710304975509644e-01 4.652772247791290283e-01
-2.124034762382507324e-01 -2.055752575397491455e-01 4.728501141071319580e-01
-1.881332993507385254e-01 -1.892757117748260498e-01 4.794463813304901123e-01
-2.128875106573104858e-01 -2.024106383323669434e-01 4.463804662227630615e-01
-2.083374857902526855e-01 -1.853971034288406372e-01 4.514003992080688477e-01
-1.914402693510055542e-01 -1.758211255073547363e-01 4.640810191631317139e-01
-1.861587613821029663e-01 -1.924529373645782471e-01 4.808798432350158691e-01
-2.060730904340744019e-01 -1.842183470726013184e-01 4.679046869277954102e-01
-1.958790719509124756e-01 -1.857592165470123291e-01 4.809864759445190430e-01
-1.934410035610198975e-01 -1.895647495985031128e-01 4.400033056735992432e-01
-2.303705662488937378e-01 -2.071180492639541626e-01 4.798374474048614502e-01
-1.850586682558059692e-01 -2.159947603940963745e-01 4.825124740600585938e-01
-1.591725647449493408e-01 -1.764496415853500366e-01 4.703145623207092285e-01
-1.969413608312606812e-01 -1.800021380186080933e-01 4.476706385612487793e-01
-1.813318431377410889e-01 -2.180921882390975952e-01 4.823769032955169678e-01
-2.239823341369628906e-01 -1.711544692516326904e-01 4.528887569904327393e-01
-1.879829168319702148e-01 -2.144148200750350952e-01 4.765349328517913818e-01
-2.328328788280487061e-01 -1.768673956394195557e-01 4.666156470775604248e-01
-1.992949247360229492e-01 -1.985662132501602173e-01 4.587200284004211426e-01
-2.095595300197601318e-01 -2.016112655401229858e-01 4.451331496238708496e-01
-2.122265249490737915e-01 -1.977312862873077393e-01 4.484432935714721680e-01
-1.871241629123687744e-01 -2.105214893817901611e-01 4.820264577865600586e-01
-2.142142206430435181e-01 -1.690664142370223999e-01 4.884736835956573486e-01
-2.083419859409332275e-01 -1.779494881629943848e-01 4.699070453643798828e-01
-2.131160795688629150e-01 -2.047532349824905396e-01 4.948837757110595703e-01
-1.873038858175277710e-01 -2.195411920547485352e-01 4.807017743587493896e-01
-2.161788344383239746e-01 -1.699204891920089722e-01 4.755656719207763672e-01
-2.133380919694900513e-01 -2.034545987844467163e-01 4.885013401508331299e-01
-1.869902163743972778e-01 -1.881851255893707275e-01 4.801956713199615479e-01
-2.125872522592544556e-01 -2.027859985828399658e-01 4.482809901237487793e-01
-1.945427805185317993e-01 -1.801005154848098755e-01 4.487091600894927979e-01
-2.315702736377716064e-01 -1.765945553779602051e-01 4.780776798725128174e-01
-2.251846939325332642e-01 -1.718593090772628784e-01 4.556499719619750977e-01
-1.915579736232757568e-01 -1.756196320056915283e-01 4.461737871170043945e-01
-2.049690186977386475e-01 -1.906567513942718506e-01 4.445996880531311035e-01
-1.683533936738967896e-01 -1.835226863622665405e-01 4.548750817775726318e-01
-1.986521780490875244e-01 -1.800629794597625732e-01 4.464223980903625488e-01
-2.333710938692092896e-01 -1.727502495050430298e-01 4.772530794143676758e-01
-2.278716713190078735e-01 -1.813195943832397461e-01 4.647851288318634033e-01
-1.594755351543426514e-01 -1.778599768877029419e-01 4.699912965297698975e-01
-1.968959718942642212e-01 -1.850735545158386230e-01 4.512570798397064209e-01
-2.182144522666931152e-01 -1.893234103918075562e-01 4.774086177349090576e-01
-2.338064610958099365e-01 -1.774407327175140381e-01 4.652312099933624268e-01
-2.062935531139373779e-01 -1.981235444545745850e-01 4.529111981391906738e-01
-2.134877294301986694e-01 -1.654210984706878662e-01 4.864377677440643311e-01
-1.999925225973129272e-01 -1.864299178123474121e-01 4.497271478176116943e-01
-2.207770347595214844e-01 -2.080815136432647705e-01 4.548789262771606445e-01
-2.311898022890090942e-01 -2.079800069332122803e-01 4.813600480556488037e-01
-2.306038737297058105e-01 -1.753093153238296509e-01 4.789888858795166016e-01
-1.957696378231048584e-01 -1.791712641716003418e-01 4.686485528945922852e-01
-1.983663290739059448e-01 -1.751955598592758179e-01 4.671276509761810303e-01
-1.627649515867233276e-01 -1.775906533002853394e-01 4.671545028686523438e-01
-1.902844160795211792e-01 -1.762291640043258667e-01 4.560794234275817871e-01
-2.112262248992919922e-01 -1.710980981588363647e-01 4.836826324462890625e-01
-1.845935136079788208e-01 -2.121957838535308838e-01 4.846222400665283203e-01
-1.826798468828201294e-01 -1.692206859588623047e-01 4.466468095779418945e-01
-2.231909483671188354e-01 -1.931167542934417725e-01 4.522346258163452148e-01
-2.065356522798538208e-01 -1.800895035266876221e-01 4.513906538486480713e-01
-2.246573120355606079e-01 -2.078342139720916748e-01 4.632212221622467041e-01
-2.001328468322753906e-01 -1.810120046138763428e-01 4.504051804542541504e-01
-2.080052047967910767e-01 -2.051746547222137451e-01 4.889397621154785156e-01
-1.849536150693893433e-01 -2.209830731153488159e-01 4.837628901004791260e-01
-1.961981654167175293e-01 -1.763627082109451294e-01 4.553206562995910645e-01
-1.993888914585113525e-01 -1.923349201679229736e-01 4.474313855171203613e-01
-1.933167725801467896e-01 -1.729067862033843994e-01 4.627509117126464844e-01
-2.116636037826538086e-01 -2.047250866889953613e-01 4.649232923984527588e-01
-1.933266371488571167e-01 -1.792068779468536377e-01 4.681307077407836914e-01
-1.722928732633590698e-01 -1.651122421026229858e-01 4.497729241847991943e-01
-2.163722813129425049e-01 -1.968096047639846802e-01 4.438751637935638428e-01
-2.067641913890838623e-01 -1.830577701330184937e-01 4.514783322811126709e-01
-1.700398176908493042e-01 -1.822343915700912476e-01 4.534254968166351318e-01
-2.119539082050323486e-01 -1.793449074029922485e-01 4.696767032146453857e-01
-2.122267782688140869e-01 -1.654428392648696899e-01 4.882476925849914551e-01
-2.070890814065933228e-01 -1.837795376777648926e-01 4.496455192565917969e-01
-1.807896792888641357e-01 -1.667644679546356201e-01 4.480919837951660156e-01
-2.105623334646224976e-01 -2.073060423135757446e-01 4.447939097881317139e-01
-2.112866044044494629e-01 -2.020433694124221802e-01 4.873203337192535400e-01
-1.910464763641357422e-01 -1.850381940603256226e-01 4.791997373104095459e-01
-1.961167007684707642e-01 -1.734915226697921753e-01 4.651145637035369873e-01
-2.194282412528991699e-01 -1.888731420040130615e-01 4.809755086898803711e-01
-2.172082364559173584e-01 -1.962465494871139526e-01 4.451085329055786133e-01
-2.147835642099380493e-01 -2.059604078531265259e-01 4.883154332637786865e-01
-1.957824826240539551e-01 -1.859403252601623535e-01 4.475625157356262207e-01
-2.130404561758041382e-01 -1.678160279989242554e-01 4.781261086463928223e-01
-2.170377820730209351e-01 -1.873283386230468750e-01 4.428496658802032471e-01
-2.299641519784927368e-01 -2.087736874818801880e-01 4.893576502799987793e-01
-1.920325458049774170e-01 -1.745228469371795654e-01 4.729895293712615967e-01
-2.169477939605712891e-01 -1.878413259983062744e-01 4.811489582061767578e-01
-2.119674086570739746e-01 -2.025454640388488770e-01 4.950329065322875977e-01
-1.801260858774185181e-01 -2.139112651348114014e-01 4.856657087802886963e-01
-1.926833987236022949e-01 -1.896788030862808228e-01 4.399470984935760498e-01
-2.083708792924880981e-01 -1.807578206062316895e-01 4.722489118576049805e-01
-2.112282067537307739e-01 -1.819143146276473999e-01 4.714005887508392334e-01
-2.273763865232467651e-01 -1.754468530416488647e-01 4.523266553878784180e-01
-1.914649307727813721e-01 -1.736964583396911621e-01 4.692381918430328369e-01
-1.924018263816833496e-01 -1.879352331161499023e-01 4.762514829635620117e-01
-1.970044821500778198e-01 -1.772563755512237549e-01 4.684579074382781982e-01
-1.826046258211135864e-01 -2.122215181589126587e-01 4.851854443550109863e-01
-2.128756642341613770e-01 -1.652305722236633301e-01 4.846052229404449463e-01
-1.941382437944412231e-01 -1.702182441949844360e-01 4.557346701622009277e-01
-1.943762004375457764e-01 -1.826004385948181152e-01 4.468501508235931396e-01
-1.998068988323211670e-01 -1.842018067836761475e-01 4.559942781925201416e-01
-2.342875897884368896e-01 -2.054224759340286255e-01 4.948844015598297119e-01
-2.105945944786071777e-01 -1.710817515850067139e-01 4.730827212333679199e-01
-2.126400172710418701e-01 -2.030417621135711670e-01 4.468148648738861084e-01
-2.099319994449615479e-01 -2.034124135971069336e-01 4.471677541732788086e-01
-2.138789147138595581e-01 -2.077212929725646973e-01 4.870598912239074707e-01
-2.086106091737747192e-01 -2.051925808191299438e-01 4.459476470947265625e-01
-1.953586190938949585e-01 -1.784393489360809326e-01 4.628339409828186035e-01
-2.119281888008117676e-01 -1.973678022623062134e-01 4.437715113162994385e-01
-2.310989350080490112e-01 -1.844197213649749756e-01 4.613453149795532227e-01
-2.332416921854019165e-01 -1.814277023077011108e-01 4.652095735073089600e-01
-1.868707388639450073e-01 -1.895007193088531494e-01 4.737555384635925293e-01
-2.331119030714035034e-01 -1.795035004615783691e-01 4.751705825328826904e-01
-2.151429504156112671e-01 -1.721071451902389526e-01 4.782870113849639893e-01
-1.913518756628036499e-01 -1.940747499465942383e-01 4.771419465541839600e-01
-1.851864904165267944e-01 -1.755493283271789551e-01 4.476975202560424805e-01
-2.208101451396942139e-01 -1.827945858240127563e-01 4.466550052165985107e-01
-2.229384630918502808e-01 -1.798316538333892822e-01 4.475931823253631592e-01
-1.822252571582794189e-01 -1.695466935634613037e-01 4.433096051216125488e-01
-1.975495219230651855e-01 -1.824124604463577271e-01 4.440156221389770508e-01
-2.269753813743591309e-01 -2.085163444280624390e-01 4.728146195411682129e-01
-1.979321539402008057e-01 -1.739604473114013672e-01 4.679606556892395020e-01
-2.241690307855606079e-01 -1.730121225118637085e-01 4.541600942611694336e-01
-1.907667517662048340e-01 -1.859790235757827759e-01 4.828867316246032715e-01
-2.111902981996536255e-01 -1.901462376117706299e-01 4.421859681606292725e-01
-2.105301469564437866e-01 -1.930628865957260132e-01 4.526163637638092041e-01
-2.016530036926269531e-01 -1.866570264101028442e-01 4.462972581386566162e-01
-2.152040153741836548e-01 -1.706467419862747192e-01 4.825780391693115234e-01
-1.587351113557815552e-01 -1.760458946228027344e-01 4.751593768596649170e-01
-1.993878483772277832e-01 -1.990455389022827148e-01 4.566467404365539551e-01
-2.120143324136734009e-01 -1.736404299736022949e-01 4.822884500026702881e-01
-2.011774480342864990e-01 -1.991313099861145020e-01 4.566907584667205811e-01
-2.328559309244155884e-01 -1.753276139497756958e-01 4.709278941154479980e-01
-2.223348021507263184e-01 -1.721296757459640503e-01 4.543826878070831299e-01
-2.129632383584976196e-01 -1.934504657983779907e-01 4.515458345413208008e-01
-1.824436932802200317e-01 -2.168734073638916016e-01 4.816728830337524414e-01
-2.233746498823165894e-01 -1.744512021541595459e-01 4.520453810691833496e-01
-1.821791678667068481e-01 -1.737390011548995972e-01 4.478305876255035400e-01
-1.883842945098876953e-01 -2.165448963642120361e-01 4.827672243118286133e-01
-1.883472651243209839e-01 -2.120241820812225342e-01 4.779313504695892334e-01
-2.122183889150619507e-01 -1.646280437707901001e-01 4.881353974342346191e-01
-2.111662030220031738e-01 -1.932993829250335693e-01 4.537537097930908203e-01
-2.310629487037658691e-01 -2.099151611328125000e-01 4.874963462352752686e-01
-1.886606216430664062e-01 -2.172049880027770996e-01 4.864916801452636719e-01
-2.305811643600463867e-01 -2.056606560945510864e-01 4.869990050792694092e-01
-1.939692199230194092e-01 -1.764817237854003906e-01 4.640341997146606445e-01
-1.883322000503540039e-01 -1.893701106309890747e-01 4.792556166648864746e-01
-1.938031911849975586e-01 -1.780553907155990601e-01 4.478798508644104004e-01
-2.232568114995956421e-01 -1.745568811893463135e-01 4.534710645675659180e-01
-2.067489475011825562e-01 -2.095134109258651733e-01 4.490645825862884521e-01
-2.134108543395996094e-01 -1.830783188343048096e-01 4.608187377452850342e-01
-2.077911943197250366e-01 -1.846074908971786499e-01 4.682767987251281738e-01
-2.015611827373504639e-01 -1.835202276706695557e-01 4.490601718425750732e-01
-1.805835217237472534e-01 -1.666184216737747192e-01 4.453379511833190918e-01
-2.130195349454879761e-01 -1.890078037977218628e-01 4.406475424766540527e-01
-2.314341366291046143e-01 -2.120192199945449829e-01 4.894624948501586914e-01
-2.160811126232147217e-01 -1.857982724905014038e-01 4.771004319190979004e-01
-1.916614323854446411e-01 -1.749952286481857300e-01 4.535392522811889648e-01
-1.948826909065246582e-01 -1.729530394077301025e-01 4.680567681789398193e-01
-2.155395299196243286e-01 -1.677986681461334229e-01 4.877526164054870605e-01
-1.994360983371734619e-01 -1.774328947067260742e-01 4.632023274898529053e-01
-1.927784383296966553e-01 -1.814269870519638062e-01 4.481020569801330566e-01
-2.107053101062774658e-01 -1.673159599304199219e-01 4.838254153728485107e-01
-2.164886146783828735e-01 -1.672456264495849609e-01 4.796579182147979736e-01
-2.303869575262069702e-01 -2.046256065368652344e-01 4.841443896293640137e-01
-1.949209868907928467e-01 -1.731009781360626221e-01 4.683136641979217529e-01
-2.072819620370864868e-01 -1.779241412878036499e-01 4.703632891178131104e-01
-1.890876740217208862e-01 -1.929130405187606812e-01 4.802456200122833252e-01
-2.110040634870529175e-01 -1.815738528966903687e-01 4.491623342037200928e-01
-2.102950364351272583e-01 -1.820046305656433105e-01 4.640496373176574707e-01
-2.169984877109527588e-01 -1.872617751359939575e-01 4.430179893970489502e-01
-2.138089090585708618e-01 -2.047040015459060669e-01 4.850827753543853760e-01
-1.943108588457107544e-01 -1.785776317119598389e-01 4.591766893863677979e-01
-2.103471159934997559e-01 -2.013227641582489014e-01 4.846830964088439941e-01
-2.121654450893402100e-01 -1.941784620285034180e-01 4.508066773414611816e-01
-2.108472287654876709e-01 -2.038667798042297363e-01 4.919598996639251709e-01
-2.302758246660232544e-01 -1.773325651884078979e-01 4.679384231567382812e-01
-2.388163208961486816e-01 -1.795286983251571655e-01 4.718719422817230225e-01
-2.180428653955459595e-01 -1.861324161291122437e-01 4.802351891994476318e-01
-2.123700380325317383e-01 -2.013490945100784302e-01 4.848860502243041992e-01
-2.356241196393966675e-01 -1.759130060672760010e-01 4.674447178840637207e-01
-2.123401314020156860e-01 -2.026025652885437012e-01 4.938343763351440430e-01
-1.872560381889343262e-01 -2.181349694728851318e-01 4.835952520370483398e-01
-2.103479355573654175e-01 -1.895887553691864014e-01 4.467413425445556641e-01
-2.292577624320983887e-01 -1.771997362375259399e-01 4.682144820690155029e-01
-2.325166463851928711e-01 -1.794783473014831543e-01 4.674564599990844727e-01
-2.131486088037490845e-01 -1.856826692819595337e-01 4.566958248615264893e-01
-2.086681574583053589e-01 -1.798178553581237793e-01 4.687792062759399414e-01
-1.956919580698013306e-01 -1.732136756181716919e-01 4.653347432613372803e-01
-2.107588499784469604e-01 -1.806513667106628418e-01 4.729502499103546143e-01
-2.160590589046478271e-01 -1.898441910743713379e-01 4.785832166671752930e-01
-1.963428109884262085e-01 -1.735240221023559570e-01 4.516182541847229004e-01
-2.120341211557388306e-01 -1.730860769748687744e-01 4.799463748931884766e-01
-2.128074020147323608e-01 -1.671215146780014038e-01 4.815692305564880371e-01
-2.287393510341644287e-01 -1.769317388534545898e-01 4.674504995346069336e-01
-2.320225089788436890e-01 -1.762237846851348877e-01 4.690866768360137939e-01
-2.354677617549896240e-01 -1.819137334823608398e-01 4.708632826805114746e-01
-2.245388776063919067e-01 -1.676993221044540405e-01 4.572550952434539795e-01
-1.780360341072082520e-01 -1.652043610811233521e-01 4.471776485443115234e-01
-1.766123771667480469e-01 -1.642456799745559692e-01 4.473998248577117920e-01
-1.850325763225555420e-01 -1.770410686731338501e-01 4.485057294368743896e-01
-1.860938966274261475e-01 -1.921695023775100708e-01 4.768776893615722656e-01
-2.313078492879867554e-01 -2.054825872182846069e-01 4.921664595603942871e-01
-2.312649637460708618e-01 -1.721830517053604126e-01 4.782330691814422607e-01
-2.100805640220642090e-01 -2.102712094783782959e-01 4.462431669235229492e-01
-1.775320619344711304e-01 -1.681535094976425171e-01 4.460653960704803467e-01
-1.966455578804016113e-01 -1.767037361860275269e-01 4.609926044940948486e-01
-2.301416099071502686e-01 -2.045679539442062378e-01 4.888788461685180664e-01
-2.218797206878662109e-01 -1.699222028255462646e-01 4.554006755352020264e-01
-1.946872025728225708e-01 -1.741399914026260376e-01 4.713726639747619629e-01
-2.113583385944366455e-01 -2.050521820783615112e-01 4.855424463748931885e-01
-1.931039094924926758e-01 -1.782658696174621582e-01 4.521304965019226074e-01
-2.239199876785278320e-01 -1.692163497209548950e-01 4.527086317539215088e-01
-1.872241348028182983e-01 -1.914228647947311401e-01 4.860941767692565918e-01
-1.862754821777343750e-01 -2.144768536090850830e-01 4.817364513874053955e-01
-1.756287068128585815e-01 -1.660473197698593140e-01 4.453298151493072510e-01
-2.143501937389373779e-01 -1.731828004121780396e-01 4.830510616302490234e-01
-1.831923127174377441e-01 -1.777436435222625732e-01 4.456162154674530029e-01
-2.182854264974594116e-01 -1.891025751829147339e-01 4.826220273971557617e-01
-2.030203640460968018e-01 -1.896331757307052612e-01 4.506231546401977539e-01
-2.092824429273605347e-01 -1.832616776227951050e-01 4.541420042514801025e-01
-2.016185075044631958e-01 -1.974611282348632812e-01 4.457791149616241455e-01
-2.143116146326065063e-01 -1.713216751813888550e-01 4.831556677818298340e-01
-1.930526047945022583e-01 -1.904398202896118164e-01 4.766782224178314209e-01
-1.916668415069580078e-01 -1.736563295125961304e-01 4.690026938915252686e-01
-1.929974108934402466e-01 -1.878128200769424438e-01 4.778519570827484131e-01
-2.107655405998229980e-01 -1.725705862045288086e-01 4.748335182666778564e-01
-2.036819607019424438e-01 -2.106632441282272339e-01 4.553475081920623779e-01
-2.089421302080154419e-01 -2.011238783597946167e-01 4.888287484645843506e-01
-1.651720702648162842e-01 -1.799250543117523193e-01 4.595209956169128418e-01
-2.130733430385589600e-01 -1.914357841014862061e-01 4.412797689437866211e-01
-1.973091065883636475e-01 -1.809427589178085327e-01 4.461586773395538330e-01
-1.890964359045028687e-01 -1.807804256677627563e-01 4.489059746265411377e-01
-1.880698949098587036e-01 -1.898773759603500366e-01 4.811999797821044922e-01
-2.089972048997879028e-01 -1.812391132116317749e-01 4.488259553909301758e-01
-2.062318474054336548e-01 -1.789409220218658447e-01 4.720102846622467041e-01
-2.134202718734741211e-01 -1.835238188505172729e-01 4.798176884651184082e-01
-2.163604199886322021e-01 -1.713244169950485229e-01 4.811162054538726807e-01
-2.114961594343185425e-01 -1.703831702470779419e-01 4.860749840736389160e-01
-1.891025751829147339e-01 -1.874721944332122803e-01 4.785047769546508789e-01
-2.148947566747665405e-01 -1.728407740592956543e-01 4.763609170913696289e-01
-2.278351634740829468e-01 -2.081027477979660034e-01 4.760304093360900879e-01
-1.945036500692367554e-01 -1.882140338420867920e-01 4.742973744869232178e-01
-2.321503460407257080e-01 -2.100159525871276855e-01 4.934325218200683594e-01
-2.326120436191558838e-01 -2.098983973264694214e-01 4.860337376594543457e-01
-1.731249839067459106e-01 -1.662209331989288330e-01 4.475232958793640137e-01
-1.876504123210906982e-01 -1.886117905378341675e-01 4.780563116073608398e-01
-2.307095974683761597e-01 -2.120380103588104248e-01 4.862756133079528809e-01
-1.806493699550628662e-01 -1.637790501117706299e-01 4.443080425262451172e-01
-2.110963016748428345e-01 -1.969769746065139771e-01 4.496739804744720459e-01
-1.982818394899368286e-01 -1.929540336132049561e-01 4.483484029769897461e-01
-1.944154798984527588e-01 -1.842985898256301880e-01 4.500136673450469971e-01
-1.963866353034973145e-01 -1.890218704938888550e-01 4.475260674953460693e-01
-1.859839707612991333e-01 -1.906339377164840698e-01 4.788515865802764893e-01
-1.908657401800155640e-01 -2.147829085588455200e-01 4.741323292255401611e-01
-2.132168114185333252e-01 -2.050554305315017700e-01 4.932906329631805420e-01
-2.311005592346191406e-01 -2.111490666866302490e-01 4.840066432952880859e-01
-2.134903669357299805e-01 -1.777406483888626099e-01 4.668461680412292480e-01
-1.944442242383956909e-01 -1.734792739152908325e-01 4.534637928009033203e-01
-2.341075688600540161e-01 -1.734394580125808716e-01 4.773966670036315918e-01
-2.120887339115142822e-01 -1.724961251020431519e-01 4.748413860797882080e-01
-2.045557498931884766e-01 -1.898253709077835083e-01 4.452817738056182861e-01
-1.899468302726745605e-01 -1.819641143083572388e-01 4.473761916160583496e-01
-2.112696766853332520e-01 -2.053116410970687866e-01 4.631745517253875732e-01
-1.825869232416152954e-01 -2.145812958478927612e-01 4.779273271560668945e-01
-2.356347888708114624e-01 -1.750508695840835571e-01 4.718261063098907471e-01
-2.108380049467086792e-01 -2.038460224866867065e-01 4.924338459968566895e-01
-2.363236695528030396e-01 -1.800908297300338745e-01 4.703205227851867676e-01
-2.040432095527648926e-01 -2.116199135780334473e-01 4.531840384006500244e-01
-2.079745829105377197e-01 -1.799654513597488403e-01 4.651778638362884521e-01
-2.267000377178192139e-01 -1.672430783510208130e-01 4.598837494850158691e-01
-2.193938493728637695e-01 -1.875143200159072876e-01 4.789261817932128906e-01
-1.891003400087356567e-01 -1.871079057455062866e-01 4.804577529430389404e-01
-1.879377365112304688e-01 -1.840582937002182007e-01 4.410510361194610596e-01
-1.935291141271591187e-01 -1.758403182029724121e-01 4.542594552040100098e-01
-2.134030461311340332e-01 -1.677033752202987671e-01 4.844988584518432617e-01
-2.102893888950347900e-01 -2.009675651788711548e-01 4.890404045581817627e-01
-2.073391377925872803e-01 -1.813376545906066895e-01 4.543590247631072998e-01
-2.083679586648941040e-01 -1.821133941411972046e-01 4.696879684925079346e-01
-1.925844848155975342e-01 -1.813047230243682861e-01 4.480160176753997803e-01
-2.327858507633209229e-01 -1.783394217491149902e-01 4.748390316963195801e-01
-2.317918837070465088e-01 -1.814920008182525635e-01 4.684241116046905518e-01
-2.121870368719100952e-01 -1.844258308410644531e-01 4.484718441963195801e-01
-2.311640232801437378e-01 -1.794671565294265747e-01 4.766961336135864258e-01
-2.133444547653198242e-01 -1.743893325328826904e-01 4.782063961029052734e-01
-2.164666503667831421e-01 -2.020224928855895996e-01 4.460254907608032227e-01
-2.250688076019287109e-01 -1.700904816389083862e-01 4.537698030471801758e-01
-2.116735428571701050e-01 -1.944164186716079712e-01 4.419636130332946777e-01
-1.835950016975402832e-01 -2.188341468572616577e-01 4.840400815010070801e-01
-2.245690524578094482e-01 -1.756533980369567871e-01 4.545657038688659668e-01
-2.092280685901641846e-01 -2.046555578708648682e-01 4.836989939212799072e-01
-2.169373035430908203e-01 -1.681266725063323975e-01 4.785112142562866211e-01
-1.877098679542541504e-01 -1.848774403333663940e-01 4.419258534908294678e-01
-1.919429153203964233e-01 -1.809363663196563721e-01 4.468963146209716797e-01
-1.890746951103210449e-01 -2.122425138950347900e-01 4.782242476940155029e-01
-2.097541689872741699e-01 -1.712999641895294189e-01 4.772607088088989258e-01
-2.198200523853302002e-01 -1.874988079071044922e-01 4.473269879817962646e-01
-2.319511175155639648e-01 -2.075012028217315674e-01 4.895240068435668945e-01
-2.258693724870681763e-01 -2.074979096651077271e-01 4.703676402568817139e-01
-2.017587423324584961e-01 -1.880503743886947632e-01 4.462416172027587891e-01
-2.293937653303146362e-01 -1.793256253004074097e-01 4.708477854728698730e-01
-1.878421455621719360e-01 -2.192271500825881958e-01 4.822054803371429443e-01
-1.950877457857131958e-01 -1.755565404891967773e-01 4.596427679061889648e-01
-2.307480424642562866e-01 -1.759985238313674927e-01 4.784363508224487305e-01
-1.962909251451492310e-01 -1.857790350914001465e-01 4.789900779724121094e-01
-1.934052705764770508e-01 -1.810187250375747681e-01 4.614585041999816895e-01
-1.907203644514083862e-01 -2.145048379898071289e-01 4.750628769397735596e-01
-2.279688566923141479e-01 -1.710710376501083374e-01 4.570016562938690186e-01
-1.994521170854568481e-01 -1.924865245819091797e-01 4.476278424263000488e-01
-1.991297900676727295e-01 -1.747380048036575317e-01 4.644921720027923584e-01
-1.877401024103164673e-01 -2.126796841621398926e-01 4.839321672916412354e-01
-1.767463535070419312e-01 -1.700672954320907593e-01 4.492674767971038818e-01
-1.931099146604537964e-01 -1.808166205883026123e-01 4.606454968452453613e-01
-1.838252395391464233e-01 -2.175426185131072998e-01 4.803055822849273682e-01
-2.205394059419631958e-01 -2.088737338781356812e-01 4.565896093845367432e-01
-2.322169244289398193e-01 -1.806908100843429565e-01 4.713056683540344238e-01
-2.126421034336090088e-01 -1.733926981687545776e-01 4.722931087017059326e-01
-1.993925869464874268e-01 -1.945354491472244263e-01 4.464251995086669922e-01
-1.884002387523651123e-01 -1.828938871622085571e-01 4.417413175106048584e-01
-1.853258013725280762e-01 -2.183541506528854370e-01 4.893924891948699951e-01
-1.986782997846603394e-01 -1.754867732524871826e-01 4.669138193130493164e-01
-2.161709070205688477e-01 -1.720704287290573120e-01 4.766231477260589600e-01
-2.112065255641937256e-01 -1.984065324068069458e-01 4.442951679229736328e-01
-1.797579526901245117e-01 -2.158307880163192749e-01 4.913204908370971680e-01
-2.072691917419433594e-01 -1.989624500274658203e-01 4.515387117862701416e-01
-1.932170838117599487e-01 -1.763350367546081543e-01 4.466137886047363281e-01
-2.090757638216018677e-01 -1.842139214277267456e-01 4.662443399429321289e-01
-2.058493047952651978e-01 -1.784906387329101562e-01 4.686104655265808105e-01
-1.850033104419708252e-01 -2.152129411697387695e-01 4.845023453235626221e-01
-1.948853731155395508e-01 -1.759140342473983765e-01 4.448307752609252930e-01
-1.991634368896484375e-01 -1.859251707792282104e-01 4.504933059215545654e-01
-1.721215844154357910e-01 -1.858901977539062500e-01 4.479333460330963135e-01
-2.082561254501342773e-01 -2.015333920717239380e-01 4.855043292045593262e-01
-2.330761849880218506e-01 -2.059875428676605225e-01 4.849235117435455322e-01
-1.774070709943771362e-01 -1.642609834671020508e-01 4.469060599803924561e-01
-1.933271884918212891e-01 -1.825603991746902466e-01 4.813014268875122070e-01
-1.940043419599533081e-01 -1.766457557678222656e-01 4.594898223876953125e-01
-1.958195269107818604e-01 -1.899566501379013062e-01 4.677496254444122314e-01
-2.131191194057464600e-01 -1.741926074028015137e-01 4.784922003746032715e-01
-2.138359397649765015e-01 -1.854558140039443970e-01 4.410117268562316895e-01
-2.331875264644622803e-01 -1.736808717250823975e-01 4.748802185058593750e-01
-2.122181355953216553e-01 -1.823821216821670532e-01 4.517708420753479004e-01
-2.194854915142059326e-01 -2.081390172243118286e-01 4.561149179935455322e-01
-1.824783682823181152e-01 -1.681058108806610107e-01 4.459559023380279541e-01
-1.949012726545333862e-01 -1.876815557479858398e-01 4.473263025283813477e-01
-1.774088740348815918e-01 -1.870775669813156128e-01 4.399329721927642822e-01
-1.946289390325546265e-01 -1.743347793817520142e-01 4.498438835144042969e-01
-2.122882604598999023e-01 -1.986564695835113525e-01 4.430721402168273926e-01
-2.124267220497131348e-01 -2.058980762958526611e-01 4.829367697238922119e-01
-1.909640580415725708e-01 -1.876271069049835205e-01 4.726438522338867188e-01
-2.322728037834167480e-01 -1.807452142238616943e-01 4.703586101531982422e-01
-1.905333548784255981e-01 -1.944336742162704468e-01 4.763758778572082520e-01
-2.080908417701721191e-01 -2.064173519611358643e-01 4.872695505619049072e-01
-2.187244445085525513e-01 -1.853504925966262817e-01 4.434497952461242676e-01
-2.094897329807281494e-01 -1.782226264476776123e-01 4.714608490467071533e-01
-2.161200046539306641e-01 -2.025378197431564331e-01 4.466293752193450928e-01
-1.988247632980346680e-01 -1.828647851943969727e-01 4.490882754325866699e-01
-2.141062766313552856e-01 -2.015281021595001221e-01 4.448889195919036865e-01
-2.113752365112304688e-01 -2.061116993427276611e-01 4.638230502605438232e-01
-2.093717753887176514e-01 -1.843086332082748413e-01 4.503689408302307129e-01
-2.336082756519317627e-01 -1.769820749759674072e-01 4.713936746120452881e-01
-1.976655870676040649e-01 -1.823747754096984863e-01 4.507868885993957520e-01
-2.092326432466506958e-01 -1.676248908042907715e-01 4.773346483707427979e-01
-1.774512976408004761e-01 -1.667961478233337402e-01 4.486624896526336670e-01
-2.118693590164184570e-01 -2.034532874822616577e-01 4.468694627285003662e-01
-1.913708299398422241e-01 -1.728221774101257324e-01 4.578213989734649658e-01
-2.134696990251541138e-01 -2.036390453577041626e-01 4.885320067405700684e-01
-2.278279960155487061e-01 -2.079343050718307495e-01 4.869975447654724121e-01
-2.096565067768096924e-01 -1.733544915914535522e-01 4.771033525466918945e-01
-2.322455048561096191e-01 -2.112409472465515137e-01 4.857766628265380859e-01
-2.120463103055953979e-01 -1.673361659049987793e-01 4.844643473625183105e-01
-2.117207348346710205e-01 -1.791868209838867188e-01 4.709255099296569824e-01
-2.283373177051544189e-01 -1.794728636741638184e-01 4.719477891921997070e-01
-2.122185677289962769e-01 -1.657110601663589478e-01 4.862178862094879150e-01
-2.162547111511230469e-01 -1.881094425916671753e-01 4.735131859779357910e-01
-2.216828018426895142e-01 -1.700085699558258057e-01 4.548132717609405518e-01
-1.871950477361679077e-01 -1.926639974117279053e-01 4.744743406772613525e-01
-2.276175171136856079e-01 -2.085716873407363892e-01 4.717496931552886963e-01
-1.949816197156906128e-01 -1.758466511964797974e-01 4.449471235275268555e-01
-1.745440065860748291e-01 -1.711471378803253174e-01 4.446707367897033691e-01
-2.117650806903839111e-01 -1.954385638236999512e-01 4.455041289329528809e-01
-2.148101478815078735e-01 -2.075199037790298462e-01 4.871765971183776855e-01
-2.193952202796936035e-01 -1.828317344188690186e-01 4.825691282749176025e-01
-2.030336856842041016e-01 -1.899693310260772705e-01 4.450424313545227051e-01
-2.066299915313720703e-01 -1.838311254978179932e-01 4.655959904193878174e-01
-1.927702575922012329e-01 -1.774354726076126099e-01 4.466489553451538086e-01
-2.218979150056838989e-01 -1.877492815256118774e-01 4.468812644481658936e-01
-2.091128379106521606e-01 -1.716095060110092163e-01 4.798045754432678223e-01
-2.165450304746627808e-01 -1.701410561800003052e-01 4.809276461601257324e-01
-1.887527406215667725e-01 -2.147169709205627441e-01 4.821831583976745605e-01
-2.127398997545242310e-01 -1.692411601543426514e-01 4.794480800628662109e-01
-2.132628709077835083e-01 -1.852884292602539062e-01 4.811876118183135986e-01
-2.322233021259307861e-01 -1.811590641736984253e-01 4.701489210128784180e-01
-1.779824495315551758e-01 -1.731562018394470215e-01 4.454499483108520508e-01
-1.961657553911209106e-01 -1.854507774114608765e-01 4.784079790115356445e-01
-2.027262151241302490e-01 -1.886663436889648438e-01 4.462115168571472168e-01
-1.689611077308654785e-01 -1.825381964445114136e-01 4.520720243453979492e-01
-2.108423411846160889e-01 -2.049390226602554321e-01 4.789219498634338379e-01
-2.308852672576904297e-01 -2.116173058748245239e-01 4.860734641551971436e-01
-1.864682435989379883e-01 -2.183786332607269287e-01 4.835474193096160889e-01
-2.304568737745285034e-01 -2.051441818475723267e-01 4.893926382064819336e-01
-2.125159800052642822e-01 -2.052483409643173218e-01 4.736675918102264404e-01
-1.917459815740585327e-01 -1.819399446249008179e-01 4.794514775276184082e-01
-2.082649767398834229e-01 -2.037555724382400513e-01 4.853354096412658691e-01
-1.930700987577438354e-01 -1.930494010448455811e-01 4.761887788772583008e-01
-1.903007179498672485e-01 -1.833247542381286621e-01 4.834560453891754150e-01
-1.941209137439727783e-01 -1.732393205165863037e-01 4.528246223926544189e-01
-2.116758078336715698e-01 -1.673130989074707031e-01 4.808161258697509766e-01
-1.720692515373229980e-01 -1.648572981357574463e-01 4.498518407344818115e-01
-2.285467386245727539e-01 -1.796650886535644531e-01 4.686456918716430664e-01
-2.133444249629974365e-01 -2.049954980611801147e-01 4.817817509174346924e-01
-2.308448702096939087e-01 -2.085478007793426514e-01 4.820430576801300049e-01
-1.928044408559799194e-01 -1.901934146881103516e-01 4.784038364887237549e-01
-1.645352095365524292e-01 -1.810585260391235352e-01 4.603500366210937500e-01
-1.941343843936920166e-01 -1.827786713838577271e-01 4.761534035205841064e-01
-1.927991211414337158e-01 -1.855070441961288452e-01 4.491430521011352539e-01
-2.326856106519699097e-01 -1.719177067279815674e-01 4.722219407558441162e-01
-1.993046104907989502e-01 -1.841943264007568359e-01 4.489166140556335449e-01
-1.968624144792556763e-01 -1.936308145523071289e-01 4.375647306442260742e-01
-1.988780796527862549e-01 -1.816938370466232300e-01 4.474969506263732910e-01
-1.742419898509979248e-01 -1.693288683891296387e-01 4.454113245010375977e-01
-1.995382606983184814e-01 -1.832156479358673096e-01 4.514213502407073975e-01
-1.890605092048645020e-01 -1.760703176259994507e-01 4.560483396053314209e-01
-1.910892128944396973e-01 -1.941324174404144287e-01 4.772950410842895508e-01
-1.840002983808517456e-01 -2.204879224300384521e-01 4.835055768489837646e-01
-1.800687313079833984e-01 -2.156431227922439575e-01 4.850839674472808838e-01
-2.283738255500793457e-01 -1.779608428478240967e-01 4.678144454956054688e-01
-1.893705725669860840e-01 -2.169767320156097412e-01 4.853909909725189209e-01
-1.671275198459625244e-01 -1.826467663049697876e-01 4.552601277828216553e-01
-2.296839952468872070e-01 -1.733568310737609863e-01 4.734592139720916748e-01
-1.873489022254943848e-01 -1.817992180585861206e-01 4.421985149383544922e-01
-2.013717144727706909e-01 -1.934978514909744263e-01 4.601510465145111084e-01
-2.099029272794723511e-01 -1.851446181535720825e-01 4.664561748504638672e-01
-2.128461897373199463e-01 -1.675178110599517822e-01 4.855341911315917969e-01
-2.136265188455581665e-01 -2.027295827865600586e-01 4.461917579174041748e-01
-2.040265053510665894e-01 -1.908896714448928833e-01 4.505970776081085205e-01
-2.135313600301742554e-01 -1.681841015815734863e-01 4.830246567726135254e-01
-1.963657587766647339e-01 -1.780131012201309204e-01 4.488163888454437256e-01
-2.136767804622650146e-01 -2.026597112417221069e-01 4.479569494724273682e-01
-2.125052958726882935e-01 -1.678565740585327148e-01 4.771687388420104980e-01
-1.936062574386596680e-01 -1.829227656126022339e-01 4.815104603767395020e-01
-1.912301480770111084e-01 -1.701099574565887451e-01 4.586775302886962891e-01
-2.134896516799926758e-01 -1.842634379863739014e-01 4.787339866161346436e-01
-1.869142353534698486e-01 -1.914243102073669434e-01 4.742337167263031006e-01
-1.753214448690414429e-01 -1.878019720315933228e-01 4.425000548362731934e-01
-1.971259713172912598e-01 -1.744481176137924194e-01 4.522542059421539307e-01
-1.984176337718963623e-01 -2.130057364702224731e-01 4.626125395298004150e-01
-2.277535349130630493e-01 -2.085647583007812500e-01 4.721007943153381348e-01
-2.084692120552062988e-01 -2.045577466487884521e-01 4.836934208869934082e-01
-2.005527615547180176e-01 -1.818928718566894531e-01 4.470748007297515869e-01
-1.993164271116256714e-01 -1.802045851945877075e-01 4.477470815181732178e-01
-1.852831393480300903e-01 -2.140854895114898682e-01 4.784049391746520996e-01
-1.697983145713806152e-01 -1.632959842681884766e-01 4.513903856277465820e-01
-1.819534003734588623e-01 -1.775444298982620239e-01 4.459992349147796631e-01
-1.970090121030807495e-01 -2.128164172172546387e-01 4.626554250717163086e-01
-2.107673436403274536e-01 -1.800405830144882202e-01 4.661398530006408691e-01
-2.306886762380599976e-01 -2.109969854354858398e-01 4.912093579769134521e-01
-1.964478343725204468e-01 -1.762341111898422241e-01 4.518313407897949219e-01
-2.363224923610687256e-01 -1.749345958232879639e-01 4.720674753189086914e-01
-1.908770948648452759e-01 -1.712633073329925537e-01 4.594299495220184326e-01
-2.152017354965209961e-01 -1.738128364086151123e-01 4.813467860221862793e-01
-2.130793929100036621e-01 -1.700941175222396851e-01 4.880700409412384033e-01
-2.110887765884399414e-01 -1.723031103610992432e-01 4.799676835536956787e-01
-2.186517119407653809e-01 -1.888888925313949585e-01 4.774737954139709473e-01
-2.125982940196990967e-01 -2.055831253528594971e-01 4.939466714859008789e-01
-2.127761244773864746e-01 -2.052276581525802612e-01 4.620069563388824463e-01
-2.313267439603805542e-01 -2.038215249776840210e-01 4.902190268039703369e-01
-1.613550633192062378e-01 -1.790183335542678833e-01 4.663211703300476074e-01
-2.269903719425201416e-01 -1.862842440605163574e-01 4.507886767387390137e-01
-1.910604238510131836e-01 -1.782618910074234009e-01 4.649409651756286621e-01
-1.972554326057434082e-01 -1.789630353450775146e-01 4.640463292598724365e-01
-2.335567027330398560e-01 -2.095156759023666382e-01 4.848485291004180908e-01
-2.088696360588073730e-01 -1.973925977945327759e-01 4.431978166103363037e-01
-2.289788424968719482e-01 -1.805207580327987671e-01 4.669051766395568848e-01
-2.073438614606857300e-01 -1.986837685108184814e-01 4.463727772235870361e-01
-1.719645857810974121e-01 -1.665410995483398438e-01 4.483532607555389404e-01
-2.302359193563461304e-01 -2.073747664690017700e-01 4.786208868026733398e-01
-1.905937045812606812e-01 -1.895077377557754517e-01 4.737694859504699707e-01
-2.120281159877777100e-01 -1.958347260951995850e-01 4.427707195281982422e-01
